Weights for each field: 
l1_icache: -7.228546e-06
cycles: 1.028743e-08
ins: -1.392367e-08
l2: 1.340435e-06
tlb_data: 4.883428e-08
l1_dcache: -1.063670e-06
tlb_ins: 1.121648e-04
l3: -8.076912e-07

----------------------------------------------------------------------------------------
File		Answer	Output	Error	Error%	L1_I%	Cycles%	Ins%	L2%  TLB_Data%	L1_D%  TLB_Ins%  L3%
----------------------------------------------------------------------------------------
pr_spmv		80.48	83.48	3.00	3.73	-10.12	580.68	-472.63	635.31	9.80	-649.83	31.21	-24.43
bc		    75.18	69.84	-5.34	7.10	-11.78	647.58	-555.24	455.77	7.72	-452.04	23.93	-15.94
cc		    70.11	77.92	7.81	11.15	-10.29	550.53	-477.78	301.82	5.03	-305.72	45.67	-9.26
tc		    184.23	185.24	1.02	0.55	-13.41	606.61	-671.07	530.65	3.00	-365.30	27.87	-18.34
l1_msr		147.55	142.21	-5.33	3.61	-0.63	63.35	-42.20	389.00	0.00	-307.33	1.16	-3.34
pr		    82.30	83.22	0.92	1.12	-10.68	592.07	-482.46	728.09	10.99	-738.30	29.35	-29.07
ins_msr		0.13	0.03	-0.11	80.80	-245.80	143.60	-120.21	152.14	0.33	-80.00	249.93	-0.00
err_bfs		0.86	0.93	0.07	7.80	-7887.	1894.40	-2336.	3999.38	7.43	-3125.2	7596.80	-48.71
err_sssp	1.98	1.88	-0.10	5.06	-4303.	1250.86	-1539.2	1888.91	3.71	-1666.9	4491.69	-25.76
l2_msr		257.85	275.19	17.34	6.73	-0.89	57.30	-34.77	341.12	0.00	-254.13	1.10	-9.74
cc_sv		74.01	59.16	-14.85	20.06	-13.46	748.21	-651.13	579.51	9.47	-592.95	40.86	-20.51
bfs		    70.36	73.01	2.65	3.77	-10.73	574.70	-508.85	323.65	5.33	-314.75	40.66	-10.01
sssp		83.33	91.23	7.90	9.48	-25.80	534.52	-466.00	356.50	5.11	-347.01	58.08	-15.40
tlb_msr		28.65	30.91	2.26	7.88	-1.17	60.03	-7.44	140.38	3.22	-111.89	17.03	-0.16
Mean error: 12.059
