------------------------------------------------------------------------------------------------------------------------------------------------------------------------------------------------------
File                 | Reading      | Prediction   | Error        | Error%       | L1_I%        | Stalls%      | Ins%         | L2%          | L1_D%        | TLB_I%       | L3           |
------------------------------------------------------------------------------------------------------------------------------------------------------------------------------------------------------
bc                   | 25532.09     | 29713.94     | 4181.85      | 16.38        | -0.04        | 69.36        | 23.93        | -0.22        | -1.75        | 1.57         | 7.15         |
cc_sv                | 26991.58     | 31815.40     | 4823.82      | 17.87        | -0.03        | 71.35        | 22.30        | -0.29        | -2.35        | 1.28         | 7.75         |
bfs                  | 3613.71      | 4464.04      | 850.33       | 23.53        | -0.04        | 64.85        | 33.97        | -0.16        | -1.36        | 1.64         | 1.10         |
cc                   | 4372.51      | 4478.83      | 106.32       | 2.43         | -0.04        | 64.79        | 33.98        | -0.16        | -1.38        | 1.59         | 1.22         |
pr                   | 31979.00     | 40121.89     | 8142.89      | 25.46        | -0.03        | 74.91        | 17.64        | -0.33        | -2.60        | 1.09         | 9.33         |
tc                   | 242004.06    | 266649.64    | 24645.57     | 10.18        | -0.03        | 49.92        | 47.17        | -0.20        | -1.19        | 0.55         | 3.79         |
sssp                 | 26513.86     | 31410.65     | 4896.79      | 18.47        | -0.04        | 70.83        | 23.56        | -0.19        | -1.54        | 2.13         | 5.27         |
pr_spmv              | 36345.25     | 46691.55     | 10346.30     | 28.47        | -0.03        | 75.75        | 15.67        | -0.37        | -2.90        | 0.97         | 10.91        |
------------------------------------------------------------------------------------------------------------------------------------------------------------------------------------------------------
Mean error: 17.849
