tc,27958355,55136498901,91383454899.00,742540432,99674790,687021038,733056,42657238,0.062,294.395,312.768
pr,10580165,28457551979,30771373556.00,532308882,141043793,665572310,478536,32331620,0.276,140.842,179.748
bfs,8652557,23828346261,28396782739.00,184726498,68832067,235977552,423769,8112741,-0.046,127.821,121.899
cc,5888978,23145467506,28075936508.00,178424086,66623855,232690413,370503,8834800,0.078,122.167,131.745
l2_msr,185955,8594004695,6883252854.00,701502278,112085,657353659,23354,35831092,-0.169,455.688,378.520
cc_sv,8799280,24371897621,29036222666.00,267573043,82905960,338617523,359189,15003943,-0.106,131.090,117.172
sssp,24542410,80331653053,63618570873.00,256669137,80464700,334147586,911917,17013256,0.066,357.738,381.467
bc,10783058,27001834320,30244030085.00,252535313,96207666,320507264,384746,13069612,-0.137,147.942,127.729
pr_spmv,9755519,27157019071,30424098686.00,395471241,112062185,518540918,457586,26661002,-0.191,141.253,114.248
tlb_msr,145858,1578262292,167634357.00,32201918,20565862,32573555,48335,100187,-0.008,49.293,48.890
l1_msr,98261,4597420395,4296215829.00,411990066,59847,411420496,17420,5608878,0.037,259.992,269.629
tc,27958355,55136498901,91383454899.00,742540432,99674790,687021038,733056,42657238,0.062,294.395,312.768
pr,10580165,28457551979,30771373556.00,532308882,141043793,665572310,478536,32331620,0.276,140.842,179.748
bfs,8652557,23828346261,28396782739.00,184726498,68832067,235977552,423769,8112741,-0.046,127.821,121.899
cc,5888978,23145467506,28075936508.00,178424086,66623855,232690413,370503,8834800,0.078,122.167,131.745
l2_msr,185955,8594004695,6883252854.00,701502278,112085,657353659,23354,35831092,-0.169,455.688,378.520
cc_sv,8799280,24371897621,29036222666.00,267573043,82905960,338617523,359189,15003943,-0.106,131.090,117.172
sssp,24542410,80331653053,63618570873.00,256669137,80464700,334147586,911917,17013256,0.066,357.738,381.467
bc,10783058,27001834320,30244030085.00,252535313,96207666,320507264,384746,13069612,-0.137,147.942,127.729
pr_spmv,9755519,27157019071,30424098686.00,395471241,112062185,518540918,457586,26661002,-0.191,141.253,114.248
tlb_msr,145858,1578262292,167634357.00,32201918,20565862,32573555,48335,100187,-0.008,49.293,48.890
l1_msr,98261,4597420395,4296215829.00,411990066,59847,411420496,17420,5608878,0.037,259.992,269.629
