pr_spmv
6801438.0
39206806337.0
29833892813.0
431979827.0
21685811.0
731947735.0
269117.0
8029061.0
70.50030499999411
l1_signal
523752.0
755131562.0
6011274215.0
53021580.0
5861.0
816596044.0
1882.0
7165.0
155.52801600001112
qs_signal
3218607.0
1114851465.0
78379167127.0
31179985.0
118266.0
196890210.0
56984.0
25406.0
767.6554559999931
mm_signal
175121118.0
193253245310.0
5372945453213.0
7139929049.0
195405506.0
127949082955.0
1630018.0
1920814.0
54987.41918900001
tlb_signal
219044.0
56766032.0
53510652.0
1186833.0
27520.0
1444286.0
18199.0
23407.0
0
bc
6629439.0
38549548063.0
28190799138.0
265301453.0
50049174.0
387049752.0
294113.0
14771574.0
59.07330300000467
l2_signal
4957646.0
5902347233.0
67776538981.0
428043171.0
5872496.0
6554621486.0
61254.0
1892048.0
1584.4711910000042
pr
6232057.0
38352109177.0
30266392220.0
531664222.0
21590072.0
977967790.0
287194.0
10355797.0
63.90863000000536
bfs
5722152.0
34351954000.0
26414277665.0
147295250.0
21402274.0
226071625.0
273759.0
2132802.0
58.10077000000456
cc
5983212.0
35174370046.0
27224188410.0
145845253.0
21404667.0
219623151.0
294286.0
2980406.0
62.333557000005385
tc
36003773.0
86406342478.0
151770836453.0
1191499544.0
55214321.0
1047827747.0
2223741.0
20170566.0
204.4873660000012
sssp
8104387.0
46800889682.0
30515271863.0
243935703.0
25789105.0
349595646.0
515211.0
10499671.0
71.82690499999444
cc_sv
5699492.0
35432082791.0
28015944346.0
238921513.0
20568453.0
436477842.0
336694.0
6787814.0
57.706908999993175
;