60824.496765
60827.978943
60831.470825
60835.049438
60838.623169
60842.197083
60845.774719
60849.352661
60852.938660
60856.516724
60860.112549
60863.703369
60867.288879
60870.873352
60874.444946
60878.018555
60881.599243
60885.122070
60888.706665
60892.276978
60895.849121
60899.441833
60903.037781
60906.622864
60910.204712
60913.782776
60917.365662
60920.944946
60924.528015
60928.104553
60931.685852
60935.275879
60938.867188
60942.446594
60945.949890
60949.594482
60953.098145
60956.698853
60960.279907
60963.867981
60967.435913
60971.023193
60974.589844
60978.166199
60981.745728
60985.340698
60988.835938
60992.320679
60995.804138
60999.385376
61002.984314
61006.577881
61010.168274
61013.760132
61017.342529
61020.924194
61024.452454
61028.042053
61031.624634
61035.201172
61038.771851
61042.268127
61045.751831
61049.237793
61052.772339
61056.261108
61059.747803
61063.286804
61066.873352
61070.457764
61074.033997
61077.618774
61081.204285
61084.730835
61088.315552
61091.927429
61095.498718
61099.073853
61102.665344
61106.247681
61109.829834
61113.411316
61116.993286
61120.569031
61124.149597
61127.733643
61131.325500
61134.913940
61138.501648
61142.091064
61145.674561
61149.255859
61152.788574
61156.369690
61159.945068
61163.525085
61167.102295
61170.700684
61174.279663
61177.862366
61181.441345
61185.021057
61188.605103
61192.184937
61195.760498
61199.343994
61202.924133
61206.507263
61210.091553
61213.668884
61217.187622
61220.763977
61224.342712
61227.928101
61231.501404
61235.080505
61238.670288
61242.261475
61245.834900
61249.420959
61253.002197
61256.587830
61260.169983
61263.743652
61267.317627
61270.903687
61274.486145
61278.060242
61281.640625
61285.166016
61288.743652
61292.316040
61295.892822
61299.461975
61303.047729
61306.620239
61310.204102
61313.780029
61317.364807
61320.952454
61324.532776
61328.112915
61331.690857
61335.276306
61338.851196
61342.434387
61345.961304
61349.536377
61353.164429
61356.690186
61360.270691
61363.842285
61367.426331
61371.013000
61374.610840
61378.180054
61381.766724
61385.352600
61388.934448
61392.516907
61396.104126
61399.689697
61403.276062
61406.857483
61410.438049
61413.949036
61417.552429
61421.136536
61424.712769
61428.292969
61431.861206
61435.439392
61439.029846
61442.607544
61446.180664
61449.754150
61453.338745
61456.916077
61460.496643
61464.080750
61467.659607
61471.237000
61474.807251
61478.395874
61481.913330
61485.491577
61489.080505
61492.656982
61496.239685
61499.817871
61503.401672
61506.993103
61510.575378
61514.149658
61517.733154
61521.313416
61524.902771
61528.482910
61532.061462
61535.644592
61539.237244
61542.819092
61546.397888
61549.979492
61553.507324
61557.089417
61560.666687
61564.248962
61567.831177
61571.410400
61575.002258
61578.588135
61582.174438
61585.756897
61589.344299
61592.930298
61596.528320
61600.115906
61603.708557
61607.292480
61610.874084
61614.382446
61618.033325
61621.557007
61625.145630
61628.721375
61632.295044
61635.872925
61639.450378
61643.040161
61646.622375
61650.196228
61653.782166
61657.366455
61660.950623
61664.529541
61668.107361
61671.690186
61675.273804
61678.854248
61682.439697
61686.012939
61689.541931
61693.117737
61696.692749
61700.268311
61703.846924
61707.437622
61711.002441
61714.588623
61718.173950
61721.754150
61725.345764
61728.927307
61732.518860
61736.096313
61739.676514
61743.252625
61746.825134
61750.402161
61753.925781
61757.500977
61761.074585
61764.653137
61768.233093
61771.820984
61775.399231
61778.958008
61782.541809
61786.123474
61789.701782
61793.279236
61796.860474
61800.434448
61804.017029
61807.595459
61811.185730
61814.761902
61818.289917
61821.873169
61825.446045
61829.027466
61832.605347
61836.181946
61839.760254
61843.340637
61846.919678
61850.498596
61854.083923
61857.662354
61861.233459
61864.809875
61868.387695
61871.966003
61875.544800
61879.128662
61882.718384
61886.252136
61889.825745
61893.416504
61897.001526
61900.585266
61904.174927
61907.778198
61911.355164
61914.941833
61918.544006
61922.134766
61925.725403
61929.329407
61932.922729
61936.504578
61940.094238
61943.677063
61947.275513
61950.787048
61954.391296
61957.987793
61961.572144
61965.152771
61968.736633
61972.335205
61975.911560
61979.506531
61983.088074
61986.681763
61990.276062
61993.867615
61997.452454
62001.034851
62004.619568
62008.201843
62011.788452
62015.369324
62018.953613
62022.489380
62026.080017
62029.663086
62033.241821
62036.830017
62040.432007
62044.033142
62047.615662
62051.217468
62054.802917
62058.388123
62061.980896
62065.568359
62069.159241
62072.743164
62076.332825
62079.927551
62083.520020
62087.035156
62090.652039
62094.228943
62097.819092
62101.409607
62105.002136
62108.595337
62112.192505
62115.770325
62119.361511
62122.956299
62126.536987
62130.130066
62133.726013
62137.314148
62140.826599
62144.493164
62148.080627
62151.665649
62155.249268
62158.779297
62162.353027
62165.929443
62169.496460
62173.085144
62176.675781
62180.245605
62183.833008
62187.437744
62191.050354
62194.638672
62198.225281
62201.820862
62205.406738
62208.999573
62212.588074
62216.099121
62219.681396
62223.282837
62226.864685
62230.444641
62234.029663
62237.604492
62241.199768
62244.780396
62248.355896
62251.940552
62255.523987
62259.104797
62262.690430
62266.283569
62269.870667
62273.448242
62277.027283
62280.609253
62284.186646
62287.712830
62291.292419
62294.872314
62298.468445
62302.056824
62305.644165
62309.236145
62312.824768
62316.408020
62319.989868
62323.587891
62327.170410
62330.760437
62334.342102
62337.926392
62341.510925
62345.099792
62348.690796
62352.212708
62355.865173
62359.399414
62362.976135
62366.565002
62370.149048
62373.728394
62377.317627
62380.910767
62384.493896
62388.084167
62391.663818
62395.255188
62398.826477
62402.413269
62405.996521
62409.583435
62413.173279
62416.752075
62420.281128
62423.861267
62427.446167
62431.024780
62434.607483
62438.199158
62441.784973
62445.379578
62448.952271
62452.541870
62456.125183
62459.706177
62463.289856
62466.867188
62470.449280
62474.032410
62477.617310
62481.204163
62484.779358
62488.291016
62491.885315
62495.465820
62499.047058
62502.622070
62506.204956
62509.791565
62513.382996
62516.967651
62520.554749
62524.143005
62527.731873
62531.310974
62534.894348
62538.479797
62542.057495
62545.641846
62549.154114
62552.752197
62556.335571
62559.923218
62563.516418
62567.103821
62570.681458
62574.268433
62577.873596
62581.448120
62585.034241
62588.616699
62592.203857
62595.781982
62599.368958
62602.954956
62606.538330
62610.132385
62613.719849
62617.234192
62620.838135
62624.425476
62628.002136
62631.586243
62635.169556
62638.756775
62642.353699
62645.943665
62649.541687
62653.138672
62656.723816
62660.307129
62663.898438
62667.479675
62671.066772
62674.645996
62678.229248
62681.815430
62685.408630
62688.994873
62692.521851
62696.105530
62699.684998
62703.273621
62706.866882
62710.470947
62714.048584
62717.634521
62721.232483
62724.822754
62728.406311
62731.989929
62735.578613
62739.168762
62742.755554
62746.355042
62749.934631
62753.469971
62757.039368
62760.652710
62764.236267
62767.822571
62771.418091
62775.019287
62778.592407
62782.192627
62785.780640
62789.364441
62792.943176
62796.536255
62800.121155
62803.710510
62807.287354
62810.879456
62814.466553
62818.051208
62821.581482
62825.164734
62828.746948
62832.326355
62835.920837
62839.507690
62843.095947
62846.684387
62850.277222
62853.861511
62857.448547
62861.041199
62864.633667
62868.227478
62871.815186
62875.401978
62878.983093
62882.570251
62886.083191
62889.690491
62893.270935
62896.858215
62900.449219
62904.031799
62907.627991
62911.213867
62914.804260
62918.383301
62921.972046
62925.569397
62929.156860
62932.742798
62936.328003
62939.915283
62943.493103
62947.079956
62950.668762
62954.182129
62957.785156
62961.367493
62964.959534
62968.540344
62972.122375
62975.724731
62979.306335
62982.890564
62986.485840
62990.080933
62993.675537
62997.267090
63000.845459
63004.429016
63008.011780
63011.598022
63015.183044
63018.767517
63022.280212
63025.934326
63029.458130
63033.039795
63036.620605
63040.198242
63043.799377
63047.385559
63050.954773
63054.544983
63058.130005
63061.710815
63065.303406
63068.887573
63072.480347
63076.065674
63079.654602
63083.233582
63086.825989
63090.412598
63093.939392
63097.512756
63101.102661
63104.683960
63108.269592
63111.870117
63115.450378
63119.033203
63122.620972
63126.203247
63129.791199
63133.372986
63136.958069
63140.467651
63144.126953
63147.719543
63151.306030
63154.893982
63158.480774
63162.068298
63165.598145
63169.195435
63172.782410
63176.366028
63179.956360
63183.554443
63187.150879
63190.754639
63194.343445
63197.946533
63201.539124
63205.139893
63208.722168
63212.304626
63215.898132
63219.497498
63223.018188
63226.621033
63230.208496
63233.799438
63237.393250
63240.986572
63244.581299
63248.181213
63251.784363
63255.374817
63258.966858
63262.554443
63266.132935
63269.717102
63273.310730
63276.906006
63280.493286
63284.073792
63287.662292
63291.210388
63294.849182
63298.372070
63301.960571
63305.544617
63309.130859
63312.726257
63316.313049
63319.907471
63323.507385
63327.098938
63330.701172
63334.291992
63337.880920
63341.466064
63345.063538
63348.654358
63352.169739
63355.835754
63359.357422
63362.940796
63366.528992
63370.107971
63373.713074
63377.288574
63380.871582
63384.457703
63388.054749
63391.642639
63395.235657
63398.822327
63402.416687
63405.996460
63409.585388
63413.173645
63416.767761
63420.307129
63423.901428
63427.488037
63431.071899
63434.662048
63438.246460
63441.835327
63445.426880
63449.014343
63452.599304
63456.188904
63459.777588
63463.367065
63466.955688
63470.543396
63474.134949
63477.728455
63481.317871
63484.901917
63488.430908
63492.015442
63495.599243
63499.176331
63502.753906
63506.346008
63509.932861
63513.521729
63517.116699
63520.709167
63524.300720
63527.887817
63531.470032
63535.059814
63538.642639
63542.240173
63545.825562
63549.359314
63552.995056
63556.532104
63560.118896
63563.705078
63567.285339
63570.869324
63574.465698
63578.066528
63581.652893
63585.246704
63588.840210
63592.429993
63596.018311
63599.604614
63603.194641
63606.783569
63610.374939
63613.955688
63617.539917
63621.055542
63624.653442
63628.245728
63631.826904
63635.422791
63639.006226
63642.603333
63646.186096
63649.777771
63653.368835
63656.965820
63660.560364
63664.143005
63667.729126
63671.319946
63674.912537
63678.505798
63682.095581
63685.678223
63689.258484
63692.788330
63696.383850
63699.966125
63703.543396
63707.131042
63710.719055
63714.310364
63717.895508
63721.480896
63725.066650
63728.654846
63732.240540
63735.821655
63739.405518
63742.997986
63746.580139
63750.160767
63753.741150
63757.250122
63760.862366
63764.439087
63768.017578
63771.603882
63775.172852
63778.754578
63782.340149
63785.927307
63789.511108
63793.015503
63796.672363
63800.265320
63803.853577
63807.439575
63811.021118
63814.599976
63818.182312
63821.768860
63825.359375
63828.878296
63832.471436
63836.061829
63839.642395
63843.224915
63846.809998
63850.399536
63853.985107
63857.573303
63861.165161
63864.755188
63868.343140
63871.926880
63875.504517
63879.093933
63882.685364
63886.272644
63889.861511
63893.450928
63897.034485
63900.567871
63904.151062
63907.725342
63911.302979
63914.886536
63918.466919
63922.061890
63925.641968
63929.233704
63932.815063
63936.402344
63939.988708
63943.581604
63947.162476
63950.747925
63954.333191
63957.924194
63961.510071
63965.099304
63968.629333
63972.211853
63975.790344
63979.374695
63982.957642
63986.540344
63990.146118
63993.723328
63997.309143
64000.897766
64004.485107
64008.068848
64011.657410
64015.234741
64018.818726
64022.402100
64025.996765
64029.525513
64033.108521
64036.688232
64040.264343
64043.853943
64047.431580
64051.035095
64054.608459
64058.197937
64061.781555
64065.364380
64068.956482
64072.539246
64076.125610
64079.714294
64083.302490
64086.885742
64090.470886
64094.058533
64097.636658
64101.169983
64104.747437
64108.325012
64111.914734
64115.494202
64119.083496
64122.666748
64126.247986
64129.835022
64133.417236
64136.997681
64140.581970
64144.165955
64147.742981
64151.336426
64154.913086
64158.497131
64162.007385
64165.592346
64169.199402
64172.782837
64176.368774
64179.946350
64183.529236
64187.124634
64190.691711
64194.285950
64197.867615
64201.450195
64205.030090
64208.615845
64212.194214
64215.787476
64219.379700
64222.965210
64226.553101
64230.128784
64233.713074
64237.240601
64240.808777
64244.397461
64247.977966
64251.554504
64255.146973
64258.744751
64262.323364
64265.913025
64269.490356
64273.072571
64276.660645
64280.248596
64283.836304
64287.419800
64291.000610
64294.581970
64298.164612
64301.686768
64305.270142
64308.844971
64312.433044
64316.022461
64319.615356
64323.193115
64326.772949
64330.356445
64333.949402
64337.532532
64341.113037
64344.700562
64348.283203
64351.858887
64355.446777
64359.030640
64362.554626
64366.141174
64369.717529
64373.289795
64376.875549
64380.458252
64384.039551
64387.618286
64391.200500
64394.782532
64398.363342
64401.954590
64405.533508
64409.110535
64412.699890
64416.287903
64419.869568
64423.452637
64427.037598
64430.543091
64434.132507
64437.723694
64441.308350
64444.890625
64448.483337
64452.065247
64455.578186
64459.237366
64462.827942
64466.407776
64469.998108
64473.579956
64477.160950
64480.740967
64484.326782
64487.910156
64491.490967
64495.077515
64498.661621
64502.168579
64505.765442
64509.353882
64512.943604
64516.539551
64520.137756
64523.720886
64527.300171
64530.896667
64534.483215
64538.067627
64541.647705
64545.225769
64548.812927
64552.396851
64555.980957
64559.573547
64563.158630
64566.688293
64570.288025
64573.866211
64577.455566
64581.030823
64584.625000
64588.213684
64591.800537
64595.391296
64598.974976
64602.558289
64606.137573
64609.725769
64613.303223
64616.899719
64620.481567
64624.062805
64627.643433
64631.226868
64634.749817
64638.350342
64641.922058
64645.505859
64649.098022
64652.677368
64656.253174
64659.845886
64663.426758
64667.007324
64670.591553
64674.180359
64677.763000
64681.346191
64684.935120
64688.530579
64692.126892
64695.711304
64699.301514
64702.818054
64706.410095
64709.993652
64713.576233
64717.162781
64720.754761
64724.332947
64727.924622
64731.518677
64735.114258
64738.698120
64742.290161
64745.878357
64749.468140
64753.056152
64756.643127
64760.227844
64763.810608
64767.332458
64770.993347
64774.522217
64778.119019
64781.696777
64785.287537
64788.875977
64792.461609
64796.058838
64799.648071
64803.231079
64806.818909
64810.406372
64813.997192
64817.589661
64821.178894
64824.767578
64828.358643
64831.946716
64835.480957
64839.066284
64842.657349
64846.241394
64849.831604
64853.433105
64857.024109
64860.610962
64864.209290
64867.799133
64871.381409
64874.976685
64878.567627
64882.160950
64885.756836
64889.349243
64892.943115
64896.459290
64900.066772
64903.657898
64907.253540
64910.830505
64914.430542
64918.015808
64921.610962
64925.200562
64928.779663
64932.371155
64935.968567
64939.566223
64943.153564
64946.744873
64950.341125
64953.939941
64957.528381
64961.124268
64964.658081
64968.255615
64971.849548
64975.445374
64979.028564
64982.624573
64986.218872
64989.786743
64993.371216
64996.966675
65000.554565
65004.140381
65007.724854
65011.314636
65014.908752
65018.491333
65022.070190
65025.651001
65029.185242
65032.820557
65036.353943
65039.931458
65043.519104
65047.099182
65050.693054
65054.275574
65057.860596
65061.451172
65065.039246
65068.625793
65072.216675
65075.804932
65079.386841
65082.984741
65086.569824
65090.159607
65093.686279
65097.269470
65100.846436
65104.434265
65108.016052
65111.611084
65115.199158
65118.790588
65122.380432
65125.969299
65129.486389
65133.144348
65136.726379
65140.315979
65143.904358
65147.491333
65151.080322
65154.668884
65158.260437
65161.851929
65165.369324
65168.967651
65172.545654
65176.134949
65179.722290
65183.321045
65186.898254
65190.489319
65194.083557
65197.674561
65201.266418
65204.861450
65208.457886
65212.053467
65215.648010
65219.242859
65222.840759
65226.426514
65230.015442
65233.561523
65237.148987
65240.739136
65244.338745
65247.921509
65251.524475
65255.126892
65258.713501
65262.307495
65265.902161
65269.500244
65273.086731
65276.675415
65280.252991
65283.851318
65287.440186
65291.037659
65294.633728
65298.220825
65301.809082
65305.338501
65308.923767
65312.504395
65316.082947
65319.674988
65323.266724
65326.857544
65330.444824
65334.039001
65337.638672
65341.226013
65344.813049
65348.399048
65351.986145
65355.585632
65359.177612
65362.773682
65366.363586
65369.898193
65373.490540
65377.085632
65380.667114
65384.255432
65387.849365
65391.442261
65395.032654
65398.631775
65402.217651
65405.813721
65409.411560
65412.988892
65416.576477
65420.178406
65423.763977
65427.358887
65430.946411
65434.480408
65438.060486
65441.649048
65445.231323
65448.822021
65452.400513
65455.924133
65459.576294
65463.166077
65466.752136
65470.332886
65473.920715
65477.504089
65481.087708
65484.665710
65488.249695
65491.840149
65495.421021
65499.004700
65502.541321
65506.121338
65509.700134
65513.285095
65516.869812
65520.443542
65524.030518
65527.609375
65531.205017
65534.792236
65538.388916
65541.983704
65545.570068
65549.159790
65552.745789
65556.334534
65559.935364
65563.525879
65567.115784
65570.704285
65574.216980
65577.816345
65581.415894
65585.004089
65588.591187
65592.175171
65595.767029
65599.354004
65602.956482
65606.547546
65610.136475
65613.732056
65617.319824
65620.906067
65624.492676
65628.087219
65631.682678
65635.278870
65638.812317
65642.400513
65645.986267
65649.579529
65653.159119
65656.756592
65660.356140
65663.952148
65667.559326
65671.169800
65674.760010
65678.369385
65681.963745
65685.563843
65689.147888
65692.740479
65696.340454
65699.922363
65703.515564
65707.051270
65710.636963
65714.224121
65717.813965
65721.397156
65724.986267
65728.592773
65732.175049
65735.762024
65739.350647
65742.941895
65746.534668
65750.123352
65753.716614
65757.308105
65760.893494
65764.487671
65768.083313
65771.612244
65775.208130
65778.801270
65782.390381
65785.974121
65789.560669
65793.149841
65796.742554
65800.330750
65803.919800
65807.513855
65811.105591
65814.693726
65818.291321
65821.874878
65825.464294
65829.049500
65832.632629
65836.225403
65839.818970
65843.360718
65846.950684
65850.541138
65854.134033
65857.727905
65861.321655
65864.915283
65868.505127
65872.092346
65875.674805
65879.264893
65882.851807
65886.435913
65890.027588
65893.608643
65897.191528
65900.786621
65904.371338
65907.957764
65911.494690
65915.081848
65918.667542
65922.246948
65925.842407
65929.435608
65933.023376
65936.623962
65940.208496
65943.792969
65947.383850
65950.975098
65954.561279
65958.147827
65961.736328
65965.321411
65968.913208
65972.500305
65976.089661
65979.678223
65983.256226
65986.793152
65990.378357
65993.959900
65997.546082
66001.150024
66004.723206
66008.317688
66011.900085
66015.490967
66019.082825
66022.676880
66026.268555
66029.864868
66033.460327
66037.048401
66040.641602
66044.237610
66047.758240
66051.372070
66054.956177
66058.553223
66062.139954
66065.724365
66069.315613
66072.907104
66076.492554
66080.091614
66083.673584
66087.273682
66090.872009
66094.462402
66098.050598
66101.636536
66105.234192
66108.825012
66112.410156
66116.001587
66119.509033
66123.096680
66126.697693
66130.283264
66133.870850
66137.454468
66141.045227
66144.632996
66148.225281
66151.812378
66155.400208
66158.987427
66162.576050
66166.167603
66169.746155
66173.343628
66176.931885
66180.520813
66184.105957
66187.619385
66191.216248
66194.807312
66198.398926
66201.990723
66205.598022
66209.193848
66212.774292
66216.367676
66219.950989
66223.546753
66227.137939
66230.737305
66234.329224
66237.930115
66241.524292
66245.113647
66248.705139
66252.301208
66255.834167
66259.431335
66263.020386
66266.609802
66270.218079
66273.810364
66277.413635
66281.004089
66284.597961
66288.187927
66291.776062
66295.367859
66298.961914
66302.556274
66306.149475
66309.737366
66313.325378
66316.906738
66320.486816
66324.012878
66327.600342
66331.186218
66334.777527
66338.363464
66341.950806
66345.544250
66349.134399
66352.732788
66356.332520
66359.927979
66363.518372
66367.107849
66370.696167
66374.288330
66377.881042
66381.475586
66385.070740
66388.593140
66392.177368
66395.791992
66399.376038
66402.968872
66406.564636
66410.160217
66413.739868
66417.334106
66420.931458
66424.522217
66428.109375
66431.701904
66435.290283
66438.874451
66442.466675
66446.065613
66449.661682
66453.253235
66456.850403
66460.388550
66463.976746
66467.579834
66471.162476
66474.764221
66478.339844
66481.930603
66485.515015
66489.100647
66492.696960
66496.288696
66499.879944
66503.472412
66507.063721
66510.597717
66514.254700
66517.846436
66521.442932
66525.031189
66528.617004
66532.158020
66535.755005
66539.334045
66542.925659
66546.512146
66550.109741
66553.692444
66557.291382
66560.888733
66564.472534
66568.069641
66571.656433
66575.248291
66578.834900
66582.427734
66586.021179
66589.604065
66593.188843
66596.714172
66600.303284
66603.888794
66607.470764
66611.057129
66614.643494
66618.234375
66621.819519
66625.399231
66628.983276
66632.570312
66636.154419
66639.735535
66643.318359
66646.897339
66650.483032
66654.066895
66657.654724
66661.247070
66664.830139
66668.336731
66671.938110
66675.523193
66679.108765
66682.691162
66686.290894
66689.885254
66693.449951
66697.038818
66700.622864
66704.203369
66707.790771
66711.378479
66714.960571
66718.546753
66722.138123
66725.720886
66729.304749
66732.897278
66736.426208
66740.013245
66743.595093
66747.171875
66750.755920
66754.348511
66757.937500
66761.518311
66765.107544
66768.697144
66772.277344
66775.865234
66779.445740
66783.029236
66786.613708
66790.193604
66793.777222
66797.362305
66800.903198
66804.490723
66808.071106
66811.648315
66815.237427
66818.816589
66822.400146
66825.983521
66829.574524
66833.156372
66836.741150
66840.321350
66843.832214
66847.483337
66851.077454
66854.657837
66858.242004
66861.830444
66865.424988
66869.007263
66872.518494
66876.115112
66879.696594
66883.280640
66886.870789
66890.463501
66894.057495
66897.645081
66901.232788
66904.812805
66908.399353
66911.985962
66915.569031
66919.163269
66922.750305
66926.343750
66929.925781
66933.514771
66937.101379
66940.686035
66944.225464
66947.798584
66951.390869
66954.979248
66958.578857
66962.178650
66965.753784
66969.335327
66972.916138
66976.514404
66980.098328
66983.699768
66987.292969
66990.876709
66994.470459
66998.055969
67001.641113
67005.224182
67008.732544
67012.319702
67015.907776
67019.494080
67023.076721
67026.666077
67030.253967
67033.837524
67037.432495
67041.021118
67044.606873
67048.200867
67051.793640
67055.380859
67058.981140
67062.565491
67066.155457
67069.746094
67073.344177
67076.932434
67080.459900
67084.049866
67087.640198
67091.234375
67094.847961
67098.435425
67102.026428
67105.611145
67109.195129
67112.777893
67116.356995
67119.948669
67123.532410
67127.125854
67130.705688
67134.295166
67137.882629
67141.465271
67145.006897
67148.593262
67152.176758
67155.770142
67159.361145
67162.947571
67166.539795
67170.138916
67173.748169
67177.341736
67180.946106
67184.536743
67188.140808
67191.735718
67195.322083
67198.918823
67202.510681
67206.101990
67209.698853
67213.230286
67216.816101
67220.409058
67223.988892
67227.576782
67231.165222
67234.770203
67238.360596
67241.959473
67245.567627
67249.162842
67252.766846
67256.364380
67259.958557
67263.554443
67267.145447
67270.743469
67274.288696
67277.940308
67281.467590
67285.076904
67288.662170
67292.255859
67295.857422
67299.460876
67303.068176
67306.665894
67310.260010
67313.853333
67317.448425
67321.043091
67324.632202
67328.245117
67331.847046
67335.440918
67339.030457
67342.620117
67346.157959
67349.738586
67353.350769
67356.938599
67360.524475
67364.108643
67367.706116
67371.292419
67374.895203
67378.491638
67382.082031
67385.682861
67389.269775
67392.859802
67396.446350
67400.035522
67403.636047
67407.226196
67410.817871
67414.354614
67417.955261
67421.549011
67425.140381
67428.730591
67432.333252
67435.924133
67439.518433
67443.110291
67446.714478
67450.324097
67453.916748
67457.521057
67461.113220
67464.711060
67468.314026
67471.908997
67475.459595
67479.057251
67482.657898
67486.255371
67489.852051
67493.473145
67497.079346
67500.680176
67504.291321
67507.878235
67511.461853
67515.057495
67518.643799
67522.241882
67525.830383
67529.417969
67533.005676
67536.530823
67540.197449
67543.792542
67547.326599
67550.911316
67554.498047
67558.083618
67561.687866
67565.273926
67568.866211
67572.457275
67576.048035
67579.639832
67583.230530
67586.819214
67590.421448
67594.021179
67597.606445
67601.195923
67604.740173
67608.388855
67611.920776
67615.500122
67619.084351
67622.665039
67626.267151
67629.853943
67633.444031
67637.040222
67640.622070
67644.214417
67647.800842
67651.378296
67654.962219
67658.553650
67662.153870
67665.742310
67669.348083
67672.930176
67676.510315
67680.042358
67683.624023
67687.208862
67690.792358
67694.390381
67697.994019
67701.573669
67705.162598
67708.748474
67712.340576
67715.930969
67719.524414
67723.104675
67726.705566
67730.291382
67733.896301
67737.498291
67741.090393
67744.607239
67748.212036
67751.807861
67755.399963
67758.996826
67762.605042
67766.204224
67769.798462
67773.399292
67776.987488
67780.585144
67784.182312
67787.773499
67791.372803
67794.975342
67798.559937
67802.153564
67805.752502
67809.266418
67812.865845
67816.446045
67820.032166
67823.612732
67827.199280
67830.792603
67834.379883
67837.972656
67841.555969
67845.150269
67848.741089
67852.334900
67855.928162
67859.528564
67863.113770
67866.704102
67870.297180
67873.887024
67877.471130
67881.004089
67884.585388
67888.169861
67891.752869
67895.330933
67898.905396
67902.496033
67906.110413
67909.706604
67913.303284
67916.903442
67920.503967
67924.086426
67927.690857
67931.282837
67934.887146
67938.475708
67942.066101
67945.646606
67949.246033
67952.762573
67956.359558
67959.942566
67963.523987
67967.111816
67970.701050
67974.287659
67977.878113
67981.460510
67985.048279
67988.631409
67992.221313
67995.799988
67999.390320
68002.975037
68006.557922
68010.134460
68013.727539
68017.313538
68020.895081
68024.430481
68028.023560
68031.609253
68035.194885
68038.788208
68042.368103
68045.955505
68049.550049
68053.134033
68056.729309
68060.316956
68063.898621
68067.488220
68071.068237
68074.652649
68078.244019
68081.835571
68085.417419
68088.945984
68092.528870
68096.107544
68099.698303
68103.288696
68106.877991
68110.468262
68114.060730
68117.645386
68121.231262
68124.827087
68128.413818
68131.999451
68135.586731
68139.185608
68142.762146
68146.352417
68149.942932
68153.465820
68157.052063
68160.644104
68164.227722
68167.812561
68171.413452
68175.003174
68178.592957
68182.177185
68185.775574
68189.363647
68192.957458
68196.553650
68200.140564
68203.728821
68207.327087
68210.919250
68214.513062
68218.044678
68221.628784
68225.223450
68228.812195
68232.400391
68235.984070
68239.570862
68243.160278
68246.758240
68250.353577
68253.945618
68257.543091
68261.135681
68264.723450
68268.312378
68271.914185
68275.496460
68279.081177
68282.668701
68286.253967
68289.784363
68293.368225
68296.966614
68300.554016
68304.154053
68307.740967
68311.339905
68314.934631
68318.516846
68322.115601
68325.705078
68329.297424
68332.887756
68336.474731
68340.074524
68343.664246
68347.250427
68350.834290
68354.368652
68357.963623
68361.545898
68365.147278
68368.744751
68372.335144
68375.927673
68379.525085
68383.113403
68386.710266
68390.298584
68393.821289
68397.486511
68401.073181
68404.666016
68408.246521
68411.834290
68415.419922
68418.951355
68422.542053
68426.112976
68429.698242
68433.288147
68436.872070
68440.451721
68444.031189
68447.613525
68451.203918
68454.798218
68458.380127
68461.976379
68465.564148
68469.147339
68472.732544
68476.315735
68479.899170
68483.484009
68486.995178
68490.596497
68494.170349
68497.750549
68501.329773
68504.918091
68508.508240
68512.090332
68515.688354
68519.277710
68522.871826
68526.455688
68530.040405
68533.621155
68537.218384
68540.804688
68544.392456
68547.977783
68551.567200
68555.151550
68558.683044
68562.265076
68565.856995
68569.446228
68573.041565
68576.630005
68580.221680
68583.809143
68587.396118
68590.980774
68594.564392
68598.142639
68601.730713
68605.317993
68608.913757
68612.500671
68616.084473
68619.608521
68623.198303
68626.782410
68630.364685
68633.949890
68637.546082
68641.134277
68644.708740
68648.303894
68651.891235
68655.479248
68659.064697
68662.653076
68666.241150
68669.828857
68673.415039
68677.010864
68680.594727
68684.110474
68687.720642
68691.301941
68694.889343
68698.468872
68702.058472
68705.651123
68709.241882
68712.839294
68716.417664
68720.009094
68723.602295
68727.192444
68730.777832
68734.363892
68737.948792
68741.535034
68745.125122
68748.709473
68752.231018
68755.836792
68759.427124
68763.010620
68766.600159
68770.188232
68773.775696
68777.365723
68780.952820
68784.544434
68788.137329
68791.728516
68795.304932
68798.901794
68802.479431
68806.073792
68809.660706
68813.251709
68816.832581
68820.421509
68823.960693
68827.561584
68831.149353
68834.747559
68838.336609
68841.933105
68845.532349
68849.135864
68852.727844
68856.332642
68859.942444
68863.534363
68867.054993
68870.710632
68874.291016
68877.882874
68881.479431
68885.077881
68888.668701
68892.203125
68895.787292
68899.386230
68902.962524
68906.546814
68910.129395
68913.730103
68917.328979
68920.925415
68924.512756
68928.106873
68931.694763
68935.287781
68938.880249
68942.473877
68946.076172
68949.669312
68953.187927
68956.774597
68960.383972
68963.969543
68967.561584
68971.143250
68974.737183
68978.336914
68981.921997
68985.517944
68989.104004
68992.688354
68996.281494
68999.863342
69003.449829
69007.033630
69010.613220
69014.195312
69017.778076
69021.291138
69024.891968
69028.483459
69032.056213
69035.635559
69039.228455
69042.807495
69046.391724
69049.979736
69053.564697
69057.161194
69060.738342
69064.327637
69067.916443
69071.504578
69075.089478
69078.680176
69082.261719
69085.854248
69089.382080
69092.962280
69096.550293
69100.149780
69103.741272
69107.327881
69110.930115
69114.508545
69118.092590
69121.673767
69125.260376
69128.843750
69132.432800
69136.024475
69139.610535
69143.205200
69146.795654
69150.381775
69153.971558
69157.492065
69161.093933
69164.677856
69168.252319
69171.847900
69175.432556
69179.014954
69182.610107
69186.202515
69189.796326
69193.389343
69196.970276
69200.554871
69204.143738
69207.736206
69211.327454
69214.922363
69218.518860
69222.117188
69225.702271
69229.216187
69232.827271
69236.411377
69240.000183
69243.588196
69247.177124
69250.746765
69254.337769
69257.850403
69261.516846
69265.108215
69268.690918
69272.281189
69275.873352
69279.465027
69283.045471
69286.636658
69290.229736
69293.820435
69297.358276
69300.935669
69304.522461
69308.111206
69311.695618
69315.283630
69318.864807
69322.450500
69326.037048
69329.617798
69333.202271
69336.787476
69340.372864
69343.963013
69347.546387
69351.124512
69354.711121
69358.303040
69361.836792
69365.421692
69369.004639
69372.591309
69376.166870
69379.754578
69383.340088
69386.946106
69390.531799
69394.125854
69397.719604
69401.307068
69404.886414
69408.474915
69412.063171
69415.653198
69419.246643
69422.832458
69426.426697
69429.959534
69433.546143
69437.132629
69440.717346
69444.311340
69447.897095
69451.481812
69455.074951
69458.668579
69462.268738
69465.858582
69469.456543
69473.052002
69476.638428
69480.234558
69483.823914
69487.421387
69491.004395
69494.592712
69498.112000
69501.720886
69505.305481
69508.886353
69512.465088
69516.066162
69519.646851
69523.238037
69526.830505
69530.419067
69534.002991
69537.588806
69541.184021
69544.773376
69548.366760
69551.960693
69555.494324
69559.080750
69562.676208
69566.256287
69569.841248
69573.440369
69577.037109
69580.620056
69584.207764
69587.796936
69591.383972
69594.967285
69598.554565
69602.140625
69605.732056
69609.315674
69612.900452
69616.493347
69620.075867
69623.608032
69627.195679
69630.786377
69634.366821
69637.958679
69641.544678
69645.138306
69648.720642
69652.312744
69655.906799
69659.506104
69663.097351
69666.690857
69670.275452
69673.868042
69677.457642
69681.043457
69684.630859
69688.162109
69691.747314
69695.323120
69698.907837
69702.488098
69706.070557
69709.662415
69713.236877
69716.825134
69720.407715
69723.987610
69727.572083
69731.156494
69734.742554
69738.328979
69741.903564
69745.492615
69749.069153
69752.651184
69756.175842
69759.748657
69763.345215
69766.928040
69770.506836
69774.088928
69777.677063
69781.260559
69784.840515
69788.423828
69792.011047
69795.597351
69799.192383
69802.775208
69806.363647
69809.942566
69813.528259
69817.033997
69820.617676
69824.215820
69827.789429
69831.377686
69834.956848
69838.538147
69842.129395
69845.720459
69849.303955
69852.884460
69856.461060
69860.042114
69863.628296
69867.208862
69870.786438
69874.369751
69877.940918
69881.451660
69885.046448
69888.621826
69892.206238
69895.783752
69899.367676
69902.948181
69906.530273
69910.109741
69913.691223
69917.271301
69920.851135
69924.423767
69928.011719
69931.581055
69935.157349
69938.746887
69942.330933
69945.918762
69949.431519
69953.079468
69956.612610
69960.191589
69963.767456
69967.341858
69970.926880
69974.505493
69978.080139
69981.675964
69985.273987
69988.863159
69992.437439
69996.021057
69999.614258
70003.193787
70006.776672
70010.287170
70013.895020
70017.488403
70021.064880
70024.649109
70028.226807
70031.805237
70035.393982
70038.972046
70042.551819
70046.136108
70049.711792
70053.299805
70056.879944
70060.452148
70064.033569
70067.606384
70071.182007
70074.691711
70078.292664
70081.863892
70085.443542
70089.013550
70092.592712
70096.174194
70099.752747
70103.330872
70106.913940
70110.486023
70114.071045
70117.644836
70121.247009
70124.827637
70128.408997
70131.987122
70135.566711
70139.148804
70142.648621
70146.230103
70149.830994
70153.410889
70156.980225
70160.562012
70164.140259
70167.727356
70171.290466
70174.869080
70178.451782
70182.030945
70185.609131
70189.186768
70192.765259
70196.360413
70199.944824
70203.520386
70207.033447
70210.614197
70214.184021
70217.776062
70221.355957
70224.930786
70228.517578
70232.096069
70235.687927
70239.267395
70242.846558
70246.435425
70250.018311
70253.600647
70257.180969
70260.772522
70264.365173
70267.945862
70271.454041
70275.063782
70278.643250
70282.223206
70285.804626
70289.393250
70292.977600
70296.575012
70300.163940
70303.748230
70307.346008
70310.935791
70314.521912
70318.113525
70321.698181
70325.286316
70328.869873
70332.458618
70335.980591
70339.576233
70343.169189
70346.785400
70350.377563
70353.970642
70357.567566
70361.169250
70364.757812
70368.351074
70371.944702
70375.538574
70379.134766
70382.723328
70386.304443
70389.892212
70393.475281
70397.057129
70400.572632
70404.155518
70407.739319
70411.338684
70414.941589
70418.532898
70422.125671
70425.699036
70429.295898
70432.817139
70436.477539
70440.068054
70443.646973
70447.229675
70450.818665
70454.394226
70457.977722
70461.562988
70465.078979
70468.655212
70472.235168
70475.830872
70479.425903
70483.024109
70486.611694
70490.211731
70493.795044
70497.387817
70500.974304
70504.565796
70508.164001
70511.751709
70515.344360
70518.930054
70522.521729
70526.119324
70529.636597
70533.249634
70536.835571
70540.425293
70544.007935
70547.612183
70551.208435
70554.778137
70558.371765
70561.962952
70565.556274
70569.149841
70572.747620
70576.344666
70579.931458
70583.535461
70587.120789
70590.643005
70594.220947
70597.825989
70601.410034
70604.992676
70608.565796
70612.149353
70615.734497
70619.325684
70622.912720
70626.503540
70630.089294
70633.675659
70637.268188
70640.852844
70644.438660
70648.017151
70651.602478
70655.194153
70658.780579
70662.286865
70665.865601
70669.472717
70673.055847
70676.645996
70680.239929
70683.820923
70687.414429
70691.014709
70694.611450
70698.200378
70701.790710
70705.382874
70708.973511
70712.562378
70716.148193
70719.734131
70723.322510
70726.909912
70730.496887
70734.081055
70737.618530
70741.206177
70744.785156
70748.368042
70751.945251
70755.529236
70759.111877
70762.703918
70766.293396
70769.881714
70773.458923
70777.054626
70780.639526
70784.230530
70787.817444
70791.407349
70795.001831
70798.526672
70802.129883
70805.722168
70809.327637
70812.925415
70816.527832
70820.123047
70823.710266
70827.304749
70830.894226
70834.490601
70838.081238
70841.676086
70845.265930
70848.849609
70852.446167
70856.052063
70859.653381
70863.247192
70866.834045
70870.356567
70873.964417
70877.565491
70881.154724
70884.734131
70888.323792
70891.916260
70895.493958
70899.083740
70902.669189
70906.256836
70909.840515
70913.424561
70917.004944
70920.593750
70924.175720
70927.766785
70931.360229
70934.950073
70938.466064
70942.069214
70945.654846
70949.235779
70952.819824
70956.406494
70959.993713
70963.586792
70967.169495
70970.759583
70974.354492
70977.939392
70981.530273
70985.129944
70988.724609
70992.316223
70995.899414
70999.505432
71003.091003
71006.685303
71010.201599
71013.813110
71017.404785
71021.012512
71024.628052
71028.221741
71031.832825
71035.418701
71039.012512
71042.619690
71046.213013
71049.814636
71053.405273
71057.000305
71060.586426
71064.180664
71067.783081
71071.377563
71074.969971
71078.491577
71082.112976
71085.717651
71089.327515
71092.919067
71096.521729
71100.129944
71103.725647
71107.334290
71110.929199
71114.533264
71118.135376
71121.737000
71125.330688
71128.915527
71132.511597
71136.037170
71139.693726
71143.220398
71146.824097
71150.406189
71153.981995
71157.586548
71161.183716
71164.770264
71168.375671
71171.959290
71175.564026
71179.166626
71182.754883
71186.349915
71189.931885
71193.518250
71197.112000
71200.707642
71204.292908
71207.816895
71211.410217
71215.003235
71218.599731
71222.179016
71225.765808
71229.351501
71232.941040
71236.527771
71240.122620
71243.710815
71247.311157
71250.898438
71254.479492
71258.064209
71261.649902
71265.243042
71268.835327
71272.431091
71275.949341
71279.536377
71283.145630
71286.734863
71290.305176
71293.893677
71297.481873
71301.074829
71304.679504
71308.263062
71311.854858
71315.445923
71319.042297
71322.627075
71326.218994
71329.804016
71333.394836
71336.981445
71340.578796
71344.106873
71347.692383
71351.299866
71354.908752
71358.496338
71362.107971
71365.694946
71369.298767
71372.898499
71376.502747
71380.106873
71383.712158
71387.315674
71390.917725
71394.521667
71398.112671
71401.707153
71405.307434
71408.910217
71412.443237
71416.049805
71419.678345
71423.277527
71426.872803
71430.462769
71434.072205
71437.674866
71441.287476
71444.886353
71448.480164
71452.081116
71455.685974
71459.287048
71462.886963
71466.473206
71470.067627
71473.667603
71477.209045
71480.799744
71484.385010
71487.970398
71491.540527
71495.118896
71498.708313
71502.291992
71505.865417
71509.456116
71513.034790
71516.620483
71520.210266
71523.799561
71527.387268
71530.973633
71534.557495
71538.143250
71541.658569
71545.246094
71548.855652
71552.445435
71556.024231
71559.614502
71563.200439
71566.801941
71570.393799
71573.986145
71577.574524
71581.163025
71584.756226
71588.341614
71591.932007
71595.515625
71599.104797
71602.695557
71606.285217
71609.805298
71613.390381
71616.998230
71620.588257
71624.174622
71627.760010
71631.353271
71634.934753
71638.523071
71642.112122
71645.707764
71649.287292
71652.865356
71656.461853
71660.056213
71663.648865
71667.235779
71670.757385
71674.336670
71677.935425
71681.527344
71685.115906
71688.714539
71692.296204
71695.891418
71699.485840
71703.072754
71706.671326
71710.274414
71713.875488
71717.478210
71721.060242
71724.649414
71728.231201
71731.754211
71735.344116
71738.962891
71742.564941
71746.157959
71749.744019
71753.333618
71756.921082
71760.515747
71764.104492
71767.695496
71771.294189
71774.886963
71778.481567
71782.071899
71785.675842
71789.265808
71792.855530
71796.436951
71799.942627
71803.529785
71807.136292
71810.732239
71814.335205
71817.916809
71821.499207
71825.090759
71828.659851
71832.243103
71835.816650
71839.400818
71842.983459
71846.568298
71850.153198
71853.731628
71857.322021
71860.911438
71864.502502
71868.018616
71871.607178
71875.206909
71878.792114
71882.380066
71885.969971
71889.557129
71893.158813
71896.763733
71900.395996
71904.007568
71907.600403
71911.182739
71914.766785
71918.366821
71921.952393
71925.541199
71929.052429
71932.715637
71936.228088
71939.822449
71943.400452
71946.978638
71950.558716
71954.142395
71957.724976
71961.323059
71964.899414
71968.489807
71972.071045
71975.659546
71979.251404
71982.826721
71986.402405
71989.983032
71993.494324
71997.076538
72000.660522
72004.236328
72007.834961
72011.418274
72014.998840
72018.580078
72022.174500
72025.756042
72029.348267
72032.933716
72036.532227
72040.136230
72043.728333
72047.320007
72050.927856
72054.519470
72058.110901
72061.625488
72065.212158
72068.812500
72072.398132
72075.980347
72079.585693
72083.178589
72086.784912
72090.378479
72093.995605
72097.607178
72101.224182
72104.835388
72108.431152
72112.021118
72115.615112
72119.207764
72122.725708
72126.317505
72129.923401
72133.527954
72137.112427
72140.707642
72144.324158
72147.911987
72151.515747
72155.119324
72158.715820
72162.313965
72165.920471
72169.523315
72173.066040
72176.737122
72180.249756
72183.907471
72187.423096
72191.026428
72194.625122
72198.212097
72201.795532
72205.385742
72208.990295
72212.569336
72216.173828
72219.801208
72223.409546
72227.027100
72230.634583
72234.232727
72237.837952
72241.428467
72244.949768
72248.540771
72252.123169
72255.718445
72259.314148
72262.897217
72266.486877
72270.078247
72273.671570
72277.275818
72280.883423
72284.477600
72288.064270
72291.656555
72295.260071
72298.858704
72302.463013
72306.060181
72309.659363
72313.191223
72316.796570
72320.408203
72324.012329
72327.605713
72331.204956
72334.814026
72338.429749
72342.032837
72345.630249
72349.211243
72352.781982
72356.360901
72359.933167
72363.510803
72367.088623
72370.664856
72374.243958
72377.832886
72381.341431
72384.928589
72388.532349
72392.107239
72395.678589
72399.260498
72402.842163
72406.424866
72410.007446
72413.529053
72417.184387
72420.770996
72424.357849
72427.952759
72431.542969
72435.145325
72438.737244
72442.267212
72445.864868
72449.462585
72453.068420
72456.653442
72460.259766
72463.855774
72467.450500
72471.043335
72474.636902
72478.226501
72481.823486
72485.419434
72489.010071
72492.604553
72496.212219
72499.813416
72503.405396
72506.998169
72510.524231
72514.125305
72517.720398
72521.335449
72524.933472
72528.527405
72532.123352
72535.729614
72539.319946
72542.902893
72546.486877
72550.064697
72553.647034
72557.219116
72560.793701
72564.374084
72567.961609
72571.535156
72575.113220
72578.702209
72582.217529
72585.797974
72589.405579
72592.983887
72596.572266
72600.156372
72603.739868
72607.342102
72610.923157
72614.509827
72618.093994
72621.676758
72625.263489
72628.851257
72632.435486
72636.024536
72639.615051
72643.212646
72646.730469
72650.317200
72653.928711
72657.517578
72661.112244
72664.704712
72668.289246
72671.882202
72675.480164
72679.078003
72682.668030
72686.269592
72689.859619
72693.461853
72697.061646
72700.661194
72704.263245
72707.872375
72711.472717
72715.078552
72718.606384
72722.220276
72725.811279
72729.411316
72733.001831
72736.599426
72740.192871
72743.793762
72747.387268
72750.981140
72754.571960
72758.154541
72761.734680
72765.314331
72768.888306
72772.477417
72776.072815
72779.663208
72783.265930
72786.792603
72790.373962
72793.977722
72797.597534
72801.188293
72804.780823
72808.378723
72811.965271
72815.561279
72819.166931
72822.760925
72826.360107
72829.945068
72833.534546
72837.123413
72840.705017
72844.292175
72847.873413
72851.460388
72854.967712
72858.548767
72862.146729
72865.729492
72869.313232
72872.895630
72876.480652
72880.058472
72883.631470
72887.217651
72890.798340
72894.388428
72897.964233
72901.547791
72905.147644
72908.732361
72912.321594
72915.911865
72919.491577
72923.086426
72926.605347
72930.196472
72933.793945
72937.379578
72940.964966
72944.558838
72948.154724
72951.746338
72955.330322
72958.925354
72962.517273
72966.095886
72969.687317
72973.268982
72976.853394
72980.439880
72984.024475
72987.604675
72991.190735
72994.701050
72998.287231
73001.887695
73005.480713
73009.060425
73012.642700
73016.230347
73019.810059
73023.400940
73026.990601
73030.577637
73034.166748
73037.737549
73041.324341
73044.932251
73048.535828
73052.135254
73055.665161
73059.267029
73062.888672
73066.483154
73070.092224
73073.695862
73077.290466
73080.892700
73084.491272
73088.064026
73091.659973
73095.243469
73098.827087
73102.411865
73106.001526
73109.594971
73113.188171
73116.775146
73120.360779
73123.877625
73127.469666
73131.061218
73134.667847
73138.249268
73141.828552
73145.418640
73149.006958
73152.587646
73156.169128
73159.768311
73163.359619
73166.942566
73170.527222
73174.136902
73177.731262
73181.323364
73184.916382
73188.522522
73192.038940
73195.626709
73199.237427
73202.830994
73206.427612
73210.033875
73213.631226
73217.225647
73220.820862
73224.413818
73227.996643
73231.587280
73235.179138
73238.769104
73242.375854
73245.973083
73249.496094
73253.089172
73256.702881
73260.270935
73263.866882
73267.441040
73271.023071
73274.601501
73278.192871
73281.777710
73285.368530
73288.961243
73292.545715
73296.136780
73299.719666
73303.323730
73306.919312
73310.506836
73314.106018
73317.631897
73321.216492
73324.813477
73328.404663
73332.004517
73335.608032
73339.197266
73342.782532
73346.385193
73349.975281
73353.560791
73357.148987
73360.734863
73364.321289
73367.903931
73371.481079
73375.069641
73378.657288
73382.244141
73385.758423
73389.343933
73392.931274
73396.537109
73400.120300
73403.703247
73407.296570
73410.884094
73414.470703
73418.065063
73421.645691
73425.229675
73428.825134
73432.412598
73436.008301
73439.593201
73443.189270
73446.780457
73450.372986
73453.965698
73457.488892
73461.076294
73464.686401
73468.271545
73471.863953
73475.451843
73478.977966
73482.638123
73486.237000
73489.829224
73493.430420
73497.022522
73500.612305
73504.208130
73507.806946
73511.391174
73514.981079
73518.567749
73522.090088
73525.677124
73529.267822
73532.873108
73536.463440
73540.057251
73543.646240
73547.246094
73550.830566
73554.414429
73558.012512
73561.602478
73565.201172
73568.787842
73572.380005
73575.964783
73579.554871
73583.139282
73586.730957
73590.260376
73593.873657
73597.465332
73601.058105
73604.650330
73608.235107
73611.840332
73615.437866
73619.029114
73622.628662
73626.222107
73629.809875
73633.402649
73636.986938
73640.573059
73644.160034
73647.741028
73651.335815
73654.928284
73658.451355
73662.040710
73665.650330
73669.230530
73672.815918
73676.408081
73679.993591
73683.578125
73687.169983
73690.761963
73694.350525
73697.950073
73701.533142
73705.118896
73708.713257
73712.308655
73715.900085
73719.490601
73723.079346
73726.670410
73730.188782
73733.781372
73737.374878
73740.989502
73744.587524
73748.164368
73751.756531
73755.345581
73758.941528
73762.535278
73766.124695
73769.713562
73773.311096
73776.901794
73780.505310
73784.098267
73787.693542
73791.291748
73794.885559
73798.485840
73802.074585
73805.598206
73809.192139
73812.778442
73816.385498
73819.976135
73823.580261
73827.155396
73830.749390
73834.346252
73837.955750
73841.548340
73845.144531
73848.742065
73852.339966
73855.939880
73859.525391
73863.123657
73866.726562
73870.325256
73873.854797
73877.453247
73881.053711
73884.668213
73888.259399
73891.848938
73895.442383
73899.035461
73902.638916
73906.244995
73909.833191
73913.432495
73917.018372
73920.607605
73924.206787
73927.794861
73931.381531
73934.967896
73938.479126
73942.079956
73945.694397
73949.289307
73952.886169
73956.485046
73960.081543
73963.681885
73967.277466
73970.859985
73974.449768
73978.037231
73981.626709
73985.211426
73988.793884
73992.377075
73995.972290
73999.560791
74003.082458
74006.673767
74010.272949
74013.883240
74017.469482
74021.062805
74024.652832
74028.262817
74031.865845
74035.465942
74039.062134
74042.652893
74046.245667
74049.853027
74053.447327
74057.041687
74060.642151
74064.239990
74067.836731
74071.292114
74074.956604
74078.555725
74082.157288
74085.755188
74089.356445
74092.946655
74096.541504
74100.129639
74103.731812
74107.322632
74110.923645
74114.518433
74118.125000
74121.720764
74125.319214
74128.910217
74132.500610
74136.107056
74139.633484
74143.236206
74146.830811
74150.427185
74154.031921
74157.637268
74161.219910
74164.820251
74168.414368
74172.006653
74175.622498
74179.206848
74182.805298
74186.400696
74189.997192
74193.594971
74197.189148
74200.788696
74204.378540
74207.970703
74211.496399
74215.093506
74218.702881
74222.295288
74225.886230
74229.484558
74233.075867
74236.668579
74240.275574
74243.882446
74247.474304
74251.082275
74254.671265
74258.277588
74261.870178
74265.472412
74269.068848
74272.667297
74276.191772
74279.793152
74283.386719
74286.993774
74290.586182
74294.182129
74297.763916
74301.357056
74304.961914
74308.559631
74312.153992
74315.752258
74319.368652
74322.959900
74326.550842
74330.153564
74333.744812
74337.352295
74340.873169
74344.476379
74348.066650
74351.669678
74355.253113
74358.845337
74362.443298
74366.027771
74369.638855
74373.235107
74376.823242
74380.423645
74384.013184
74387.607971
74391.199768
74394.788086
74398.369629
74401.955627
74405.546326
74409.145508
74412.660156
74416.253235
74419.851990
74423.467041
74427.045654
74430.651062
74434.241455
74437.834656
74441.431396
74445.038818
74448.641479
74452.244751
74455.839111
74459.433228
74463.034668
74466.626099
74470.221252
74473.819702
74477.418335
74481.007996
74484.532654
74488.201782
74491.728516
74495.323608
74498.927979
74502.520996
74506.111023
74509.699219
74513.287842
74516.884460
74520.484009
74524.082031
74527.682129
74531.278748
74534.866882
74538.450989
74542.041382
74545.631104
74549.231079
74552.828125
74556.352051
74559.943115
74563.607178
74567.138489
74570.738037
74574.359802
74577.954346
74581.552673
74585.136108
74588.748779
74592.349670
74595.954224
74599.546265
74603.136230
74606.730896
74610.320496
74613.917480
74617.503418
74621.092957
74624.683350
74628.204529
74631.796143
74635.405273
74638.999634
74642.601868
74646.187561
74649.782715
74653.382385
74656.971619
74660.590942
74664.179626
74667.770325
74671.363464
74674.961670
74678.548767
74682.146606
74685.744202
74689.330322
74692.852539
74696.448975
74700.039673
74703.646118
74707.245239
74710.839050
74714.416321
74718.022156
74721.618042
74725.213867
74728.809204
74732.408936
74736.009888
74739.606262
74743.200562
74746.788208
74750.384644
74753.972412
74757.559021
74761.084412
74764.673889
74768.260803
74771.859009
74775.471680
74779.061462
74782.651184
74786.259888
74789.857544
74793.456360
74797.056702
74800.650391
74804.242065
74807.837830
74811.419800
74815.020569
74818.608398
74822.124023
74825.723816
74829.311584
74832.910767
74836.501038
74840.106323
74843.703674
74847.286255
74850.871643
74854.468872
74858.048462
74861.646790
74865.243469
74868.826660
74872.425354
74876.018799
74879.614746
74883.212402
74886.803284
74890.320984
74893.912415
74897.512268
74901.132507
74904.734680
74908.338196
74911.915588
74915.504333
74919.126343
74922.715454
74926.301941
74929.898315
74933.495361
74937.082275
74940.670593
74944.263123
74947.857178
74951.452942
74954.966064
74958.548096
74962.141663
74965.729858
74969.338867
74972.927124
74976.510925
74980.100220
74983.684631
74987.282776
74990.854065
74994.444946
74998.035278
75001.625061
75005.210876
75008.808228
75012.393799
75015.988281
75019.506104
75023.089783
75026.679993
75030.259888
75033.872437
75037.459106
75041.048157
75044.637573
75048.223572
75051.816711
75055.414612
75059.008423
75062.597717
75066.188293
75069.768677
75073.360901
75076.953613
75080.562744
75084.082764
75087.672546
75091.259033
75094.851074
75098.456604
75102.048157
75105.621521
75109.217163
75112.800903
75116.393250
75119.979492
75123.567383
75127.157410
75130.743286
75134.333008
75137.914368
75141.498779
75145.092102
75148.686340
75152.214783
75155.808655
75159.405518
75163.012573
75166.595337
75170.182983
75173.766602
75177.358459
75180.957703
75184.543640
75188.138916
75191.729797
75195.319214
75198.913269
75202.502625
75206.100464
75209.693542
75213.288513
75216.871704
75220.403687
75223.995056
75227.588440
75231.189941
75234.778320
75238.364136
75241.948608
75245.550781
75249.135376
75252.740662
75256.253601
75259.918518
75263.507385
75267.101929
75270.682068
75274.266602
75277.865601
75281.454956
75284.979553
75288.571899
75292.181030
75295.777222
75299.355225
75302.954163
75306.554810
75310.136780
75313.731506
75317.318115
75320.908020
75324.495361
75328.087769
75331.672729
75335.259827
75338.849976
75342.441406
75346.027283
75349.616638
75353.129211
75356.713257
75360.300110
75363.889954
75367.486816
75371.071045
75374.669312
75378.258362
75381.845581
75385.436584
75389.042053
75392.633179
75396.220459
75399.819946
75403.406250
75406.992065
75410.594055
75414.190491
75417.720764
75421.318665
75424.924744
75428.530334
75432.126160
75435.724792
75439.341492
75442.931885
75446.518127
75450.122559
75453.710449
75457.308472
75460.904907
75464.494019
75468.095215
75471.687439
75475.282104
75478.878296
75482.477722
75486.003357
75489.590271
75493.182861
75496.774353
75500.359558
75503.972900
75507.550964
75511.134399
75514.712646
75518.305725
75521.901001
75525.486389
75529.063965
75532.664673
75536.255432
75539.854980
75543.436646
75547.023376
75550.603394
75554.178406
75557.684387
75561.264221
75564.855713
75568.446716
75572.051208
75575.622009
75579.211792
75582.793091
75586.378784
75589.973877
75593.557373
75597.142395
75600.738281
75604.316650
75607.893127
75611.475159
75615.054016
75618.637756
75622.138977
75625.715454
75629.300659
75632.880249
75636.460327
75640.061829
75643.649475
75647.246948
75650.843689
75654.430298
75658.024536
75661.607300
75665.199219
75668.809143
75672.408813
75676.019165
75679.609253
75683.203918
75686.829834
75690.434692
75693.955078
75697.550720
75701.138245
75704.721252
75708.355347
75711.943970
75715.560059
75719.181396
75722.786194
75726.378601
75729.973206
75733.579346
75737.170898
75740.777588
75744.386780
75747.990479
75751.571594
75755.153564
75758.730164
75762.235046
75765.826538
75769.402588
75772.985596
75776.584900
75780.182617
75783.773743
75787.368530
75790.948181
75794.539551
75798.140076
75801.735352
75805.317017
75808.899353
75812.497314
75816.096252
75819.707275
75823.302429
75826.830017
75830.425659
75834.005981
75837.593811
75841.198181
75844.774658
75848.362427
75851.951416
75855.548462
75859.142883
75862.763428
75866.372437
75869.973145
75873.571106
75877.179749
75880.768616
75884.382629
75887.962036
75891.539795
75895.145996
75898.654846
75902.239929
75905.827271
75909.426147
75913.009399
75916.603455
75920.182556
75923.763855
75927.347717
75930.940674
75934.519958
75938.035889
75941.692139
75945.277893
75948.867065
75952.449951
75956.037842
75959.619385
75963.139832
75966.739868
75970.323547
75973.914001
75977.501831
75981.096069
75984.697693
75988.279968
75991.857544
75995.448853
75999.040100
76002.644653
76006.219849
76009.802246
76013.385559
76016.966064
76020.554260
76024.146240
76027.735291
76031.257874
76034.843140
76038.436523
76042.020386
76045.602112
76049.184448
76052.796021
76056.383240
76059.975464
76063.569092
76067.153198
76070.747986
76074.342407
76077.923828
76081.512756
76085.104492
76088.689514
76092.275696
76095.876221
76099.450684
76102.961548
76106.551208
76110.142700
76113.739990
76117.329834
76120.911865
76124.491821
76128.077698
76131.658081
76135.237000
76138.815186
76142.407593
76145.999329
76149.585388
76153.169983
76156.754822
76160.343750
76163.926270
76167.439270
76171.018616
76174.600647
76178.180359
76181.763794
76185.362305
76188.944275
76192.522827
76196.101929
76199.694153
76203.281311
76206.860474
76210.460205
76214.034607
76217.628601
76221.217529
76224.808533
76228.327759
76231.985657
76235.509583
76239.090088
76242.683289
76246.281555
76249.867615
76253.468384
76257.058472
76260.643799
76264.232361
76267.832825
76271.423157
76275.019409
76278.614990
76282.211365
76285.809875
76289.408813
76292.929626
76296.534485
76300.122070
76303.709961
76307.309998
76310.921875
76314.516785
76318.100281
76321.715942
76325.305481
76328.897217
76332.498718
76336.100769
76339.706421
76343.301392
76346.896912
76350.487488
76354.094055
76357.623413
76361.216431
76364.804688
76368.410034
76372.009949
76375.616516
76379.207642
76382.804810
76386.399902
76390.001892
76393.611694
76397.222473
76400.824463
76404.420837
76408.027710
76411.631897
76415.242371
76418.763000
76422.359741
76425.962769
76429.559204
76433.156555
76436.745544
76440.367859
76443.962891
76447.555176
76451.142151
76454.736938
76458.317932
76461.906189
76465.500610
76469.101929
76472.692261
76476.289124
76479.890564
76483.414307
76487.011292
76490.607666
76494.196167
76497.792786
76501.404480
76504.997864
76508.597046
76512.190613
76515.794006
76519.399963
76523.005798
76526.607361
76530.204956
76533.805420
76537.407898
76541.011047
76544.620117
76548.153198
76551.748840
76555.339905
76558.939209
76562.544434
76566.145325
76569.765808
76573.357910
76576.955566
76580.550049
76584.143250
76587.741028
76591.331787
76594.920776
76598.506409
76602.088257
76605.674438
76609.258484
76612.773743
76616.355408
76619.945740
76623.545959
76627.159973
76630.744324
76634.334656
76637.924744
76641.508179
76645.087219
76648.682190
76652.273376
76655.862244
76659.457825
76663.056091
76666.642822
76670.237183
76673.832886
76677.366821
76680.961548
76684.559448
76688.154114
76691.772766
76695.361084
76698.955139
76702.548950
76706.137268
76709.727722
76713.316467
76716.913574
76720.522400
76724.124573
76727.721924
76731.321899
76734.908691
76738.503723
76742.101257
76745.630432
76749.238159
76752.842834
76756.443970
76760.035706
76763.654907
76767.254395
76770.851440
76774.440430
76778.041748
76781.637878
76785.227722
76788.825806
76792.443176
76796.046509
76799.636780
76803.237671
76806.773987
76810.372681
76813.969543
76817.561096
76821.150330
76824.739197
76828.344727
76831.939331
76835.523010
76839.118530
76842.711975
76846.308594
76849.900391
76853.490479
76857.083740
76860.677734
76864.259766
76867.851868
76871.439941
76875.022827
76878.605774
76882.122070
76885.707581
76889.291870
76892.880249
76896.486450
76900.075806
76903.649353
76907.241760
76910.827148
76914.419678
76917.998718
76921.582520
76925.168335
76928.754395
76932.348206
76935.957153
76939.549561
76943.143738
76946.733154
76950.331482
76953.917908
76957.441162
76961.031311
76964.625305
76968.237976
76971.816467
76975.409180
76978.989258
76982.573792
76986.161316
76989.744568
76993.338013
76996.920532
77000.504211
77004.087524
77007.684143
77011.270020
77014.860168
77018.453552
77022.036133
77025.554565
77029.138062
77032.725586
77036.304382
77039.897583
77043.505371
77047.089294
77050.675476
77054.268616
77057.851868
77061.436768
77065.024658
77068.610474
77072.188965
77075.783447
77079.375916
77082.962036
77086.557983
77090.139648
77093.728271
77097.247986
77100.845276
77104.432495
77108.044373
77111.651489
77115.247864
77118.830994
77122.413147
77126.006531
77129.605652
77133.133972
77136.800232
77140.387817
77143.987671
77147.573364
77151.153137
77154.753418
77158.342834
77161.853394
77165.441956
77169.028320
77172.610840
77176.195374
77179.781799
77183.393799
77186.979431
77190.562134
77194.149109
77197.734558
77201.341797
77204.945007
77208.542725
77212.136780
77215.746765
77219.351013
77222.953552
77226.550781
77230.071472
77233.667725
77237.263855
77240.852600
77244.444336
77248.058533
77251.656494
77255.239136
77258.833008
77262.425659
77266.006287
77269.618958
77273.203186
77276.796021
77280.390686
77283.982849
77287.565796
77291.167725
77294.773254
77298.366394
77301.893005
77305.495850
77309.083130
77312.674683
77316.284973
77319.881775
77323.471741
77327.061829
77330.649353
77334.241150
77337.839539
77341.425049
77345.031189
77348.624695
77352.239014
77355.847351
77359.442932
77363.039001
77366.562256
77370.157471
77373.745239
77377.334045
77380.930359
77384.524963
77388.121399
77391.736450
77395.324036
77398.903687
77402.492432
77406.075928
77409.683655
77413.277039
77416.887085
77420.492188
77424.107483
77427.718262
77431.315491
77434.910767
77438.438904
77442.020325
77445.615417
77449.210571
77452.804932
77456.421326
77460.019165
77463.609375
77467.203918
77470.807922
77474.404846
77478.003784
77481.601562
77485.190125
77488.795227
77492.392029
77495.996521
77499.597717
77503.121765
77506.721497
77510.310120
77513.907288
77517.491394
77521.083496
77524.686584
77528.272766
77531.852661
77535.455688
77538.971252
77542.637207
77546.233337
77549.821350
77553.435974
77557.033936
77560.628479
77564.227051
77567.824951
77571.347473
77574.947144
77578.544128
77582.139221
77585.743530
77589.337585
77592.946899
77596.540833
77600.129089
77603.712646
77607.295288
77610.881775
77614.477356
77618.063904
77621.664734
77625.255188
77628.855713
77632.454224
77635.977234
77639.579712
77643.179321
77646.762939
77650.359131
77653.956909
77657.551025
77661.147400
77664.737854
77668.324829
77671.933716
77675.520752
77679.128906
77682.715332
77686.319946
77689.913940
77693.518372
77697.108765
77700.706360
77704.222595
77707.811523
77711.414856
77715.016235
77718.632019
77722.209412
77725.830933
77729.427307
77733.029968
77736.638062
77740.263123
77743.857666
77747.473145
77751.079590
77754.699280
77758.293213
77761.906067
77765.506958
77769.106079
77772.629517
77776.221313
77779.823242
77783.421753
77787.047668
77790.632751
77794.254700
77797.848511
77801.437805
77805.037781
77808.637756
77812.241516
77815.834045
77819.417419
77823.014099
77826.614990
77830.208618
77833.811890
77837.400452
77840.927490
77844.528564
77848.123962
77851.713684
77855.307007
77858.914917
77862.510559
77866.097534
77869.683472
77873.286133
77876.891663
77880.490112
77884.082336
77887.681946
77891.261108
77894.860107
77898.444641
77902.044495
77905.562561
77909.156494
77912.748840
77916.343018
77919.931030
77923.531250
77927.146912
77930.744507
77934.343384
77937.932800
77941.548035
77945.145264
77948.746582
77952.338013
77955.937683
77959.547424
77963.146057
77966.733948
77970.328369
77973.851196
77977.451172
77981.053650
77984.643433
77988.239624
77991.856812
77995.449585
77999.053406
78002.663879
78006.261414
78009.864075
78013.454712
78017.047363
78020.635742
78024.228455
78027.824036
78031.421997
78035.015076
78038.612915
78042.137939
78045.725830
78049.317444
78052.907654
78056.499756
78060.112610
78063.702820
78067.286255
78070.882324
78074.477051
78078.088440
78081.678284
78085.271423
78088.859314
78092.458496
78096.049438
78099.656616
78103.247192
78106.834290
78110.355469
78113.951538
78117.533875
78121.121948
78124.707275
78128.310242
78131.902649
78135.497742
78139.092590
78142.706909
78146.306213
78149.911865
78153.506836
78157.101196
78160.694885
78164.292053
78167.886047
78171.494690
78175.029236
78178.627075
78182.213501
78185.796753
78189.386353
78192.986389
78196.577881
78200.168396
78203.753540
78207.335510
78210.914673
78214.502930
78218.085754
78221.671570
78225.268250
78228.854492
78232.454590
78235.975708
78239.643799
78243.163879
78246.760071
78250.347839
78253.945557
78257.539673
78261.154663
78264.755005
78268.351685
78271.955017
78275.550903
78279.154358
78282.747253
78286.347046
78289.950562
78293.553040
78297.157837
78300.759216
78304.289734
78307.887329
78311.501099
78315.094116
78318.692566
78322.293701
78325.904480
78329.499084
78333.086731
78336.684448
78340.276855
78343.862915
78347.462341
78351.057434
78354.660950
78358.258484
78361.852905
78365.369812
78368.954468
78372.551208
78376.131958
78379.729248
78383.337402
78386.928772
78390.521057
78394.107849
78397.702576
78401.285461
78404.877869
78408.461426
78412.056091
78415.635193
78419.223450
78422.809998
78426.389526
78429.979797
78433.497253
78437.083191
78440.681519
78444.267517
78447.857056
78451.460388
78455.046082
78458.647095
78462.247925
78465.846741
78469.431274
78473.028259
78476.629944
78480.213745
78483.799683
78487.393677
78490.995728
78494.515686
78498.107239
78501.699097
78505.288269
78508.890320
78512.487610
78516.101562
78519.698486
78523.284607
78526.882507
78530.476929
78534.072144
78537.687805
78541.275330
78544.879272
78548.472473
78552.063965
78555.660095
78559.253357
78562.775330
78566.378662
78569.974365
78573.573730
78577.186890
78580.758179
78584.361206
78587.947266
78591.529785
78595.130371
78598.718811
78602.313049
78605.911621
78609.505676
78613.108276
78616.700928
78620.234253
78623.895996
78627.420532
78631.018982
78634.606018
78638.188904
78641.775024
78645.372375
78648.982056
78652.572449
78656.181091
78659.784302
78663.395691
78667.005371
78670.625000
78674.228943
78677.841309
78681.435669
78685.045776
78688.582031
78692.190613
78695.799438
78699.405701
78703.012024
78706.632446
78710.238953
78713.844421
78717.441833
78721.049438
78724.667480
78728.272705
78731.885071
78735.486450
78739.095398
78742.700500
78746.316650
78749.849182
78753.460510
78757.077026
78760.669617
78764.273438
78767.868042
78771.489197
78775.067444
78778.690613
78782.285095
78785.881226
78789.482910
78793.093689
78796.700623
78800.298340
78803.919739
78807.522095
78811.136902
78814.754761
78818.298584
78821.897766
78825.507080
78829.111877
78832.711670
78836.323792
78839.938660
78843.537720
78847.135681
78850.728333
78854.326904
78857.935974
78861.534912
78865.130371
78868.735962
78872.355103
78875.970703
78879.508301
78883.119873
78886.734985
78890.346802
78893.951111
78897.561218
78901.157349
78904.772583
78908.364075
78911.961121
78915.564636
78919.151062
78922.773865
78926.368896
78929.980408
78933.576782
78937.158936
78940.751343
78944.335632
78947.866333
78951.460205
78955.054565
78958.637207
78962.239441
78965.839172
78969.460205
78973.073120
78976.670105
78980.276367
78983.893677
78987.515076
78991.135925
78994.750305
78998.375366
79002.000977
79005.619446
79009.160950
79012.773071
79016.377197
79019.975647
79023.580261
79027.206421
79030.805664
79034.411255
79038.013245
79041.613037
79045.227295
79048.821350
79052.425903
79056.035278
79059.638428
79063.264282
79066.864868
79070.464539
79073.993530
79077.593140
79081.200195
79084.796021
79088.399109
79092.025635
79095.636536
79099.248657
79102.864441
79106.477417
79110.095093
79113.709290
79117.319214
79120.932190
79124.561584
79128.190979
79131.807007
79135.416321
79139.025757
79142.581482
79146.203430
79149.819763
79153.428223
79157.048706
79160.658752
79164.271423
79167.891846
79171.510010
79175.122803
79178.753601
79182.354431
79185.975586
79189.589417
79193.197144
79196.732056
79200.330750
79203.921143
79207.522339
79211.124939
79214.713196
79218.300842
79221.910217
79225.500488
79229.097656
79232.692688
79236.307373
79239.913391
79243.537537
79247.138184
79250.755127
79254.377869
79257.998596
79261.539001
79265.158386
79268.794373
79272.394226
79276.005371
79279.600220
79283.193604
79286.804504
79290.403564
79294.002075
79297.600220
79301.190918
79304.787170
79308.388367
79311.976868
79315.575439
79319.172363
79322.761963
79326.355591
79329.876465
79333.476257
79337.085876
79340.698547
79344.312378
79347.910889
79351.516357
79355.117004
79358.712341
79362.323486
79365.922485
79369.543396
79373.138855
79376.747192
79380.348389
79383.939270
79387.543884
79391.130859
79394.652222
79398.243286
79401.830505
79405.427917
79409.044434
79412.638062
79416.231873
79419.820068
79423.423340
79427.011047
79430.611206
79434.211670
79437.805725
79441.390198
79444.989990
79448.592346
79452.171631
79455.754028
79459.266418
79462.852844
79466.441956
79470.027588
79473.624023
79477.216919
79480.819153
79484.399841
79487.989807
79491.577026
79495.160645
79498.760376
79502.347290
79505.932007
79509.517151
79513.116272
79516.711731
79520.300842
79523.823059
79527.419678
79531.020935
79534.617065
79538.214905
79541.828003
79545.412903
79549.003540
79552.593201
79556.176941
79559.780579
79563.368164
79566.960022
79570.544128
79574.131836
79577.725281
79581.240784
79584.828857
79588.409180
79591.993042
79595.591003
79599.209839
79602.813782
79606.410461
79610.024475
79613.628662
79617.235168
79620.826111
79624.436340
79628.026367
79631.626160
79635.226746
79638.837769
79642.386414
79645.991089
79649.596680
79653.223145
79656.861267
79660.502869
79664.118713
79667.744507
79671.359070
79674.967224
79678.594971
79682.187805
79685.822144
79689.417114
79693.028198
79696.626343
79700.230042
79703.839233
79707.361450
79710.973206
79714.563660
79718.180176
79721.795776
79725.403076
79729.050781
79732.684570
79736.298767
79739.924927
79743.548645
79747.159302
79750.791748
79754.419006
79758.034668
79761.665955
79765.296692
79768.919067
79772.531494
79776.138428
79779.680115
79783.287048
79786.894287
79790.513489
79794.133118
79797.748962
79801.384155
79805.021851
79808.638855
79812.260681
79815.886963
79819.521606
79823.126282
79826.766907
79830.390442
79834.031372
79837.658020
79841.286194
79844.842773
79848.468079
79852.111206
79855.743958
79859.364746
79862.981750
79866.588257
79870.195923
79873.824158
79877.441528
79881.052429
79884.664734
79888.273926
79891.872742
79895.471680
79899.082886
79902.699890
79906.316467
79909.941467
79913.492737
79917.121887
79920.719604
79924.321411
79927.929932
79931.533997
79935.143311
79938.780396
79942.385681
79945.994019
79949.602783
79953.207642
79956.829651
79960.449890
79964.063232
79967.673645
79971.292603
79974.832214
79978.434265
79982.037964
79985.660706
79989.271790
79992.884216
79996.521912
80000.130737
80003.760498
80007.365723
80010.983582
80014.621948
80018.242249
80021.857849
80025.478943
80029.032837
80032.650696
80036.271545
80039.904297
80043.514526
80047.127686
80050.759521
80054.406738
80058.045654
80061.672302
80065.299744
80068.921204
80072.552368
80076.168823
80079.807312
80083.432556
80087.049255
80090.609924
80094.299561
80097.837891
80101.450745
80105.059448
80108.664001
80112.269165
80115.897278
80119.506409
80123.121826
80126.739319
80130.339966
80133.947449
80137.561157
80141.185242
80144.797852
80148.395691
80152.000610
80155.537842
80159.137451
80162.745239
80166.351562
80169.962524
80173.555847
80177.151184
80180.740417
80184.352478
80187.989258
80191.591980
80195.194885
80198.799561
80202.410400
80206.005432
80209.613220
80213.216309
80216.816895
80220.420654
80223.954651
80227.546570
80231.147888
80234.750793
80238.347351
80241.949524
80245.536865
80249.127258
80252.734924
80256.310425
80259.897949
80263.475647
80267.063599
80270.650635
80274.237305
80277.837219
80281.442322
80285.032104
80288.623718
80292.149414
80295.734009
80299.324341
80302.931824
80306.518066
80310.127014
80313.725708
80317.338806
80320.923340
80324.510071
80328.085266
80331.668579
80335.268921
80338.859131
80342.464905
80346.073730
80349.666199
80353.253540
80356.778992
80360.362549
80363.942566
80367.531677
80371.121399
80374.729492
80378.308533
80381.916504
80385.508118
80389.102661
80392.701599
80396.311523
80399.939758
80403.561462
80407.164734
80410.756409
80414.366577
80417.893738
80421.581421
80425.118286
80428.724548
80432.324707
80435.924622
80439.546448
80443.154419
80446.748047
80450.332214
80453.910217
80457.493042
80461.078003
80464.665222
80468.239075
80471.826599
80475.417664
80479.008484
80482.603699
80486.122437
80489.703308
80493.285645
80496.869873
80500.471130
80504.072815
80507.594543
80511.265198
80514.855957
80518.460327
80522.049255
80525.642517
80529.236206
80532.848694
80536.424866
80540.008911
80543.605896
80547.214905
80550.805237
80554.324036
80557.905090
80561.485107
80565.073486
80568.650818
80572.238831
80575.774353
80579.424133
80583.003235
80586.589172
80590.169373
80593.742798
80597.323547
80600.907288
80604.502380
80608.082703
80611.663635
80615.244934
80618.823669
80622.328247
80625.910950
80629.490784
80633.063843
80636.665466
80640.264648
80643.886047
80647.458801
80651.037842
80654.629028
80658.203125
80661.783508
80665.364624
80668.946228
80672.534424
80676.114929
80679.695801
80683.197876
80686.774597
80690.352844
80693.927429
80697.505249
80701.078918
80704.669617
80708.263489
80711.854309
80715.500000
80719.131714
80722.728821
80726.329834
80729.916748
80733.531372
80737.186401
80740.798157
80744.341614
80747.936279
80751.536804
80755.136658
80758.747864
80762.354980
80765.963013
80769.551941
80773.139954
80776.733765
80780.325500
80783.902588
80787.496399
80791.083923
80794.663208
80798.252197
80801.838379
80805.346863
80808.992065
80812.503418
80816.074707
80819.654724
80823.243042
80826.819031
80830.393066
80833.969910
80837.560608
80841.133484
80844.713196
80848.294556
80851.872803
80855.453369
80859.020081
80862.607544
80866.127197
80869.778503
80873.354919
80876.860168
80880.447693
80884.027893
80887.604675
80891.182434
80894.759949
80898.355591
80901.928406
80905.504272
80909.089844
80912.656311
80916.229919
80919.820801
80923.393982
80926.953613
80930.527954
80934.109985
80937.683411
80941.255676
80944.761414
80948.328552
80951.905701
80955.409241
80959.050964
80962.629456
80966.209534
80969.789124
80973.368286
80976.932800
80980.504028
80984.069214
80987.652771
80991.230286
80994.794617
80998.373108
81001.941650
81005.514648
81009.031128
81012.606995
81016.181519
81019.755310
81023.328613
81026.903137
81030.479187
81034.067932
81037.643372
81041.213806
81044.781433
81048.362549
81051.942749
81055.540894
81059.131958
81062.712891
81066.301575
81069.894958
81073.486877
81077.006165
81080.589355
81084.169189
81087.743408
81091.354248
81094.947571
81098.543762
81102.118286
81105.710510
81109.288086
81112.873108
81116.439575
81120.017029
81123.610657
81127.179688
81130.770264
81134.352417
81137.937500
81141.514465
81145.029907
81148.615173
81152.199219
81155.789734
81159.366577
81162.943787
81166.523743
81170.124023
81173.725464
81177.319031
81180.908081
81184.505493
81188.107971
81191.704285
81195.314270
81198.896912
81202.484741
81206.082214
81209.603638
81213.206421
81216.794556
81220.383057
81223.982056
81227.568665
81231.166138
81234.740784
81238.320129
81241.899597
81245.489868
81249.065002
81252.653259
81256.230652
81259.818176
81263.410156
81267.001587
81270.584045
81274.163269
81277.677551
81281.259766
81284.836121
81288.419678
81291.996216
81295.582642
81299.184387
81302.745544
81306.351257
81309.956726
81313.551819
81317.133179
81320.744812
81324.351318
81327.935913
81331.520752
81335.121582
81338.716370
81342.312317
81345.826965
81349.424011
81353.029907
81356.617371
81360.204895
81363.791626
81367.374573
81370.986206
81374.569824
81378.159180
81381.744690
81385.324890
81388.916138
81392.488586
81396.078125
81399.659424
81403.244690
81406.830566
81410.358643
81413.943909
81417.534546
81421.140686
81424.730164
81428.328552
81431.938293
81435.526123
81439.120544
81442.709167
81446.282288
81449.869812
81453.457275
81457.050293
81460.641113
81464.226440
81467.815063
81471.328552
81474.910645
81478.501404
81482.082703
81485.668030
81489.258728
81492.835388
81496.432007
81500.013611
81503.590454
81507.177917
81510.780334
81514.359192
81517.954041
81521.559753
81525.151123
81528.745483
81532.332275
81535.919983
81539.438171
81543.041260
81546.658691
81550.250488
81553.843140
81557.431824
81561.035278
81564.628052
81568.241821
81571.834717
81575.430969
81579.032654
81582.659790
81586.249817
81589.847473
81593.459778
81597.057617
81600.670105
81604.184998
81607.775269
81611.381409
81614.972046
81618.578369
81622.176025
81625.809082
81629.403564
81633.010315
81636.601868
81640.195190
81643.802246
81647.399597
81651.010559
81654.608337
81658.211243
81661.813782
81665.397339
81668.993896
81672.543030
81676.156860
81679.763916
81683.378906
81686.975769
81690.575989
81694.157532
81697.764954
81701.354919
81704.943970
81708.530151
81712.115295
81715.691895
81719.274109
81722.884033
81726.486511
81730.075623
81733.674988
81737.292542
81740.882751
81744.435120
81748.047119
81751.664124
81755.278076
81758.880310
81762.462158
81766.065796
81769.650696
81773.255798
81776.833679
81780.420654
81783.999573
81787.592896
81791.177368
81794.755920
81798.348511
81801.930542
81805.515686
81809.108582
81812.659729
81816.255127
81819.861877
81823.466675
81827.052734
81830.638733
81834.232117
81837.816528
81841.405945
81844.995422
81848.569214
81852.140015
81855.714783
81859.306458
81862.882446
81866.453979
81870.039062
81873.621033
81877.134460
81880.711792
81884.289917
81887.898621
81891.518982
81895.118896
81898.709717
81902.307251
81905.903992
81909.482361
81913.060303
81916.629761
81920.210693
81923.811462
81927.386536
81930.969604
81934.553955
81938.069275
81941.668213
81945.285095
81948.881958
81952.472107
81956.065735
81959.652039
81963.238464
81966.821960
81970.419556
81974.010498
81977.588745
81981.173218
81984.743408
81988.327393
81991.915649
81995.481750
81999.063965
82002.662292
82006.170044
82009.752502
82013.338745
82016.916077
82020.497131
82024.081604
82027.668884
82031.278931
82034.930481
82038.521057
82042.114075
82045.710693
82049.302979
82052.909058
82056.491821
82060.068604
82063.638550
82067.217224
82070.799255
82074.322205
82077.902344
82081.480164
82085.067261
82088.649902
82092.228577
82095.808289
82099.386780
82102.982239
82106.556091
82110.140320
82113.709473
82117.290039
82120.866699
82124.453491
82128.048645
82131.639099
82135.222290
82138.807312
82142.328857
82145.922668
82149.521057
82153.099854
82156.677917
82160.267578
82163.871094
82167.463806
82171.069458
82174.650574
82178.227844
82181.798828
82185.373779
82188.955139
82192.554321
82196.113647
82199.694702
82203.262634
82206.836609
82210.343140
82213.915039
82217.510376
82221.105286
82224.686523
82228.270081
82231.854614
82235.445984
82239.052979
82242.637207
82246.233521
82249.844971
82253.457397
82257.067932
82260.674194
82264.270691
82267.885559
82271.472168
82275.053223
82278.577026
82282.161255
82285.738770
82289.348633
82292.964172
82296.572876
82300.185364
82303.802673
82307.396301
82310.969788
82314.558289
82318.134583
82321.715149
82325.300354
82328.895935
82332.489624
82336.072754
82339.668945
82343.183289
82346.769531
82350.358887
82353.929382
82357.512268
82361.100525
82364.677856
82368.259277
82371.869141
82375.446106
82379.023804
82382.607117
82386.186157
82389.777588
82393.367432
82396.935303
82400.519775
82404.103943
82407.614319
82411.195374
82414.788025
82418.364990
82421.951172
82425.534851
82429.117981
82432.699768
82436.295593
82439.876160
82443.445923
82447.025452
82450.606750
82454.194275
82457.791016
82461.367126
82464.948914
82468.526733
82472.037048
82475.619446
82479.203430
82482.789795
82486.367554
82489.951843
82493.533264
82497.120972
82500.712463
82504.293884
82507.872620
82511.454468
82515.040039
82518.631714
82522.227966
82525.792236
82529.385620
82532.907715
82536.495728
82540.089783
82543.687073
82547.275208
82550.864014
82554.340454
82557.839539
82561.385315
82564.973999
82568.594299
82572.177307
82575.781921
82579.391418
82583.006226
82586.596680
82590.201965
82593.720642
82597.284973
82600.770935
82604.244446
82607.757629
82611.272888
82614.755676
82618.243408
82621.787292
82625.265808
82628.772034
82632.264526
82635.844604
82639.416931
82643.007324
82646.609619
82650.134644
82653.620300
82657.103027
82660.566528
82664.049500
82667.534729
82671.026917
82674.555481
82678.037109
82681.520813
82685.095886
82688.689880
82692.280823
82695.851746
82699.422668
82702.997131
82706.567932
82710.139587
82713.714600
82717.287476
82720.863708
82724.437439
82728.014526
82731.525879
82735.110474
82738.678406
82742.158447
82745.651611
82749.151428
82752.666382
82756.151306
82759.657104
82763.180359
82766.662659
82770.148621
82773.658691
82777.149780
82780.646179
82784.115417
82787.704041
82791.317566
82794.820557
82798.396790
82801.972412
82805.546692
82809.121033
82812.694519
82816.270691
82819.891479
82823.455505
82827.048706
82830.660278
82834.319214
82837.984436
82841.653870
82845.303772
82848.884583
82852.457458
82856.032410
82859.535645
82863.108643
82866.680664
82870.249939
82873.820618
82877.394531
82880.961365
82884.535583
82888.102966
82891.686829
82895.257019
82898.822876
82902.382080
82905.949280
82909.517883
82913.094238
82916.670410
82920.236755
82923.741516
82927.312683
82930.884888
82934.458618
82938.056641
82941.694885
82945.275330
82948.852539
82952.422852
82955.993225
82959.585693
82963.178589
82966.753235
82970.344360
82973.947449
82977.535034
82981.095825
82984.670776
82988.244019
82991.741699
82995.310364
82998.890564
83002.470032
83006.060059
83009.660645
83013.255371
83016.853149
83020.468079
83024.065552
83027.656799
83031.251404
83034.832092
83038.433228
83042.040283
83045.648315
83049.263123
83052.864807
83056.462524
83059.992371
83063.591980
83067.203247
83070.788147
83074.352417
83077.917297
83081.487427
83085.052612
83088.619995
83092.206726
83095.768677
83099.334839
83102.901123
83106.464844
83110.046509
83113.611938
83117.184204
83120.743225
83124.246399
83127.812378
83131.384766
83134.947144
83138.519470
83142.088623
83145.656006
83149.219543
83152.805176
83156.479553
83160.116699
83163.771729
83167.363403
83171.008179
83174.612000
83178.214905
83181.797302
83185.441345
83189.055054
83192.675171
83196.285706
83199.891052
83203.560608
83207.190857
83210.804749
83214.399902
83218.004822
83221.635254
83225.309387
83228.910645
83232.517517
83236.125916
83239.721313
83243.327454
83246.936707
83250.529236
83254.156738
83257.746521
83261.338318
83264.940308
83268.507324
83272.114868
83275.696167
83279.278625
83282.918274
83286.570740
83290.175354
83293.765320
83297.357910
83300.941772
83304.461060
83308.048584
83311.634583
83315.215515
83318.820251
83322.407898
83326.004944
83329.658508
83333.315918
83336.952820
83340.554138
83344.140442
83347.741577
83351.362732
83354.940063
83358.555420
83362.157043
83365.774963
83369.362122
83372.907654
83376.507568
83380.117188
83383.734009
83387.330750
83390.947754
83394.534851
83398.173462
83401.758301
83405.380737
83408.968933
83412.584229
83416.189575
83419.810120
83423.413757
83427.0