182473.695435
182503.794678
182533.572937
182563.385498
182593.189880
182623.031860
182652.857361
182682.649597
182712.499573
182742.264954
182772.097351
182801.885986
182831.721497
182861.496765
182891.320679
182921.088013
182950.883972
182980.646484
183010.485352
183040.247864
183070.048157
183099.905212
183129.706116
183159.545044
183189.309631
183219.148804
183248.947266
183278.731995
183308.592773
183338.367981
183368.213806
183398.012512
183427.847534
183457.674194
183487.522156
183517.309082
183547.131165
183577.016235
183606.793823
183636.637695
183666.385742
183696.248474
183726.011841
183755.848389
183785.655090
183815.499756
183845.286011
183875.090881
183905.001038
183934.784302
183964.612488
183994.390991
184024.193665
184053.997559
184083.833923
184113.618469
184143.469543
184173.243713
184203.088928
184232.815063
184262.647583
184292.391113
184322.207642
184351.979370
184381.811096
184411.620972
184441.454590
184471.228088
184501.055969
184530.813721
184560.613220
184590.442566
184620.208069
184650.076721
184679.854004
184709.697754
184739.502136
184769.345276
184799.097534
184828.895386
184858.652222
184888.429993
184918.238403
184948.069397
184977.827698
185007.650330
185037.392883
185067.148499
185096.935974
185126.684021
185156.478699
185186.240234
185216.051758
185245.812744
185275.593750
185305.312683
185335.136658
185364.869812
185394.699402
185424.458374
185454.270630
185484.019714
185513.771790
185543.609192
185573.348938
185603.167053
185632.915833
185662.773987
185692.560974
185722.390564
185752.168823
185782.026184
185811.820007
185841.659973
185871.499939
185901.317993
185931.201965
185960.975403
185990.799622
186020.531921
186050.357117
186080.089905
186109.841675
186139.667114
186169.445679
186199.202332
186229.014282
186258.829041
186288.588928
186318.398193
186348.202698
186378.086487
186407.864380
186437.714661
186467.496643
186497.340454
186527.080383
186556.912292
186586.672668
186616.475342
186646.262390
186676.112671
186705.904114
186735.766174
186765.531616
186795.320740
186825.153809
186854.969116
186884.757568
186914.627930
186944.419922
186974.186768
187004.006287
187033.737000
187063.599854
187093.414001
187123.306519
187153.121765
187183.026672
187212.817444
187242.668152
187272.502197
187302.327393
187332.199890
187361.999634
187391.803711
187421.542542
187451.353394
187481.155640
187510.894836
187540.655396
187570.487061
187600.243225
187630.091553
187659.818970
187689.603455
187719.336060
187749.141052
187778.897644
187808.693726
187838.475037
187868.222961
187898.051514
187927.832153
187957.679443
187987.468750
188017.279053
188047.068420
188076.875671
188106.642151
188136.465271
188166.262268
188196.061401
188225.943237
188255.778931
188285.521423
188315.251343
188345.055908
188374.803650
188404.576721
188434.261963
188464.100830
188493.869629
188523.628784
188553.440430
188583.181274
188612.974792
188642.713501
188672.536926
188702.268372
188732.132812
188761.934326
188791.777405
188821.583374
188851.348999
188881.220642
188911.172852
188940.953247
188970.730835
189000.542053
189030.280640
189060.126648
189089.962158
189119.810242
189149.626465
189179.486511
189209.260193
189239.112610
189268.963440
189298.762329
189328.561890
189358.359741
189388.163513
189417.914246
189447.752563
189477.539429
189507.346130
189537.125610
189566.935486
189596.692505
189626.440247
189656.282349
189686.063171
189715.864563
189745.626526
189775.447021
189805.177429
189834.985535
189864.742188
189894.517822
189924.283813
189954.077820
189983.958069
190013.737976
190043.577271
190073.374512
190103.162903
190132.962769
190162.761841
190192.581543
190222.397888
190252.237061
190282.012573
190311.849609
190341.630432
190371.469055
190401.218628
190431.057312
190460.843994
190490.664368
190520.443420
190550.160156
190579.944031
190609.703979
190639.521484
190669.285400
190699.083252
190728.831604
190758.646301
190788.378906
190818.137268
190847.961121
190877.729675
190907.563232
190937.357605
190967.155396
190996.925659
191026.778198
191056.573608
191086.380493
191116.156006
191146.006531
191175.790466
191205.553894
191235.386963
191265.158936
191295.000854
191324.705078
191354.461853
191384.178528
191414.012146
191443.759094
191473.524841
191503.354126
191533.098694
191562.846619
191592.585510
191622.352478
191652.094055
191681.882568
191711.592163
191741.308655
191770.976318
191800.712280
191830.483276
191860.189636
191889.960083
191919.676636
191949.429626
191979.134216
192008.900391
192038.613220
192068.301147
192098.155823
192127.885437
192157.680786
192187.418091
192217.187195
192246.921753
192276.730652
192306.487915
192336.304626
192366.069946
192395.811340
192425.637451
192455.434265
192485.275513
192515.068115
192544.911011
192574.689514
192604.523804
192634.287476
192664.064270
192693.854980
192723.707581
192753.480591
192783.196838
192812.988586
192842.722961
192872.565002
192902.293884
192932.096069
192961.854797
192991.664612
193021.420410
193051.200562
193080.965454
193110.783508
193140.546143
193170.296692
193200.078796
193229.796997
193259.572571
193289.280579
193319.062805
193348.815857
193378.600464
193408.319519
193438.078186
193467.820129
193497.491028
193527.259705
193556.990967
193586.765869
193616.476746
193646.273254
193676.023010
193705.801575
193735.532227
193765.323303
193795.036072
193824.840820
193854.670471
193884.431213
193914.278809
193944.051697
193973.881226
194003.665771
194033.488831
194063.277100
194093.055481
194122.869324
194152.648621
194182.468384
194212.264954
194242.086853
194271.837219
194301.671631
194331.467957
194361.322449
194391.111267
194420.902527
194450.730591
194480.530884
194510.375427
194540.148743
194569.967285
194599.723206
194629.601135
194659.342712
194689.202393
194718.977722
194748.862976
194778.629700
194808.445496
194838.224609
194868.042297
194897.749939
194927.598877
194957.377686
194987.174377
195016.979248
195046.772278
195076.653687
195106.479309
195136.358459
195166.174683
195196.050171
195225.844360
195255.689575
195285.460022
195315.327087
195345.071228
195374.899719
195404.685547
195434.517029
195464.328247
195494.082153
195523.885010
195553.644409
195583.458862
195613.163696
195642.957825
195672.690674
195702.512329
195732.280090
195762.132568
195791.896057
195821.781555
195851.561462
195881.377380
195911.140198
195941.012329
195970.796082
196000.578430
196030.368896
196060.115295
196089.856506
196119.629272
196149.433838
196179.213013
196209.075684
196238.920776
196268.783264
196298.590149
196328.425110
196358.187134
196388.068787
196417.880310
196447.686157
196477.560486
196507.413574
196537.268677
196567.078064
196596.960876
196626.719421
196656.600891
196686.436340
196716.300110
196746.072937
196775.899292
196805.690552
196835.555420
196865.354614
196895.234314
196925.093384
196954.995850
196984.857239
197014.680115
197044.566895
197074.385620
197104.273132
197134.099609
197163.948792
197193.759827
197223.633484
197253.400940
197283.241577
197313.031555
197342.837097
197372.760620
197402.565308
197432.439270
197462.165955
197492.074829
197521.898987
197551.768066
197581.599243
197611.513367
197641.397705
197671.252258
197701.068665
197730.916809
197760.811279
197790.654053
197820.550781
197850.406616
197880.317688
197910.188110
197940.090149
197969.915771
197999.799927
198029.625122
198059.495239
198089.334106
198119.125549
198149.060974
198178.840210
198208.686890
198238.539612
198268.421387
198298.273132
198328.165100
198358.001587
198387.862671
198417.683899
198447.566650
198477.363281
198507.237915
198537.061646
198566.893494
198596.731812
198626.556091
198656.482178
198686.297974
198716.244385
198746.057190
198775.954285
198805.822571
198835.740295
198865.625244
198895.494080
198925.302429
198955.134521
198984.975098
199014.813843
199044.675232
199074.520813
199104.396423
199134.203979
199164.079407
199193.866882
199223.726562
199253.547729
199283.492798
199313.318481
199343.212585
199373.055298
199402.921387
199432.737610
199462.559692
199492.442139
199522.289001
199552.192261
199582.021729
199611.871399
199641.672913
199671.517151
199701.341003
199731.223999
199761.046082
199790.928284
199820.770386
199850.636292
199880.539856
199910.300476
199940.171204
199969.953857
199999.850769
200029.644043
200059.494629
200089.315308
200119.187073
200149.045227
200178.895569
200208.682739
200238.552612
200268.339355
200298.091980
200327.927673
200357.758850
200387.559998
200417.366455
200447.220947
200476.980103
200506.869263
200536.657104
200566.497986
200596.246521
200626.003967
200655.848145
200685.598816
200715.457947
200745.278381
200775.113525
200804.888245
200834.718567
200864.517517
200894.363220
200924.156982
200954.034485
200983.815613
201013.606079
201043.453064
201073.223877
201103.010315
201132.808350
201162.646484
201192.447754
201222.335999
201252.112000
201281.968628
201311.759949
201341.510376
201371.321350
201401.121033
201430.996277
201460.767822
201490.590637
201520.423340
201550.341248
201580.284363
201610.271973
201640.199097
201671.226501
201702.178345
201733.177429
201764.228943
201795.181213
201826.188721
201857.133423
201888.149292
201919.105347
201950.118225
201981.039185
202011.981750
202042.981018
202073.933044
202104.931091
202135.965637
202166.288696
202195.985352
202225.669983
202255.310303
202284.968567
202314.635376
202344.250916
202373.910950
202403.558105
202433.239075
202462.897827
202492.618530
202522.285034
202551.962280
202581.625427
202611.253296
202640.924194
202670.606750
202700.272461
202729.987732
202759.635742
202789.303101
202818.999023
202848.658508
202878.366638
202908.019897
202937.754761
202967.463074
202997.211426
203026.909912
203056.666443
203086.360596
203116.016724
203145.815796
203175.481262
203205.153381
203234.781738
203264.487122
203294.101746
203323.858948
203353.588440
203383.285889
203412.973389
203442.710632
203472.398499
203502.036621
203531.726868
203561.353271
203591.101318
203620.731201
203650.445129
203680.093811
203709.790771
203739.466431
203769.196106
203798.885376
203828.624451
203858.317261
203888.004578
203917.725891
203947.386536
203977.118469
204006.771912
204036.468018
204066.126099
204095.873962
204125.544006
204155.248962
204184.916382
204214.646729
204244.320496
204274.002502
204303.649292
204333.358337
204363.005371
204392.690552
204422.306519
204451.946899
204481.702820
204511.364441
204541.009338
204570.702087
204600.463989
204630.131836
204659.850525
204689.609070
204719.913147
204750.037781
204780.173523
204810.181946
204840.136841
204869.784729
204899.308777
204928.845703
204958.317200
204987.859436
205017.365112
205046.915527
205076.381470
205105.914490
205135.412231
205164.971313
205194.431030
205223.989746
205253.484009
205283.037354
205312.522522
205342.014709
205371.557434
205401.090942
205430.667542
205460.163940
205489.757141
205519.307068
205548.858521
205578.363647
205607.924011
205637.421570
205667.020569
205696.522400
205726.073242
205755.600891
205785.190979
205814.717468
205844.292603
205873.796936
205903.357666
205932.880310
205962.444153
205991.956299
206021.477356
206051.062195
206080.593567
206110.189819
206139.719177
206169.288635
206198.809570
206228.369141
206257.886719
206287.425171
206316.920837
206346.458801
206375.924255
206405.445374
206434.926270
206464.510376
206494.003784
206523.546692
206553.044128
206582.520386
206612.126221
206641.586426
206671.137756
206700.623230
206730.138977
206759.606262
206789.167908
206818.629761
206848.182739
206877.639404
206907.193542
206936.674866
206966.226074
206995.688171
207025.221680
207054.692444
207084.179077
207113.714661
207143.220764
207172.787048
207202.302002
207231.880859
207261.406006
207290.989990
207320.475891
207350.023865
207379.502808
207408.983704
207438.526550
207467.994568
207497.572815
207527.096069
207556.601562
207586.087158
207615.646667
207645.098022
207674.623962
207704.098267
207733.648193
207763.164612
207792.738708
207822.273865
207851.842896
207881.458984
207911.005737
207940.619385
207970.116455
207999.702698
208029.237671
208058.826172
208088.359924
208117.940796
208147.461426
208177.016907
208206.577515
208236.061279
208265.565857
208295.169006
208324.742432
208354.277039
208383.853882
208413.340210
208442.899658
208472.418762
208502.061218
208531.585022
208561.102478
208590.669067
208620.226013
208649.771606
208679.246887
208708.769714
208738.356445
208767.982788
208797.495605
208827.079529
208856.620239
208886.150635
208915.645447
208945.208435
208974.734131
209004.278748
209033.847290
209063.367920
209092.951538
209122.497986
209152.053711
209181.616089
209211.178101
209240.690918
209270.287720
209299.815247
209329.352417
209358.930603
209388.440491
209418.034912
209447.566711
209477.134949
209506.714722
209536.354431
209565.903748
209595.420715
209625.010132
209654.598389
209684.268311
209713.798523
209743.403687
209772.943848
209802.528625
209832.041199
209861.633667
209891.169922
209920.778931
209950.343384
209979.972168
210009.499207
210039.119995
210068.662964
210098.243713
210127.781372
210157.317993
210186.923401
210216.493469
210246.063477
210275.560364
210305.080017
210334.553467
210364.129395
210393.658264
210423.177612
210452.684265
210482.226013
210511.738220
210541.233521
210570.780457
210600.294006
210629.854492
210659.408386
210688.964905
210718.493591
210748.092590
210777.634277
210807.213257
210836.742981
210866.327576
210895.896973
210925.465149
210954.988220
210984.508728
211014.066956
211043.609375
211073.171448
211102.684387
211132.233582
211161.730957
211191.311035
211220.824280
211250.391418
211279.898193
211309.455261
211339.008240
211368.539246
211398.089966
211427.615295
211457.194336
211486.726013
211516.308411
211545.827515
211575.439636
211604.952942
211634.448975
211664.013489
211693.517334
211723.093567
211752.568298
211782.155151
211811.675476
211841.255005
211870.811829
211900.412842
211929.932800
211959.478516
211989.036377
212018.576294
212048.158752
212077.708496
212107.269592
212136.795715
212166.356934
212195.877258
212225.434082
212254.967041
212284.522888
212314.010010
212343.557312
212373.060791
212402.592224
212432.110413
212461.601440
212491.158875
212520.662842
212550.242615
212579.804810
212609.344971
212638.921387
212668.488159
212698.086304
212727.612549
212757.204346
212786.729736
212816.319214
212845.807373
212875.395508
212904.909241
212934.516296
212964.021484
212993.560913
213023.043579
213052.517517
213082.057861
213111.573486
213141.125061
213170.613220
213200.152832
213229.642456
213259.215942
213288.755066
213318.351868
213347.879333
213377.473267
213406.999573
213436.535461
213466.104797
213495.590210
213525.176514
213554.663696
213584.190063
213613.735840
213643.243652
213672.777039
213702.285278
213731.835815
213761.318481
213790.871460
213820.452698
213849.973145
213879.563782
213909.071472
213938.687500
213968.245361
213997.816284
214027.427185
214057.048096
214086.636719
214116.182190
214145.798401
214175.358093
214204.987976
214234.572998
214264.203918
214293.729980
214323.367126
214352.902222
214382.492188
214412.017944
214441.601807
214471.148865
214500.719177
214530.218872
214559.758362
214589.340149
214618.881409
214648.482056
214678.007080
214707.606995
214737.118530
214766.726929
214796.260498
214825.767273
214855.354370
214884.874695
214914.465759
214944.020386
214973.616943
215003.184448
215032.740417
215062.285034
215091.856323
215121.367249
215150.922424
215180.484497
215210.031372
215239.489990
215269.011597
215298.486450
215328.080811
215357.623474
215387.132629
215416.691650
215446.154541
215475.714722
215505.211182
215534.740601
215564.215698
215593.725647
215623.266113
215652.772766
215682.336914
215711.863525
215741.423035
215770.893799
215800.425354
215829.886414
215859.439270
215888.900574
215918.428040
215947.875366
215977.345154
216006.895630
216036.420044
216065.862122
216095.395325
216124.886719
216154.372620
216183.885437
216213.327881
216242.841187
216272.573730
216302.120972
216331.576111
216361.107788
216390.642944
216420.092346
216449.631165
216479.137695
216508.712463
216538.206116
216567.717834
216597.293030
216626.759216
216656.307007
216685.794250
216715.281128
216744.831787
216774.337219
216803.858643
216833.402832
216862.870789
216892.409119
216921.871094
216951.387390
216980.895630
217010.406433
217039.883728
217069.358887
217098.875366
217128.347595
217157.901978
217187.382507
217216.840027
2172