Weights for each field: 
l1_icache: 2.894834e-06
cycles: 7.440517e-09
ins: -8.716590e-09
l2: 8.357566e-07
tlb_data: -1.566467e-07
l1_dcache: -5.982813e-07
tlb_ins: -5.498829e-05

----------------------------------------------------------------------------------------
File		Answer	Output	Error	Error%	L1_I%	Cycles%	Ins%	L2%	TLB_Data%	L1_D%	TLB_Ins%
----------------------------------------------------------------------------------------
ins_msr		0.09	0.04	-0.04	49.68	57.68	58.39	-42.36	51.83	-0.61	-24.93	-0.00
l1_msr		140.68	124.88	-15.81	11.24	0.30	51.68	-30.19	275.79	-0.01	-196.89	-0.68
pr_spmv		80.27	96.47	16.20	20.19	3.55	362.78	-255.94	347.81	-27.62	-317.73	-12.86
bfs		    70.72	58.45	-12.26	17.34	5.55	525.57	-399.56	248.35	-22.18	-233.05	-24.68
cc		    67.97	62.44	-5.53	8.14	4.83	489.22	-372.10	238.31	-20.72	-216.28	-23.26
sssp		84.16	79.03	-5.12	6.09	10.87	461.84	-343.54	255.02	-19.01	-230.18	-35.00
pr		    84.43	104.65	20.22	23.95	3.41	346.23	-241.16	388.12	-30.63	-354.16	-11.81
err_sssp	2.00	-0.49	-2.49	124.41	-6438.2	-3429.7	3701.74	-4679.1	43.32	3636.73	7265.41
tc		    184.98	220.83	35.85	19.38	4.67	367.91	-352.21	277.01	-8.31	-175.99	-13.09
tlb_msr		28.13	10.24	-17.89	63.60	1.63	129.55	-14.74	264.14	-31.43	-189.57	-59.58
err_bfs		0.82	2.20	1.38	167.69	1497.45	627.52	-624.82	1002.18	-10.40	-718.43	-1673.50
cc_sv		71.80	68.43	-3.37	4.70	4.44	468.79	-351.58	317.16	-27.20	-295.29	-16.32
l2_msr		249.60	248.18	-1.42	0.57	0.32	45.32	-24.26	237.75	-0.01	-158.60	-0.51
bc		    75.29	81.67	6.38	8.47	3.92	400.33	-297.59	247.54	-21.67	-221.98	-10.56
Mean error: 37.531
