bc,1106532,43938950839,0.63,241883851,112964265,302996969,156787,0.319
l2_msr,270376,15115940346,0.46,705997739,211140,657901285,23049,0.184
cc_sv,1050443,43115562094,0.64,259685744,118837781,337752947,203052,0.125
err_bfs,11403109,1859175863,0.85,26433717,1464045,26471088,670887,0.000
tlb_msr,57525,1782424327,0.10,32353896,20539920,32436945,110915,0.107
tc,3559496,109194563322,0.82,731930858,117084328,649577427,525536,0.281
err_sssp,10870267,2252997027,0.92,27364388,1351600,29709943,645783,0.000
pr,1231344,48695113984,0.59,485970913,204637555,619468512,224684,0.213
sssp,2967299,49056400125,0.63,241156551,95894554,304069459,503069,0.143
cc,1042915,41056219808,0.65,178048842,82601371,225725815,264178,0.088
bfs,1120819,41289863658,0.65,173700287,82785104,227693531,262389,0.170
pr_spmv,1184361,47035081243,0.60,401461195,170084950,512314105,225532,0.112
l1_msr,128905,8673540405,0.50,412073934,114105,410950816,15366,0.171
ins_msr,8805,3468138,0.62,27409,1729,18417,0,0.000
bc,1106532,43938950839,0.63,241883851,112964265,302996969,156787,0.319
l2_msr,270376,15115940346,0.46,705997739,211140,657901285,23049,0.184
cc_sv,1050443,43115562094,0.64,259685744,118837781,337752947,203052,0.125
err_bfs,11403109,1859175863,0.85,26433717,1464045,26471088,670887,0.000
tlb_msr,57525,1782424327,0.10,32353896,20539920,32436945,110915,0.107
tc,3559496,109194563322,0.82,731930858,117084328,649577427,525536,0.281
err_sssp,10870267,2252997027,0.92,27364388,1351600,29709943,645783,0.000
pr,1231344,48695113984,0.59,485970913,204637555,619468512,224684,0.213
sssp,2967299,49056400125,0.63,241156551,95894554,304069459,503069,0.143
cc,1042915,41056219808,0.65,178048842,82601371,225725815,264178,0.088
bfs,1120819,41289863658,0.65,173700287,82785104,227693531,262389,0.170
pr_spmv,1184361,47035081243,0.60,401461195,170084950,512314105,225532,0.112
l1_msr,128905,8673540405,0.50,412073934,114105,410950816,15366,0.171
ins_msr,8805,3468138,0.62,27409,1729,18417,0,0.000
bc,1106532,43938950839,0.63,241883851,112964265,302996969,156787,0.319
l2_msr,270376,15115940346,0.46,705997739,211140,657901285,23049,0.184
cc_sv,1050443,43115562094,0.64,259685744,118837781,337752947,203052,0.125
err_bfs,11403109,1859175863,0.85,26433717,1464045,26471088,670887,0.000
tlb_msr,57525,1782424327,0.10,32353896,20539920,32436945,110915,0.107
tc,3559496,109194563322,0.82,731930858,117084328,649577427,525536,0.281
err_sssp,10870267,2252997027,0.92,27364388,1351600,29709943,645783,0.000
pr,1231344,48695113984,0.59,485970913,204637555,619468512,224684,0.213
sssp,2967299,49056400125,0.63,241156551,95894554,304069459,503069,0.143
cc,1042915,41056219808,0.65,178048842,82601371,225725815,264178,0.088
bfs,1120819,41289863658,0.65,173700287,82785104,227693531,262389,0.170
pr_spmv,1184361,47035081243,0.60,401461195,170084950,512314105,225532,0.112
l1_msr,128905,8673540405,0.50,412073934,114105,410950816,15366,0.171
ins_msr,8805,3468138,0.62,27409,1729,18417,0,0.000
bc,1106532,43938950839,0.63,241883851,112964265,302996969,156787,0.080
l2_msr,270376,15115940346,0.46,705997739,211140,657901285,23049,0.893
cc_sv,1050443,43115562094,0.64,259685744,118837781,337752947,203052,0.000
err_bfs,11403109,1859175863,0.85,26433717,1464045,26471088,670887,1.214
tlb_msr,57525,1782424327,0.10,32353896,20539920,32436945,110915,0.640
tc,3559496,109194563322,0.82,731930858,117084328,649577427,525536,0.416
err_sssp,10870267,2252997027,0.92,27364388,1351600,29709943,645783,0.000
pr,1231344,48695113984,0.59,485970913,204637555,619468512,224684,0.355
sssp,2967299,49056400125,0.63,241156551,95894554,304069459,503069,0.238
cc,1042915,41056219808,0.65,178048842,82601371,225725815,264178,0.206
bfs,1120819,41289863658,0.65,173700287,82785104,227693531,262389,0.240
pr_spmv,1184361,47035081243,0.60,401461195,170084950,512314105,225532,0.212
l1_msr,128905,8673540405,0.50,412073934,114105,410950816,15366,0.889
ins_msr,8805,3468138,0.62,27409,1729,18417,0,0.000
bc,1106532,43938950839,0.63,241883851,112964265,302996969,156787,0.319
l2_msr,270376,15115940346,0.46,705997739,211140,657901285,23049,0.184
cc_sv,1050443,43115562094,0.64,259685744,118837781,337752947,203052,0.125
err_bfs,11403109,1859175863,0.85,26433717,1464045,26471088,670887,0.000
tlb_msr,57525,1782424327,0.10,32353896,20539920,32436945,110915,0.107
tc,3559496,109194563322,0.82,731930858,117084328,649577427,525536,0.281
err_sssp,10870267,2252997027,0.92,27364388,1351600,29709943,645783,0.000
pr,1231344,48695113984,0.59,485970913,204637555,619468512,224684,0.213
sssp,2967299,49056400125,0.63,241156551,95894554,304069459,503069,0.143
cc,1042915,41056219808,0.65,178048842,82601371,225725815,264178,0.088
bfs,1120819,41289863658,0.65,173700287,82785104,227693531,262389,0.170
pr_spmv,1184361,47035081243,0.60,401461195,170084950,512314105,225532,0.112
l1_msr,128905,8673540405,0.50,412073934,114105,410950816,15366,0.171
ins_msr,8805,3468138,0.62,27409,1729,18417,0,0.000
bc,1106532,43938950839,0.63,241883851,112964265,302996969,156787,0.319
l2_msr,270376,15115940346,0.46,705997739,211140,657901285,23049,0.184
cc_sv,1050443,43115562094,0.64,259685744,118837781,337752947,203052,0.125
err_bfs,11403109,1859175863,0.85,26433717,1464045,26471088,670887,0.000
tlb_msr,57525,1782424327,0.10,32353896,20539920,32436945,110915,0.107
tc,3559496,109194563322,0.82,731930858,117084328,649577427,525536,0.281
err_sssp,10870267,2252997027,0.92,27364388,1351600,29709943,645783,0.000
pr,1231344,48695113984,0.59,485970913,204637555,619468512,224684,0.213
sssp,2967299,49056400125,0.63,241156551,95894554,304069459,503069,0.143
cc,1042915,41056219808,0.65,178048842,82601371,225725815,264178,0.088
bfs,1120819,41289863658,0.65,173700287,82785104,227693531,262389,0.170
pr_spmv,1184361,47035081243,0.60,401461195,170084950,512314105,225532,0.112
l1_msr,128905,8673540405,0.50,412073934,114105,410950816,15366,0.171
ins_msr,8805,3468138,0.62,27409,1729,18417,0,0.000
bc,1106532,43938950839,0.63,241883851,112964265,302996969,156787,0.319
l2_msr,270376,15115940346,0.46,705997739,211140,657901285,23049,0.184
cc_sv,1050443,43115562094,0.64,259685744,118837781,337752947,203052,0.125
err_bfs,11403109,1859175863,0.85,26433717,1464045,26471088,670887,0.000
tlb_msr,57525,1782424327,0.10,32353896,20539920,32436945,110915,0.107
tc,3559496,109194563322,0.82,731930858,117084328,649577427,525536,0.281
err_sssp,10870267,2252997027,0.92,27364388,1351600,29709943,645783,0.000
pr,1231344,48695113984,0.59,485970913,204637555,619468512,224684,0.213
sssp,2967299,49056400125,0.63,241156551,95894554,304069459,503069,0.143
cc,1042915,41056219808,0.65,178048842,82601371,225725815,264178,0.088
bfs,1120819,41289863658,0.65,173700287,82785104,227693531,262389,0.170
pr_spmv,1184361,47035081243,0.60,401461195,170084950,512314105,225532,0.112
l1_msr,128905,8673540405,0.50,412073934,114105,410950816,15366,0.171
ins_msr,8805,3468138,0.62,27409,1729,18417,0,0.000
bc,1106532,43938950839,0.63,241883851,112964265,302996969,156787,0.319
l2_msr,270376,15115940346,0.46,705997739,211140,657901285,23049,0.184
cc_sv,1050443,43115562094,0.64,259685744,118837781,337752947,203052,0.125
err_bfs,11403109,1859175863,0.85,26433717,1464045,26471088,670887,0.000
tlb_msr,57525,1782424327,0.10,32353896,20539920,32436945,110915,0.107
tc,3559496,109194563322,0.82,731930858,117084328,649577427,525536,0.281
err_sssp,10870267,2252997027,0.92,27364388,1351600,29709943,645783,0.000
pr,1231344,48695113984,0.59,485970913,204637555,619468512,224684,0.213
sssp,2967299,49056400125,0.63,241156551,95894554,304069459,503069,0.143
cc,1042915,41056219808,0.65,178048842,82601371,225725815,264178,0.088
bfs,1120819,41289863658,0.65,173700287,82785104,227693531,262389,0.170
pr_spmv,1184361,47035081243,0.60,401461195,170084950,512314105,225532,0.112
l1_msr,128905,8673540405,0.50,412073934,114105,410950816,15366,0.171
ins_msr,8805,3468138,0.62,27409,1729,18417,0,0.000
bc,1106532,43938950839,0.63,241883851,112964265,302996969,156787,0.319
l2_msr,270376,15115940346,0.46,705997739,211140,657901285,23049,0.184
cc_sv,1050443,43115562094,0.64,259685744,118837781,337752947,203052,0.125
err_bfs,11403109,1859175863,0.85,26433717,1464045,26471088,670887,0.000
tlb_msr,57525,1782424327,0.10,32353896,20539920,32436945,110915,0.107
tc,3559496,109194563322,0.82,731930858,117084328,649577427,525536,0.281
err_sssp,10870267,2252997027,0.92,27364388,1351600,29709943,645783,0.000
pr,1231344,48695113984,0.59,485970913,204637555,619468512,224684,0.213
sssp,2967299,49056400125,0.63,241156551,95894554,304069459,503069,0.143
cc,1042915,41056219808,0.65,178048842,82601371,225725815,264178,0.088
bfs,1120819,41289863658,0.65,173700287,82785104,227693531,262389,0.170
pr_spmv,1184361,47035081243,0.60,401461195,170084950,512314105,225532,0.112
l1_msr,128905,8673540405,0.50,412073934,114105,410950816,15366,0.171
ins_msr,8805,3468138,0.62,27409,1729,18417,0,0.000
bc,1106532,43938950839,0.63,241883851,112964265,302996969,156787,0.319
l2_msr,270376,15115940346,0.46,705997739,211140,657901285,23049,0.184
cc_sv,1050443,43115562094,0.64,259685744,118837781,337752947,203052,0.125
err_bfs,11403109,1859175863,0.85,26433717,1464045,26471088,670887,0.000
tlb_msr,57525,1782424327,0.10,32353896,20539920,32436945,110915,0.107
tc,3559496,109194563322,0.82,731930858,117084328,649577427,525536,0.281
err_sssp,10870267,2252997027,0.92,27364388,1351600,29709943,645783,0.000
pr,1231344,48695113984,0.59,485970913,204637555,619468512,224684,0.213
sssp,2967299,49056400125,0.63,241156551,95894554,304069459,503069,0.143
cc,1042915,41056219808,0.65,178048842,82601371,225725815,264178,0.088
bfs,1120819,41289863658,0.65,173700287,82785104,227693531,262389,0.170
pr_spmv,1184361,47035081243,0.60,401461195,170084950,512314105,225532,0.112
l1_msr,128905,8673540405,0.50,412073934,114105,410950816,15366,0.171
ins_msr,8805,3468138,0.62,27409,1729,18417,0,0.000
bc,1106532,43938950839,0.63,241883851,112964265,302996969,156787,0.319
l2_msr,270376,15115940346,0.46,705997739,211140,657901285,23049,0.184
cc_sv,1050443,43115562094,0.64,259685744,118837781,337752947,203052,0.125
err_bfs,11403109,1859175863,0.85,26433717,1464045,26471088,670887,0.000
tlb_msr,57525,1782424327,0.10,32353896,20539920,32436945,110915,0.107
tc,3559496,109194563322,0.82,731930858,117084328,649577427,525536,0.281
err_sssp,10870267,2252997027,0.92,27364388,1351600,29709943,645783,0.000
pr,1231344,48695113984,0.59,485970913,204637555,619468512,224684,0.213
sssp,2967299,49056400125,0.63,241156551,95894554,304069459,503069,0.143
cc,1042915,41056219808,0.65,178048842,82601371,225725815,264178,0.088
bfs,1120819,41289863658,0.65,173700287,82785104,227693531,262389,0.170
pr_spmv,1184361,47035081243,0.60,401461195,170084950,512314105,225532,0.112
l1_msr,128905,8673540405,0.50,412073934,114105,410950816,15366,0.171
ins_msr,8805,3468138,0.62,27409,1729,18417,0,0.000
bc,1106532,43938950839,0.63,241883851,112964265,302996969,156787,0.328
l2_msr,270376,15115940346,0.46,705997739,211140,657901285,23049,0.188
cc_sv,1050443,43115562094,0.64,259685744,118837781,337752947,203052,0.138
err_bfs,11403109,1859175863,0.85,26433717,1464045,26471088,670887,0.099
tlb_msr,57525,1782424327,0.10,32353896,20539920,32436945,110915,0.115
tc,3559496,109194563322,0.82,731930858,117084328,649577427,525536,0.284
err_sssp,10870267,2252997027,0.92,27364388,1351600,29709943,645783,0.106
pr,1231344,48695113984,0.59,485970913,204637555,619468512,224684,0.222
sssp,2967299,49056400125,0.63,241156551,95894554,304069459,503069,0.145
cc,1042915,41056219808,0.65,178048842,82601371,225725815,264178,0.096
bfs,1120819,41289863658,0.65,173700287,82785104,227693531,262389,0.176
pr_spmv,1184361,47035081243,0.60,401461195,170084950,512314105,225532,0.119
l1_msr,128905,8673540405,0.50,412073934,114105,410950816,15366,0.175
ins_msr,8805,3468138,0.62,27409,1729,18417,0,0.000
bc,1106532,43938950839,0.63,241883851,112964265,302996969,156787,0.328
l2_msr,270376,15115940346,0.46,705997739,211140,657901285,23049,0.188
cc_sv,1050443,43115562094,0.64,259685744,118837781,337752947,203052,0.138
err_bfs,11403109,1859175863,0.85,26433717,1464045,26471088,670887,0.099
tlb_msr,57525,1782424327,0.10,32353896,20539920,32436945,110915,0.115
tc,3559496,109194563322,0.82,731930858,117084328,649577427,525536,0.284
err_sssp,10870267,2252997027,0.92,27364388,1351600,29709943,645783,0.106
pr,1231344,48695113984,0.59,485970913,204637555,619468512,224684,0.222
sssp,2967299,49056400125,0.63,241156551,95894554,304069459,503069,0.145
cc,1042915,41056219808,0.65,178048842,82601371,225725815,264178,0.096
bfs,1120819,41289863658,0.65,173700287,82785104,227693531,262389,0.176
pr_spmv,1184361,47035081243,0.60,401461195,170084950,512314105,225532,0.119
l1_msr,128905,8673540405,0.50,412073934,114105,410950816,15366,0.175
ins_msr,8805,3468138,0.62,27409,1729,18417,0,0.000
bc,1106532,43938950839,0.63,241883851,112964265,302996969,156787,0.328
l2_msr,270376,15115940346,0.46,705997739,211140,657901285,23049,0.188
cc_sv,1050443,43115562094,0.64,259685744,118837781,337752947,203052,0.138
err_bfs,11403109,1859175863,0.85,26433717,1464045,26471088,670887,0.099
tlb_msr,57525,1782424327,0.10,32353896,20539920,32436945,110915,0.115
tc,3559496,109194563322,0.82,731930858,117084328,649577427,525536,0.284
err_sssp,10870267,2252997027,0.92,27364388,1351600,29709943,645783,0.106
pr,1231344,48695113984,0.59,485970913,204637555,619468512,224684,0.222
sssp,2967299,49056400125,0.63,241156551,95894554,304069459,503069,0.145
cc,1042915,41056219808,0.65,178048842,82601371,225725815,264178,0.096
bfs,1120819,41289863658,0.65,173700287,82785104,227693531,262389,0.176
pr_spmv,1184361,47035081243,0.60,401461195,170084950,512314105,225532,0.119
l1_msr,128905,8673540405,0.50,412073934,114105,410950816,15366,0.175
ins_msr,8805,3468138,0.62,27409,1729,18417,0,0.000
bc,1106532,43938950839,0.63,241883851,112964265,302996969,156787,0.328
l2_msr,270376,15115940346,0.46,705997739,211140,657901285,23049,0.188
cc_sv,1050443,43115562094,0.64,259685744,118837781,337752947,203052,0.138
err_bfs,11403109,1859175863,0.85,26433717,1464045,26471088,670887,0.099
tlb_msr,57525,1782424327,0.10,32353896,20539920,32436945,110915,0.115
tc,3559496,109194563322,0.82,731930858,117084328,649577427,525536,0.284
err_sssp,10870267,2252997027,0.92,27364388,1351600,29709943,645783,0.106
pr,1231344,48695113984,0.59,485970913,204637555,619468512,224684,0.222
sssp,2967299,49056400125,0.63,241156551,95894554,304069459,503069,0.145
cc,1042915,41056219808,0.65,178048842,82601371,225725815,264178,0.096
bfs,1120819,41289863658,0.65,173700287,82785104,227693531,262389,0.176
pr_spmv,1184361,47035081243,0.60,401461195,170084950,512314105,225532,0.119
l1_msr,128905,8673540405,0.50,412073934,114105,410950816,15366,0.175
ins_msr,8805,3468138,0.62,27409,1729,18417,0,0.000
bc,1106532,43938950839,0.63,241883851,112964265,302996969,156787,0.328
l2_msr,270376,15115940346,0.46,705997739,211140,657901285,23049,0.188
cc_sv,1050443,43115562094,0.64,259685744,118837781,337752947,203052,0.138
err_bfs,11403109,1859175863,0.85,26433717,1464045,26471088,670887,0.099
tlb_msr,57525,1782424327,0.10,32353896,20539920,32436945,110915,0.115
tc,3559496,109194563322,0.82,731930858,117084328,649577427,525536,0.284
err_sssp,10870267,2252997027,0.92,27364388,1351600,29709943,645783,0.106
pr,1231344,48695113984,0.59,485970913,204637555,619468512,224684,0.222
sssp,2967299,49056400125,0.63,241156551,95894554,304069459,503069,0.145
cc,1042915,41056219808,0.65,178048842,82601371,225725815,264178,0.096
bfs,1120819,41289863658,0.65,173700287,82785104,227693531,262389,0.176
pr_spmv,1184361,47035081243,0.60,401461195,170084950,512314105,225532,0.119
l1_msr,128905,8673540405,0.50,412073934,114105,410950816,15366,0.175
ins_msr,8805,3468138,0.62,27409,1729,18417,0,0.000
bc,1106532,43938950839,0.63,241883851,112964265,302996969,156787,0.328
l2_msr,270376,15115940346,0.46,705997739,211140,657901285,23049,0.188
cc_sv,1050443,43115562094,0.64,259685744,118837781,337752947,203052,0.138
err_bfs,11403109,1859175863,0.85,26433717,1464045,26471088,670887,0.099
tlb_msr,57525,1782424327,0.10,32353896,20539920,32436945,110915,0.115
tc,3559496,109194563322,0.82,731930858,117084328,649577427,525536,0.284
err_sssp,10870267,2252997027,0.92,27364388,1351600,29709943,645783,0.106
pr,1231344,48695113984,0.59,485970913,204637555,619468512,224684,0.222
sssp,2967299,49056400125,0.63,241156551,95894554,304069459,503069,0.145
cc,1042915,41056219808,0.65,178048842,82601371,225725815,264178,0.096
bfs,1120819,41289863658,0.65,173700287,82785104,227693531,262389,0.176
pr_spmv,1184361,47035081243,0.60,401461195,170084950,512314105,225532,0.119
l1_msr,128905,8673540405,0.50,412073934,114105,410950816,15366,0.175
ins_msr,8805,3468138,0.62,27409,1729,18417,0,0.000
bc,1106532,43938950839,0.63,241883851,112964265,302996969,156787,0.328
l2_msr,270376,15115940346,0.46,705997739,211140,657901285,23049,0.188
cc_sv,1050443,43115562094,0.64,259685744,118837781,337752947,203052,0.138
err_bfs,11403109,1859175863,0.85,26433717,1464045,26471088,670887,0.099
tlb_msr,57525,1782424327,0.10,32353896,20539920,32436945,110915,0.115
tc,3559496,109194563322,0.82,731930858,117084328,649577427,525536,0.284
err_sssp,10870267,2252997027,0.92,27364388,1351600,29709943,645783,0.106
pr,1231344,48695113984,0.59,485970913,204637555,619468512,224684,0.222
sssp,2967299,49056400125,0.63,241156551,95894554,304069459,503069,0.145
cc,1042915,41056219808,0.65,178048842,82601371,225725815,264178,0.096
bfs,1120819,41289863658,0.65,173700287,82785104,227693531,262389,0.176
pr_spmv,1184361,47035081243,0.60,401461195,170084950,512314105,225532,0.119
l1_msr,128905,8673540405,0.50,412073934,114105,410950816,15366,0.175
ins_msr,8805,3468138,0.62,27409,1729,18417,0,0.000
bc,1106532,43938950839,0.63,241883851,112964265,302996969,156787,0.328
l2_msr,270376,15115940346,0.46,705997739,211140,657901285,23049,0.188
cc_sv,1050443,43115562094,0.64,259685744,118837781,337752947,203052,0.138
err_bfs,11403109,1859175863,0.85,26433717,1464045,26471088,670887,0.099
tlb_msr,57525,1782424327,0.10,32353896,20539920,32436945,110915,0.115
tc,3559496,109194563322,0.82,731930858,117084328,649577427,525536,0.284
err_sssp,10870267,2252997027,0.92,27364388,1351600,29709943,645783,0.106
pr,1231344,48695113984,0.59,485970913,204637555,619468512,224684,0.222
sssp,2967299,49056400125,0.63,241156551,95894554,304069459,503069,0.145
cc,1042915,41056219808,0.65,178048842,82601371,225725815,264178,0.096
bfs,1120819,41289863658,0.65,173700287,82785104,227693531,262389,0.176
pr_spmv,1184361,47035081243,0.60,401461195,170084950,512314105,225532,0.119
l1_msr,128905,8673540405,0.50,412073934,114105,410950816,15366,0.175
ins_msr,8805,3468138,0.62,27409,1729,18417,0,0.000
bc,1106532,43938950839,0.63,241883851,112964265,302996969,156787,0.328
l2_msr,270376,15115940346,0.46,705997739,211140,657901285,23049,0.188
cc_sv,1050443,43115562094,0.64,259685744,118837781,337752947,203052,0.138
err_bfs,11403109,1859175863,0.85,26433717,1464045,26471088,670887,0.099
tlb_msr,57525,1782424327,0.10,32353896,20539920,32436945,110915,0.115
tc,3559496,109194563322,0.82,731930858,117084328,649577427,525536,0.284
err_sssp,10870267,2252997027,0.92,27364388,1351600,29709943,645783,0.106
pr,1231344,48695113984,0.59,485970913,204637555,619468512,224684,0.222
sssp,2967299,49056400125,0.63,241156551,95894554,304069459,503069,0.145
cc,1042915,41056219808,0.65,178048842,82601371,225725815,264178,0.096
bfs,1120819,41289863658,0.65,173700287,82785104,227693531,262389,0.176
pr_spmv,1184361,47035081243,0.60,401461195,170084950,512314105,225532,0.119
l1_msr,128905,8673540405,0.50,412073934,114105,410950816,15366,0.175
ins_msr,8805,3468138,0.62,27409,1729,18417,0,0.000
bc,1106532,43938950839,0.63,241883851,112964265,302996969,156787,0.328
l2_msr,270376,15115940346,0.46,705997739,211140,657901285,23049,0.188
cc_sv,1050443,43115562094,0.64,259685744,118837781,337752947,203052,0.138
err_bfs,11403109,1859175863,0.85,26433717,1464045,26471088,670887,0.099
tlb_msr,57525,1782424327,0.10,32353896,20539920,32436945,110915,0.115
tc,3559496,109194563322,0.82,731930858,117084328,649577427,525536,0.284
err_sssp,10870267,2252997027,0.92,27364388,1351600,29709943,645783,0.106
pr,1231344,48695113984,0.59,485970913,204637555,619468512,224684,0.222
sssp,2967299,49056400125,0.63,241156551,95894554,304069459,503069,0.145
cc,1042915,41056219808,0.65,178048842,82601371,225725815,264178,0.096
bfs,1120819,41289863658,0.65,173700287,82785104,227693531,262389,0.176
pr_spmv,1184361,47035081243,0.60,401461195,170084950,512314105,225532,0.119
l1_msr,128905,8673540405,0.50,412073934,114105,410950816,15366,0.175
ins_msr,8805,3468138,0.62,27409,1729,18417,0,0.000
bc,1106532,43938950839,0.63,241883851,112964265,302996969,156787,0.328
l2_msr,270376,15115940346,0.46,705997739,211140,657901285,23049,0.188
cc_sv,1050443,43115562094,0.64,259685744,118837781,337752947,203052,0.138
err_bfs,11403109,1859175863,0.85,26433717,1464045,26471088,670887,0.099
tlb_msr,57525,1782424327,0.10,32353896,20539920,32436945,110915,0.115
tc,3559496,109194563322,0.82,731930858,117084328,649577427,525536,0.284
err_sssp,10870267,2252997027,0.92,27364388,1351600,29709943,645783,0.106
pr,1231344,48695113984,0.59,485970913,204637555,619468512,224684,0.222
sssp,2967299,49056400125,0.63,241156551,95894554,304069459,503069,0.145
cc,1042915,41056219808,0.65,178048842,82601371,225725815,264178,0.096
bfs,1120819,41289863658,0.65,173700287,82785104,227693531,262389,0.176
pr_spmv,1184361,47035081243,0.60,401461195,170084950,512314105,225532,0.119
l1_msr,128905,8673540405,0.50,412073934,114105,410950816,15366,0.175
ins_msr,8805,3468138,0.62,27409,1729,18417,0,0.000
bc,1106532,43938950839,0.63,241883851,112964265,302996969,156787,0.328
l2_msr,270376,15115940346,0.46,705997739,211140,657901285,23049,0.188
cc_sv,1050443,43115562094,0.64,259685744,118837781,337752947,203052,0.138
err_bfs,11403109,1859175863,0.85,26433717,1464045,26471088,670887,0.099
tlb_msr,57525,1782424327,0.10,32353896,20539920,32436945,110915,0.115
tc,3559496,109194563322,0.82,731930858,117084328,649577427,525536,0.284
err_sssp,10870267,2252997027,0.92,27364388,1351600,29709943,645783,0.106
pr,1231344,48695113984,0.59,485970913,204637555,619468512,224684,0.222
sssp,2967299,49056400125,0.63,241156551,95894554,304069459,503069,0.145
cc,1042915,41056219808,0.65,178048842,82601371,225725815,264178,0.096
bfs,1120819,41289863658,0.65,173700287,82785104,227693531,262389,0.176
pr_spmv,1184361,47035081243,0.60,401461195,170084950,512314105,225532,0.119
l1_msr,128905,8673540405,0.50,412073934,114105,410950816,15366,0.175
ins_msr,8805,3468138,0.62,27409,1729,18417,0,0.000
bc,1106532,43938950839,0.63,241883851,112964265,302996969,156787,0.328
l2_msr,270376,15115940346,0.46,705997739,211140,657901285,23049,0.188
cc_sv,1050443,43115562094,0.64,259685744,118837781,337752947,203052,0.138
err_bfs,11403109,1859175863,0.85,26433717,1464045,26471088,670887,0.099
tlb_msr,57525,1782424327,0.10,32353896,20539920,32436945,110915,0.115
tc,3559496,109194563322,0.82,731930858,117084328,649577427,525536,0.284
err_sssp,10870267,2252997027,0.92,27364388,1351600,29709943,645783,0.106
pr,1231344,48695113984,0.59,485970913,204637555,619468512,224684,0.222
sssp,2967299,49056400125,0.63,241156551,95894554,304069459,503069,0.145
cc,1042915,41056219808,0.65,178048842,82601371,225725815,264178,0.096
bfs,1120819,41289863658,0.65,173700287,82785104,227693531,262389,0.176
pr_spmv,1184361,47035081243,0.60,401461195,170084950,512314105,225532,0.119
l1_msr,128905,8673540405,0.50,412073934,114105,410950816,15366,0.175
ins_msr,8805,3468138,0.62,27409,1729,18417,0,0.000
bc,1106532,43938950839,0.63,241883851,112964265,302996969,156787,0.328
l2_msr,270376,15115940346,0.46,705997739,211140,657901285,23049,0.188
cc_sv,1050443,43115562094,0.64,259685744,118837781,337752947,203052,0.138
err_bfs,11403109,1859175863,0.85,26433717,1464045,26471088,670887,0.099
tlb_msr,57525,1782424327,0.10,32353896,20539920,32436945,110915,0.115
tc,3559496,109194563322,0.82,731930858,117084328,649577427,525536,0.284
err_sssp,10870267,2252997027,0.92,27364388,1351600,29709943,645783,0.106
pr,1231344,48695113984,0.59,485970913,204637555,619468512,224684,0.222
sssp,2967299,49056400125,0.63,241156551,95894554,304069459,503069,0.145
cc,1042915,41056219808,0.65,178048842,82601371,225725815,264178,0.096
bfs,1120819,41289863658,0.65,173700287,82785104,227693531,262389,0.176
pr_spmv,1184361,47035081243,0.60,401461195,170084950,512314105,225532,0.119
l1_msr,128905,8673540405,0.50,412073934,114105,410950816,15366,0.175
ins_msr,8805,3468138,0.62,27409,1729,18417,0,0.000
