Weights for each field: 
l1_icache: -1.157788e-05
cycles: -9.747112e-11
ipc: 2.931738e-01
l2: 3.930420e-07
tlb_data: -1.997700e-07
l1_dcache: -1.133349e-07
tlb_ins: 1.872159e-04

----------------------------------------------------------------------------------------
File		Answer	Output	Error	Error%	L1_I	Cycles  IPC	    L2	    TLB_Data L1_D	TLB_Ins
----------------------------------------------------------------------------------------
ins_msr		0.09	0.09	-0.00	0.00	-0.10	-0.00	0.18	0.01	-0.00	-0.00	0.00
l1_msr		140.68	116.05	-24.63	17.51	-1.49	-0.85	0.15	161.96	-0.02	-46.58	2.88
pr_spmv		80.27	89.85	9.59	11.94	-13.71	-4.58	0.18	157.79	-33.98	-58.06	42.22
bfs		    70.72	58.24	-12.48	17.64	-12.98	-4.02	0.19	68.27	-16.54	-25.81	49.12
cc		    67.97	61.47	-6.51	9.57	-12.07	-4.00	0.19	69.98	-16.50	-25.58	49.46
sssp		84.16	96.40	12.24	14.55	-34.36	-4.78	0.18	94.78	-19.16	-34.46	94.18
pr		    84.43	103.15	18.72	22.18	-14.26	-4.75	0.17	191.01	-40.88	-70.21	42.06
err_sssp	2.00	2.21	0.21	10.58	-125.85	-0.22	0.27	10.76	-0.27	-3.37	120.90
tc		    184.98	237.44	52.47	28.36	-41.21	-10.64	0.24	287.68	-23.39	-73.62	98.39
tlb_msr		28.13	24.89	-3.23	11.50	-0.67	-0.17	0.03	12.72	-4.10	-3.68	20.77
err_bfs		0.82	0.74	-0.08	9.92	-132.02	-0.18	0.25	10.39	-0.29	-3.00	125.60
cc_sv		71.80	61.89	-9.92	13.81	-12.16	-4.20	0.19	102.07	-23.74	-38.28	38.01
l2_msr		249.60	202.73	-46.87	18.78	-3.13	-1.47	0.13	277.49	-0.04	-74.56	4.32
bc		    75.29	50.61	-24.68	32.78	-12.81	-4.28	0.18	95.07	-22.57	-34.34	29.35
Mean error: 15.831
