----------------------------------------------------------------------------------------
File		Answer	Output	Error	Error%	L1_I%	Cycles%	Ins%	L2%	TLB_Data%	L1_D%	TLB_Ins%i	L3%
----------------------------------------------------------------------------------------
pr_spmv		80.48	83.95	3.46	4.30	1.36	519.82	-408.18	578.28	20.49	-548.75	7.13	-70.15
bc		75.18	77.77	2.59	3.44	1.43	523.48	-433.01	374.61	14.58	-344.71	4.94	-41.33
cc		70.11	72.48	2.37	3.38	1.49	532.79	-446.08	297.00	11.36	-279.10	11.28	-28.76
tc		184.23	185.84	1.61	0.88	1.81	544.29	-580.89	484.12	6.28	-309.19	6.38	-52.80
l1_msr		147.55	150.97	3.42	2.32	0.08	53.72	-34.52	335.39	0.01	-245.83	0.25	-9.08
pr		82.30	83.90	1.60	1.94	1.43	528.63	-415.58	661.00	22.93	-621.84	6.69	-83.27
l2_msr		257.85	247.85	-10.00	3.88	0.13	57.27	-33.52	346.65	0.00	-239.59	0.28	-31.23
cc_sv		74.01	63.22	-10.79	14.58	1.70	630.29	-529.16	496.37	18.63	-471.18	8.79	-55.43
bfs		70.36	71.18	0.82	1.16	1.49	530.64	-453.28	303.86	11.50	-274.15	9.59	-29.64
sssp		83.33	83.21	-0.12	0.14	3.82	527.50	-443.66	357.72	11.77	-323.04	14.63	-48.75
tlb_msr		28.65	28.26	-0.39	1.37	0.17	59.11	-7.07	140.54	7.41	-103.92	4.28	-0.51
Mean error: 3.399
