301023131
244849928
97470486
30738760130
83.525330
613212426
482884030
202430630
28985995302
84.566345
644271253
732509330
115148096
89181915044
184.738403
223252703
176062809
81671535
26637257564
69.97943
508117320
402143453
168697072
28323359643
81.497131
298299864
242263962
112196304
27739254542
74.895630
222107770
174998729
81233114
26638426974
70.224426
333509515
260088427
118124409
27558067909
73.884888
21852
994420
927433
214652819
0.18786
657902930
694741475
95560
6895842484
246.261108
32607131
32339330
20552845
170361327
27.428528
18716
27796
1756
2165715
0.092285
a

