------------------------------------------------------------------------------------------------------------------------------------------------------------------------------------------------------
File                 | Reading      | Prediction   | Error        | Error%       | L1_I%        | Ins%         | L1_D%        | TLB_I%       | L3           |
------------------------------------------------------------------------------------------------------------------------------------------------------------------------------------------------------
pr                   | 472.52       | 476.28       | 3.76         | 0.79         | 33.86        | 58.27        | 7.74         | -0.78        | 0.91         |
bc                   | 439.00       | 435.34       | -3.65        | 0.83         | 37.37        | 59.54        | 3.10         | -0.79        | 0.79         |
sssp                 | 471.17       | 472.09       | 0.92         | 0.19         | 41.50        | 58.55        | 2.68         | -3.27        | 0.54         |
tc                   | 2058.37      | 2072.92      | 14.55        | 0.71         | 26.74        | 71.13        | 1.97         | -0.32        | 0.48         |
pr_spmv              | 451.68       | 449.69       | -1.99        | 0.44         | 34.06        | 59.47        | 6.47         | -0.76        | 0.75         |
cc_sv                | 412.34       | 406.80       | -5.54        | 1.34         | 35.14        | 62.10        | 3.33         | -0.80        | 0.23         |
cc                   | 398.10       | 391.21       | -6.89        | 1.73         | 36.56        | 61.89        | 2.14         | -0.83        | 0.25         |
bfs                  | 394.44       | 404.40       | 9.96         | 2.52         | 38.83        | 59.66        | 2.06         | -0.76        | 0.20         |
------------------------------------------------------------------------------------------------------------------------------------------------------------------------------------------------------
Mean error: 1.071
