141842.871582
141844.250000
141845.838013
141847.782837
141850.162109
141852.784058
141855.458618
141858.141724
141860.879578
141863.654114
141866.387573
141869.117859
141871.819580
141874.531738
141877.211670
141879.891968
141882.474792
141885.112366
141887.753662
141890.395081
141893.039490
141895.681702
141898.323975
141900.923096
141903.490845
141906.065063
141908.601196
141911.129761
141913.668030
141916.203979
141918.719055
141921.230103
141923.745300
141926.247375
141928.763306
141931.274719
141933.787415
141936.300598
141938.766846
141941.271851
141943.782593
141946.239075
141948.757080
141951.246460
141953.761292
141956.259338
141958.782593
141961.285583
141963.801392
141966.304810
141968.814209
141971.322571
141973.875183
141976.427551
141978.973145
141981.518921
141984.048767
141986.560303
141989.074463
141991.578857
141994.043945
141996.553040
141999.069458
142001.581482
142004.094299
142006.606018
142009.118591
142011.635071
142014.150391
142016.651001
142019.135925
142021.648071
142024.165649
142026.658081
142029.128540
142031.596802
142034.065125
142036.529541
142039.027771
142041.540100
142044.055237
142046.497559
142049.004578
142051.496033
142054.013672
142056.507751
142058.985413
142061.504517
142064.019531
142066.522278
142069.029968
142071.549866
142074.068176
142076.583191
142079.084106
142081.598877
142084.109741
142086.623840
142089.131775
142091.645386
142094.155884
142096.670715
142099.174255
142101.635193
142104.124512
142106.614502
142109.101379
142111.579224
142114.052612
142116.544434
142119.060547
142121.565063
142124.075623
142126.620300
142129.133362
142131.645325
142134.150391
142136.664368
142139.173340
142141.679138
142144.187866
142146.699158
142149.204590
142151.696838
142154.131287
142156.663269
142159.096985
142161.578918
142164.060974
142166.544800
142169.038269
142171.518372
142174.000061
142176.486450
142178.970459
142181.451721
142183.929932
142186.408386
142188.886169
142191.369385
142193.852112
142196.332153
142198.819824
142201.325439
142203.811035
142206.297180
142208.732239
142211.214233
142213.701233
142216.189209
142218.675171
142221.163208
142223.648315
142226.123230
142228.603699
142231.082764
142233.569702
142236.058289
142238.542908
142241.029785
142243.512939
142246.001282
142248.489624
142250.972900
142253.456909
142255.945251
142258.429871
142260.867004
142263.353271
142265.842285
142268.333252
142270.818604
142273.297913
142275.794861
142278.346191
142280.820496
142283.303833
142285.788452
142288.272583
142290.760132
142293.240784
142295.726379
142298.214539
142300.697754
142303.195923
142305.674622
142308.155823
142310.641663
142313.122192
142315.552856
142318.037170
142320.538269
142323.039917
142325.535278
142328.019043
142330.501282
142332.985535
142335.474609
142337.958618
142340.445740
142342.936218
142345.426392
142347.914001
142350.399414
142352.920837
142355.415222
142357.901306
142360.390930
142362.878967
142365.366516
142367.853088
142370.292908
142372.776550
142375.269165
142377.756409
142380.257568
142382.741821
142385.231079
142387.721436
142390.215698
142392.699707
142395.192322
142397.680176
142400.171570
142402.661865
142405.157715
142407.643066
142410.133789
142412.624329
142415.119751
142417.605835
142420.044739
142422.532898
142425.025208
142427.546570
142430.049683
142432.534180
142435.025269
142437.514404
142440.007874
142442.496765
142444.986267
142447.474426
142449.967651
142452.456787
142454.946289
142457.440857
142459.928223
142462.419739
142464.930664
142467.474792
142470.024231
142472.570435
142475.059875
142477.551575
142480.040649
142482.542847
142485.027771
142487.517761
142490.012146
142492.505798
142494.997559
142497.486755
142499.977295
142502.494995
142505.008240
142507.497742
142509.993042
142512.480347
142514.975403
142517.463806
142519.950073
142522.441101
142524.930969
142527.371460
142529.864624
142532.350342
142534.852051
142537.346130
142539.830200
142542.320190
142544.813599
142547.339905
142549.892151
142552.439331
142554.994141
142557.506409
142560.002319
142562.491699
142564.982117
142567.476562
142569.970154
142572.461731
142574.952087
142577.443298
142579.922607
142582.412781
142584.916138
142587.407349
142589.896118
142592.390564
142594.885315
142597.373352
142599.869690
142602.360718
142604.850464
142607.342468
142609.835632
142612.322632
142614.816711
142617.311401
142619.803101
142622.294067
142624.788757
142627.283020
142629.728271
142632.217896
142634.719421
142637.204712
142639.706543
142642.192322
142644.687439
142647.176575
142649.725281
142652.274170
142654.836975
142657.405273
142659.907471
142662.396912
142664.889343
142667.379761
142669.871521
142672.363159
142674.858459
142677.347595
142679.839600
142682.333374
142684.824768
142687.265930
142689.769897
142692.261475
142694.750366
142697.248169
142699.739197
142702.238220
142704.731567
142707.222412
142709.742554
142712.293518
142714.841858
142717.394714
142719.926941
142722.421204
142724.917542
142727.411133
142729.927979
142732.427185
142734.927246
142737.418030
142739.881104
142742.428650
142744.978027
142747.529602
142750.081726
142752.595337
142755.088623
142757.580017
142760.075684
142762.598633
142765.090698
142767.587036
142770.082947
142772.574280
142775.069214
142777.561890
142780.056946
142782.550842
142785.046570
142787.536377
142790.031677
142792.524048
142794.974182
142797.465515
142799.961304
142802.468689
142804.965454
142807.486572
142809.981689
142812.478088
142814.970825
142817.464966
142819.964600
142822.453308
142824.948792
142827.441162
142829.932739
142832.430237
142834.924255
142837.416931
142839.913940
142842.406311
142844.902954
142847.354431
142849.846802
142852.334839
142854.830994
142857.325378
142859.817688
142862.311584
142864.807190
142867.300842
142869.794800
142872.289978
142874.787354
142877.280884
142879.778320
142882.305664
142884.805420
142887.299438
142889.799438
142892.291199
142894.739014
142897.283081
142899.736816
142902.229309
142904.728333
142907.220398
142909.720398
142912.212036
142914.708679
142917.207214
142919.702148
142922.196716
142924.695679
142927.191101
142929.688293
142932.188416
142934.681763
142937.179932
142939.672729
142942.170227
142944.670166
142947.166321
142949.664124
142952.116394
142954.616516
142957.140259
142959.647644
142962.141174
142964.641663
142967.134399
142969.631592
142972.128906
142974.624146
142977.118896
142979.617371
142982.113770
142984.612671
142987.106995
142989.606628
142992.101013
142994.601501
142997.097168
142999.542114
143002.087402
143004.538147
143007.034363
143009.532166
143012.025818
143014.523010
143017.023621
143019.518738
143022.018433
143024.512817
143027.014404
143029.507812
143032.006287
143034.535278
143037.033691
143039.529907
143042.027527
143044.526611
143047.025269
143049.524841
143051.977234
143054.478943
143056.993042
143059.516602
143062.041382
143064.562866
143067.070984
143069.575256
143072.073730
143074.573120
143077.074646
143079.574585
143082.075195
143084.576355
143087.077271
143089.579163
143092.073975
143094.575378
143097.075439
143099.571411
143102.071167
143104.568604
143107.025452
143109.552490
143112.093628
143114.544922
143117.044800
143119.543457
143122.040283
143124.540527
143127.036377
143129.540222
143132.036438
143134.531860
143137.026306
143139.527466
143142.022949
143144.524658
143147.024841
143149.524414
143152.020630
143154.522644
143156.969849
143159.474854
143161.972900
143164.470398
143166.969849
143169.473389
143171.967590
143174.467834
143176.966614
143179.477661
143182.037170
143184.600281
143187.115234
143189.654846
143192.208557
143194.762695
143197.317383
143199.842102
143202.342285
143204.840759
143207.337341
143209.835022
143212.289307
143214.788208
143217.333069
143219.786255
143222.282043
143224.778076
143227.324951
143229.868164
143232.365295
143234.869995
143237.367493
143239.869385
143242.367371
143244.867249
143247.361938
143249.863403
143252.362549
143254.870056
143257.393250
143259.901855
143262.443054
143264.890625
143267.400757
143269.909241
143272.412048
143274.912659
143277.408386
143279.912598
143282.411377
143284.914185
143287.412048
143289.913086
143292.415833
143294.914001
143297.413757
143299.918152
143302.421997
143304.924561
143307.423706
143309.926208
143312.423706
143314.933716
143317.374084
143319.932434
143322.382019
143324.883362
143327.382996
143329.890076
143332.386292
143334.890869
143337.415955
143339.920227
143342.417725
143344.920471
143347.424255
143349.923950
143352.424255
143354.923767
143357.426758
143359.926575
143362.424683
143364.925171
143367.421997
143369.927490
143372.427734
143374.922546
143377.373108
143379.876343
143382.371826
143384.873108
143387.373352
143389.875793
143392.375061
143394.878601
143397.379150
143399.878845
143402.380859
143404.880066
143407.381897
143409.888611
143412.419495
143414.922180
143417.423340
143419.924438
143422.441223
143424.943237
143427.391785
143429.945496
143432.393982
143434.896912
143437.400146
143439.898499
143442.400940
143444.901001
143447.403625
143449.905029
143452.404053
143454.905701
143457.409363
143459.907959
143462.410583
143464.913269
143467.415222
143469.911804
143472.413086
143474.919312
143477.421204
143479.918396
143482.420776
143484.872803
143487.379700
143489.914673
143492.416016
143494.912781
143497.414612
143499.915710
143502.467529
143505.017883
143507.522034
143510.020752
143512.523438
143515.024719
143517.528442
143520.029785
143522.537903
143525.038269
143527.538574
143530.040955
143532.541077
143535.043701
143537.497131
143539.999573
143542.501709
143545.002380
143547.549866
143550.111023
143552.669983
143555.235352
143557.749451
143560.253967
143562.753601
143565.296997
143567.808411
143570.316772
143572.832886
143575.325562
143577.835571
143580.334778
143582.835388
143585.337891
143587.794250
143590.299622
143592.800964
143595.301025
143597.806030
143600.304382
143602.808838
143605.312195
143607.813293
143610.316040
143612.814331
143615.319763
143617.824707
143620.324585
143622.829163
143625.333618
143627.833862
143630.346863
143632.847351
143635.346619
143637.848083
143640.334656
143642.845459
143645.356384
143647.866699
143650.427002
143652.984863
143655.544373
143658.103271
143660.614258
143663.116150
143665.621643
143668.120789
143670.625122
143673.126343
143675.629028
143678.139526
143680.643555
143683.145447
143685.639893
143688.141724
143690.644348
143693.097900
143695.598694
143698.099487
143700.607056
143703.156128
143705.719116
143708.273193
143710.803711
143713.305176
143715.815125
143718.353882
143720.863037
143723.368164
143725.883545
143728.387512
143730.895569
143733.394775
143735.905090
143738.407654
143740.911499
143743.415222
143745.919006
143748.417542
143750.875732
143753.375732
143755.879883
143758.380615
143760.893433
143763.456299
143766.014648
143768.574280
143771.132385
143773.631531
143776.137878
143778.640137
143781.143372
143783.652527
143786.152710
143788.655457
143791.157776
143793.691406
143796.196838
143798.696899
143801.202209
143803.655701
143806.160767
143808.661987
143811.165344
143813.669861
143816.176636
143818.675354
143821.180359
143823.681030
143826.188599
143828.689087
143831.183838
143833.681396
143836.184814
143838.693665
143841.200867
143843.697205
143846.199158
143848.701660
143851.198120
143853.694641
143856.155579
143858.676514
143861.206543
143863.703918
143866.208862
143868.744690
143871.249756
143873.745667
143876.251282
143878.755127
143881.263184
143883.814148
143886.320068
143888.830139
143891.330933
143893.835022
143896.339783
143898.843872
143901.345581
143903.899109
143906.402161
143908.857910
143911.353027
143913.850525
143916.356506
143918.859192
143921.360596
143923.866028
143926.373840
143928.875122
143931.387146
143933.889160
143936.391907
143938.901062
143941.403442
143943.908936
143946.429810
143948.938232
143951.452759
143953.959900
143956.473450
143958.973022
143961.423462
143963.921326
143966.429810
143968.929626
143971.436035
143973.935852
143976.441345
143978.944275
143981.451538
143983.955017
143986.462463
143988.961731
143991.467102
143993.978760
143996.480530
143998.982300
144001.480347
144003.979187
144006.481140
144008.983643
144011.439026
144013.941956
144016.448486
144018.953857
144021.492249
144024.004333
144026.513245
144029.014526
144031.519592
144034.023804
144036.526611
144039.031433
144041.532166
144044.026672
144046.534302
144049.032227
144051.529785
144054.017273
144056.488342
144058.972656
144061.450073
144063.916077
144066.347778
144068.858398
144071.373108
144073.878906
144076.388916
144078.892517
144081.404175
144083.913757
144086.425171
144088.933960
144091.442505
144093.952637
144096.501648
144099.022583
144101.551758
144104.107666
144106.667603
144109.203003
144111.711548
144114.216797
144116.727905
144119.234009
144121.743896
144124.203308
144126.711121
144129.221619
144131.734192
144134.237549
144136.744812
144139.259155
144141.768188
144144.273926
144146.786133
144149.396179
144152.039429
144154.572693
144156.970703
144159.371460
144161.788391
144164.196228
144166.603271
144169.017151
144171.437500
144173.863220
144176.231995
144178.647827
144181.088135
144183.526855
144185.964966
144188.405457
144190.831665
144193.247681
144195.669373
144198.092041
144200.510193
144202.925659
144205.328003
144207.721558
144210.128479
144212.529785
144214.931641
144217.338196
144219.745667
144222.148132
144224.552490
144226.910645
144229.330078
144231.757629
144234.183105
144236.601990
144239.015503
144241.419861
144243.837769
144246.277283
144248.694397
144251.109802
144253.533325
144255.947754
144258.364441
144260.778870
144263.195129
144265.612732
144268.033997
144270.457275
144272.878784
144275.304443
144277.666260
144280.080688
144282.491089
144284.902832
144287.318298
144289.739075
144292.153015
144294.559998
144296.970886
144299.377441
144301.792603
144304.207458
144306.610535
144309.040283
144311.478394
144313.920715
144316.355957
144318.801941
144321.215942
144323.629028
144326.033081
144328.419312
144330.911987
144333.303772
144335.742981
144338.180176
144340.608521
144343.029358
144345.446045
144347.850220
144350.255127
144352.657654
144355.080933
144357.497131
144359.914673
144362.334106
144364.748047
144367.168884
144369.592529
144372.016663
144374.437439
144376.849731
144379.270203
144381.686340
144384.053528
144386.471619
144388.884827
144391.322693
144393.755676
144396.180115
144398.598816
144401.007996
144403.417297
144405.836731
144408.261719
144410.662781
144413.066711
144415.481628
144417.904236
144420.325500
144422.739929
144425.158142
144427.560547
144429.968872
144432.374512
144434.790100
144437.148926
144439.566772
144441.984131
144444.394531
144446.811584
144449.234497
144451.650208
144454.075256
144456.494568
144458.902161
144461.318237
144463.731079
144466.191345
144468.627625
144471.155579
144473.652344
144476.135864
144478.611755
144481.076660
144483.534851
144485.992188
144488.432373
144490.817017
144493.250427
144495.672180
144498.101929
144500.527771
144502.961182
144505.379211
144507.805664
144510.224426
144512.658813
144515.075012
144517.483215
144519.900940
144522.317505
144524.736816
144527.146423
144529.569458
144531.988342
144534.412109
144536.831116
144539.297119
144541.696716
144544.139343
144546.563049
144548.979065
144551.390503
144553.804504
144556.215881
144558.629333
144561.049866
144563.464844
144565.875977
144568.289551
144570.705688
144573.123596
144575.545471
144577.961243
144580.389099
144582.812134
144585.236511
144587.654114
144590.070557
144592.438660
144594.870789
144597.295654
144599.713684
144602.127930
144604.543762
144606.961853
144609.387146
144611.828674
144614.246460
144616.665344
144619.081787
144621.502686
144623.930298
144626.341125
144628.756104
144631.172119
144633.603943
144636.020081
144638.436157
144640.858032
144643.227966
144645.636658
144648.054321
144650.470764
144652.888489
144655.303711
144657.724243
144660.136353
144662.566528
144664.988281
144667.405396
144669.813110
144672.223083
144674.635498
144677.041382
144679.455078
144681.873291
144684.296326
144686.759399
144689.192749
144691.579285
144694.063843
144696.449890
144698.886902
144701.321838
144703.743103
144706.156128
144708.584106
144710.994873
144713.396301
144715.810120
144718.219543
144720.627686
144723.034363
144725.436218
144727.842529
144730.248535
144732.652527
144735.060425
144737.477966
144739.900024
144742.311890
144744.712402
144747.069092
144749.472107
144751.876404
144754.278503
144756.683167
144759.129761
144761.540771
144763.947937
144766.363525
144768.777466
144771.195007
144773.606873
144776.018555
144778.433350
144780.841797
144783.252258
144785.654419
144788.054260
144790.459106
144792.864441
144795.266724
144797.623779
144800.027100
144802.458557
144804.890686
144807.328857
144809.774658
144812.188049
144814.587219
144816.988281
144819.391357
144821.798035
144824.201599
144826.602295
144829.006531
144831.439392
144833.857056
144836.295349
144838.730286
144841.166016
144843.600159
144845.967651
144848.420105
144850.780823
144853.194946
144855.606567
144858.016357
144860.438721
144862.849487
144865.262207
144867.672363
144870.079895
144872.492310
144874.904968
144877.316772
144879.731140
144882.143921
144884.556335
144886.970215
144889.382568
144891.793152
144894.209290
144896.621460
144898.987610
144901.411194
144903.822144
144906.270081
144908.692810
144911.107361
144913.517212
144915.927612
144918.345642
144920.784485
144923.232788
144925.683777
144928.138672
144930.587891
144933.036255
144935.481018
144937.926147
144940.376404
144942.824402
144945.270325
144947.714294
144950.112427
144952.560242
144955.008179
144957.453125
144959.901062
144962.356201
144964.802795
144967.244751
144969.695068
144972.143127
144974.591736
144977.041626
144979.547607
144982.024353
144984.503906
144986.970886
144989.420349
144991.866577
144994.309448
144996.752258
144999.200928
145001.597717
145004.045105
145006.492920
145008.943481
145011.383972
145013.837585
145016.280457
145018.728760
145021.177856
145023.627441
145026.074707
145028.524963
145030.970093
145033.415649
145035.862976
145038.311462
145040.760620
145043.208191
145045.654114
145048.109314
145050.556763
145053.041077
145055.441711
145057.877258
145060.306641
145062.732544
145065.159546
145067.590027
145070.011719
145072.435913
145074.859009
145077.276672
145079.694946
145082.119080
145084.541016
145086.966980
145089.386963
145091.813660
145094.231934
145096.652588
145099.073364
145101.491211
145103.910400
145106.330261
145108.704712
145111.120789
145113.546021
145115.968567
145118.382935
145120.796814
145123.215149
145125.638916
145128.091675
145130.510864
145132.930847
145135.348022
145137.765869
145140.185425
145142.606873
145145.030945
145147.453979
145149.874512
145152.296082
145154.714233
145157.134644
145159.553833
145161.928406
145164.347839
145166.768311
145169.197998
145171.615479
145174.036987
145176.464355
145178.890320
145181.307434
145183.730408
145186.148926
145188.566772
145190.985596
145193.408081
145195.826355
145198.247437
145200.703796
145203.125793
145205.542603
145207.969177
145210.356934
145212.793640
145215.228638
145217.667114
145220.080444
145222.493896
145224.910156
145227.323975
145229.729858
145232.136292
145234.544800
145236.951111
145239.359680
145241.767029
145244.177185
145246.583557
145248.991516
145251.397461
145253.803894
145256.213013
145258.618591
145261.027954
145263.384521
145265.793945
145268.211975
145270.619751
145273.060852
145275.472900
145277.887939
145280.302917
145282.717896
145285.130371
145287.549072
145289.961670
145292.379944
145294.795044
145297.209717
145299.628662
145302.041138
145304.461731
145306.878113
145309.296692
145311.713318
145314.085449
145316.508423
145318.916016
145321.325134
145323.732910
145326.145508
145328.562500
145330.977112
145333.398376
145335.814819
145338.229492
145340.646057
145343.058960
145345.485229
145347.929932
145350.344543
145352.764160
145355.190002
145357.626160
145360.065857
145362.500488
145364.929688
145367.288635
145369.705872
145372.112488
145374.517212
145376.924500
145379.334595
145381.741821
145384.152649
145386.558044
145388.966675
145391.376770
145393.783630
145396.196838
145398.610291
145401.030640
145403.443909
145405.849976
145408.259827
145410.668518
145413.078247
145415.446228
145417.932678
145420.349976
145422.787537
145425.200378
145427.607361
145430.014832
145432.422668
145434.839844
145437.253113
145439.673279
145442.086975
145444.507568
145446.921753
145449.337708
145451.752136
145454.174133
145456.58422