80637.535828
80667.774719
80697.693359
80727.558899
80757.506714
80787.418274
80817.284790
80847.316895
80877.180359
80907.095764
80937.013123
80966.934692
80996.812195
81026.743042
81056.660034
81086.552673
81116.525085
81146.353149
81176.274353
81206.200745
81236.058167
81265.985046
81295.896057
81325.779724
81355.661438
81385.658447
81415.530457
81445.504089
81475.398254
81505.317139
81535.184387
81565.158813
81595.035583
81624.983826
81654.866150
81684.826904
81714.769775
81744.650208
81774.663574
81804.538147
81834.457153
81864.382874
81894.266113
81924.227600
81954.122559
81984.039062
82013.880188
82043.897095
82073.758179
82103.680298
82133.598694
82163.464600
82193.370850
82223.281128
82253.188293
82283.043579
82313.013489
82342.871643
82372.735352
82402.768555
82432.679138
82462.637451
82492.606567
82522.566040
82552.469666
82582.477051
82612.352478
82642.233154
82672.236023
82702.104187
82732.013428
82761.989685
82791.881165
82821.833801
82851.779175
82881.735413
82911.619751
82941.668213
82971.571228
83001.498596
83031.415161
83061.390320
83091.253479
83121.185608
83151.187622
83181.088501
83211.088074
83241.029358
83270.958191
83300.865234
83330.884888
83360.806274
83390.778381
83420.726074
83450.575134
83480.487061
83510.419434
83540.338013
83570.198486
83600.178101
83630.050110
83660.044067
83689.995300
83719.872803
83749.842407
83779.770325
83809.708618
83839.575867
83869.582092
83899.469604
83929.406372
83959.368286
83989.281555
84019.274719
84049.266479
84079.193420
84109.079590
84139.092712
84168.983093
84198.923035
84228.847229
84258.825562
84288.731018
84318.737793
84348.622375
84378.491455
84408.520142
84438.399109
84468.331421
84498.274231
84528.234131
84558.125061
84588.172546
84618.092407
84648.010071
84678.006042
84707.923401
84737.916687
84767.799988
84797.818359
84827.692200
84857.667786
84887.620483
84917.599304
84947.529053
84977.540039
85007.559509
85037.492188
85067.548584
85097.447632
85127.407959
85157.402771
85187.408020
85217.389832
85247.444275
85277.385925
85307.400085
85337.406189
85367.362610
85397.392456
85427.428345
85457.454346
85487.425842
85517.517944
85547.432251
85577.421326
85607.391724
85637.378052
85667.311157
85697.384033
85727.308533
85757.224792
85787.254028
85817.191528
85847.166504
85877.168030
85907.129517
85937.084839
85967.134338
85997.087463
86027.080627
86057.099182
86087.106018
86117.049927
86147.100708
86177.046143
86207.011597
86237.044922
86267.086609
86297.101013
86327.017883
86357.048706
86386.982971
86416.943298
86446.938354
86476.907776
86506.842224
86536.885925
86566.808167
86596.723267
86626.798523
86656.742554
86686.710449
86716.714478
86746.696899
86776.649536
86806.648254
86836.663513
86866.565613
86896.600647
86926.511902
86956.461243
86986.487610
87016.503174
87046.462280
87076.518372
87106.461426
87136.494324
87166.492615
87196.434692
87226.466736
87256.485046
87286.490356
87316.456909
87346.551147
87376.515564
87406.475403
87436.551575
87466.475464
87496.502808
87526.539307
87556.536438
87586.487549
87616.565430
87646.510071
87676.529480
87706.533630
87736.503296
87766.476379
87796.446289
87826.465942
87856.462280
87886.485535
87916.541748
87946.576294
87976.566956
88006.660645
88036.648682
88066.698853
88096.726807
88126.777710
88156.772522
88186.875000
88216.822876
88246.858643
88276.880859
88306.859131
88336.934448
88366.978516
88397.007629
88426.958069
88457.045776
88487.013794
88517.014221
88547.049927
88577.090942
88607.060669
88637.076843
88667.086182
88697.074219
88727.183350
88757.115540
88787.078064
88817.058105
88847.046143
88876.971008
88907.037720
88936.956421
88966.950134
88996.989685
89026.933411
89056.928284
89086.899780
89116.936035
89146.885681
89176.968933
89206.921936
89236.923279
89266.877319
89296.842468
89326.823303
89356.816895
89386.828369
89416.799622
89446.841064
89476.891541
89506.932129
89536.888916
89566.938416
89596.867065
89626.871338
89656.892212
89686.898804
89716.862122
89746.857605
89776.884033
89806.829285
89836.870300
89866.817993
89896.824463
89926.771851
89956.861633
89986.834717
90016.879700
90046.923462
90076.896240
90106.985107
90136.912537
90166.920471
90196.898682
90226.876953
90256.836914
90286.900391
90316.829529
90346.769836
90376.795471
90406.769897
90436.749329
90466.776855
90496.807190
90526.758362
90556.843018
90586.808167
90616.830872
90646.840759
90676.855896
90706.864990
90736.971436
90766.946289
90796.981018
90827.018005
90857.014160
90887.027527
90916.978271
90947.040894
90976.990356
91006.972839
91037.021729
91067.058167
91097.003357
91127.057434
91156.997253
91187.025269
91217.086670
91247.097046
91277.048096
91307.051697
91337.086914
91367.104553
91397.103577
91427.105103
91457.117188
91487.169495
91517.208374
91547.188416
91577.300598
91607.256165
91637.305420
91667.341919
91697.343506
91727.369019
91757.417603
91787.426514
91817.424133
91847.503052
91877.447937
91907.478638
91937.511536
91967.553223
91997.514404
92027.621338
92057.586426
92087.595459
92117.612183
92147.565857
92177.628662
92207.670044
92237.716309
92267.698792
92297.762634
92327.703918
92357.686951
92387.627014
92417.660767
92447.664612
92477.647522
92507.718994
92537.634766
92567.600830
92597.618286
92627.608826
92657.542908
92687.559509
92717.538330
92747.459961
92777.546692
92807.505920
92837.506165
92867.511475
92897.511169
92927.444214
92957.521851
92987.423096
93017.402283
93047.445007
93077.351074
93107.319275
93137.302185
93167.306824
93197.278198
93227.340820
93257.313049
93287.311768
93317.301941
93347.215332
93377.244690
93407.263855
93437.275574
93467.225464
93497.285400
93527.222778
93557.199219
93587.177979
93617.112915
93647.120056
93677.098145
93707.040710
93736.957031
93767.023438
93796.996704
93826.982178
93856.985046
93886.938477
93916.832336
93946.833008
93976.832581
94006.807617
94036.714844
94066.736633
94096.683350
94126.672852
94156.637512
94186.598145
94216.583069
94246.603333
94276.621338
94306.545776
94336.593750
94366.546509
94396.519470
94426.509399
94456.502930
94486.410767
94516.472595
94546.392517
94576.333557
94606.368774
94636.299622
94666.282715
94696.281738
94726.298401
94756.238892
94786.240112
94816.189453
94846.106506
94876.130188
94906.035645
94935.988220
94965.970764
94995.936951
95025.840454
95055.801941
95085.754089
95115.667969
95145.702332
95175.653015
95205.601746
95235.601501
95265.564148
95295.482788
95325.443970
95355.409302
95385.389160
95415.326050
95445.235352
95475.206726
95505.099426
95535.147522
95565.057129
95595.014893
95624.970215
95654.917297
95684.806274
95714.824097
95744.723145
95774.628479
95804.659058
95834.594971
95864.541138
95894.526917
95924.513733
95954.470581
95984.508362
96014.416138
96044.337036
96074.345581
96104.255676
96134.218567
96164.193726
96194.144531
96224.050598
96254.048157
96283.970398
96313.908752
96343.848755
96373.822815
96403.705078
96433.740051
96463.652832
96493.565369
96523.613098
96553.546204
96583.529297
96613.478638
96643.434265
96673.299744
96703.290344
96733.183533
96763.152161
96793.102234
96823.075745
96853.003418
96883.043457
96912.968445
96942.891418
96972.903442
97002.790100
97032.755554
97062.658875
97092.657471
97122.577087
97152.552124
97182.513489
97212.499695
97242.411011
97272.475159
97302.377502
97332.298523
97362.323059
97392.281494
97422.244446
97452.226257
97482.177124
97512.109924
97542.172668
97572.129883
97602.135010
97632.113037
97662.091675
97692.049744
97722.057495
97751.964966
97781.935547
97811.942200
97841.874634
97871.871033
97901.874756
97931.816711
97961.716064
97991.759583
98021.673401
98051.667480
98081.647644
98111.566895
98141.549805
98171.535645
98201.540527
98231.468384
98261.515442
98291.438904
98321.431213
98351.420593
98381.412415
98411.356567
98441.309875
98471.313416
98501.215942
98531.211487
98561.175476
98591.180054
98621.116760
98651.177185
98681.123718
98711.091858
98741.036072
98770.901428
98800.826355
98830.784851
98860.736206
98890.650696
98920.701172
98950.609497
98980.557251
99010.550964
99040.510193
99070.402832
99100.436157
99130.331909
99160.287476
99190.221252
99220.117859
99250.099365
99280.069519
99310.045837
99339.945190
99369.987976
99399.925476
99429.921387
99459.903442
99489.871887
99519.818787
99549.808716
99579.768616
99609.706726
99639.740784
99669.639648
99699.616821
99729.596252
99759.561340
99789.487061
99819.444397
99849.471863
99879.382080
99909.423523
99939.319458
99969.280884
99999.225586
100029.228210
100059.130188
100089.094971
100119.034973
100148.983215
100178.879456
100208.902954
100238.825745
100268.815674
100298.803772
100328.769409
100358.685486
100388.665344
100418.614990
100448.566772
100478.609741
100508.538086
100538.530457
100568.522278
100598.421387
100628.380371
100658.447388
100688.325378
100718.222595
100748.271118
100778.227905
100808.341309
100838.481384
100868.637390
100898.717163
100929.935181
100960.974304
100992.100891
101023.236755
101054.294617
101085.389587
101116.502991
101147.577942
101178.587891
101209.782104
101240.795288
101271.889160
101302.990234
101334.094543
101365.128357
101396.240051
101427.285400
101457.174561
101487.170166
101517.054688
101546.957581
101576.819275
101606.796570
101636.636902
101666.501587
101696.422546
101726.248962
101756.154724
101786.055969
101815.906372
101845.701538
101875.653992
101905.536316
101935.423584
101965.304565
101995.178528
102025.018982
102054.906799
102084.770386
102114.580139
102144.537048
102174.334351
102204.225708
102234.163452
102264.015015
102293.930969
102323.922546
102353.840149
102383.713745
102413.728027
102443.549377
102473.490417
102503.430115
102533.371643
102563.224060
102593.161133
102623.064209
102652.886841
102682.845337
102712.749084
102742.633423
102772.504822
102802.406067
102832.201965
102862.112854
102892.030029
102921.917175
102951.816040
102981.739929
103011.686401
103041.513184
103071.493896
103101.348938
103131.228760
103161.125305
103191.005310
103220.857483
103250.718872
103280.582397
103310.366577
103340.320923
103370.112244
103399.949768
103429.863281
103459.778503
103489.597961
103519.551331
103549.371094
103579.202515
103609.164307
103639.010925
103668.789551
103698.683533
103728.513000
103758.304932
103788.228760
103818.028320
103847.884583
103877.786499
103907.619263
103937.536804
103967.445190
103997.395813
104027.691040
104057.983704
104088.120544
104118.289001
104148.413391
104178.345093
104208.023804
104237.723083
104267.401917
104297.002258
104326.667786
104356.353516
104386.060486
104415.707886
104445.365479
104474.991516
104504.673889
104534.379272
104564.017456
104593.568909
104623.359741
104652.907837
104682.477417
104712.238037
104741.839539
104771.500427
104801.172119
104830.824280
104860.396240
104890.170715
104919.745056
104949.366699
104979.055725
105008.684692
105038.226929
105068.008972
105097.617554
105127.285461
105157.025269
105186.670654
105216.334290
105246.034302
105275.705078
105305.290955
105335.077026
105364.667908
105394.282654
105423.984924
105453.700134
105483.302368
105513.106079
105542.755127
105572.381653
105602.169861
105631.903259
105661.598206
105691.146790
105720.874817
105750.430298
105780.077759
105809.853271
105839.550476
105869.183105
105898.987976
105928.613098
105958.230164
105988.008667
106017.630615
106047.318665
106077.058533
106106.727112
106136.347900
106166.125916
106195.779419
106225.461304
106255.227783
106284.891357
106314.606384
106344.345520
106374.051880
106403.668274
106433.418640
106462.997620
106492.641663
106522.278625
106551.953735
106581.550964
106611.302307
106640.950378
106670.626404
106700.347229
106730.046387
106759.669678
106789.310852
106818.921936
106848.489258
106878.184387
106907.761414
106937.383423
106967.037842
106996.709106
107026.311584
107055.978699
107085.675659
107115.353577
107144.993774
107174.782532
107204.369507
107234.016052
107263.728271
107293.275024
107322.910400
107352.612854
107382.216553
107411.835083
107441.552429
107471.113159
107500.756287
107530.451599
107560.053101
107589.591919
107619.340088
107648.926697
107678.526428
107708.288208
107737.921326
107767.618103
107797.387390
107827.111633
107856.756287
107886.531067
107916.159363
107945.766663
107975.451294
108005.041565
108034.591858
108064.347839
108094.042847
108123.639221
108153.404846
108183.075256
108212.732544
108242.398499
108272.060486
108301.671814
108331.358948
108360.984131
108390.617310
108420.224854
108449.892090
108479.551575
108509.148621
108538.954956
108568.551453
108598.225464
108627.946289
108657.599060
108687.219177
108716.914307
108746.455200
108776.006226
108805.700378
108835.234619
108864.867615
108894.541138
108924.219727
108953.830017
108983.586548
109013.178162
109042.751526
109072.483215
109102.066833
109131.667053
109161.343201
109190.916565
109220.432556
109250.190186
109279.757751
109309.411865
109339.059814
109368.644592
109398.275269
109427.959900
109457.610474
109487.131958
109516.870117
109546.447937
109576.028198
109605.687622
109635.383240
109664.950745
109694.630981
109724.282104
109753.895813
109783.602295
109813.281128
109842.935364
109872.522278
109902.295410
109931.830811
109961.386353
109991.148743
110020.775879
110050.439941
110080.168457
110109.806519
110139.410461
110169.160583
110198.719849
110228.318359
110257.962891
110287.558167
110317.082214
110346.774719
110376.318054
110405.889771
110435.626709
110465.318787
110494.911194
110524.558533
110554.182922
110583.793640
110613.476746
110643.018188
110672.656982
110702.295532
110731.912415
110761.474487
110791.247375
110820.834595
110850.463562
110880.093506
110909.721252
110939.269531
110968.911072
110998.534058
111028.081299
111057.830322
111087.386475
111116.999695
111146.605103
111176.283569
111205.861206
111235.479919
111265.225891
111294.863831
111324.501526
111354.174866
111383.860535
111413.396240
111443.122498
111472.658997
111502.233704
111531.874878
111561.483337
111591.057556
111620.790894
111650.418701
111679.971191
111709.692200
111739.268921
111768.919800
111798.544861
111828.159485
111857.719238
111887.341614
111916.912781
111946.410583
111976.135864
112005.687439
112035.331665
112065.042664
112094.643005
112124.333496
112154.047119
112183.663879
112213.159302
112242.857483
112272.366028
112301.948853
112331.576233
112361.130737
112390.728333
112420.469604
112450.107422
112479.735596
112509.437927
112539.079834
112568.658691
112598.197021
112627.914368
112657.408081
112686.907043
112716.640808
112746.164917
112775.751038
112805.418640
112834.983276
112864.503906
112894.170593
112923.696899
112953.259705
112982.862366
113012.404846
113041.979004
113071.604187
113101.187988
113130.768860
113160.488098
113190.090271
113219.694702
113249.357300
113278.976074
113308.516663
113338.175842
113367.686035
113397.215271
113426.901917
113456.404053
113485.950012
113515.582092
113545.144836
113574.648560
113604.221924
113633.788940
113663.313232
113692.971680
113722.556824
113752.120911
113781.677246
113811.282227
113840.811707
113870.385986
113900.047180
113929.599976
113959.197998
113988.880432
114018.491821
114048.025024
114077.743347
114107.331116
114136.962402
114166.597168
114196.143494
114225.752441
114255.362549
114284.897766
114314.461914
114344.124695
114373.689880
114403.316895
114433.003723
114462.648987
114492.184998
114521.830566
114551.426392
114580.941345
114610.651978
114640.164978
114669.737915
114699.403320
114729.009521
114758.526367
114788.225708
114817.777649
114847.308594
114877.028137
114906.577820
114936.177856
114965.781921
114995.473145
115024.978882
115054.651733
115084.177490
115113.788452
115143.453979
115173.132324
115202.731628
115232.426636
115262.025879
115291.596497
115321.169250
115350.824646
115380.408997
115409.968872
115439.633118
115469.107422
115498.692200
115528.329529
115557.911987
115587.451294
115617.132935
115646.650757
115676.424866
115706.264526
115735.825928
115765.414429
115795.104431
115824.753052
115854.287170
115884.047424
115913.684692
115943.385437
115973.121094
116002.754211
116032.352600
116062.084106
116091.759155
116121.333191
116151.040894
116180.611938
116210.230896
116239.875793
116269.464111
116299.136353
116328.819946
116358.445801
116387.994751
116417.695312
116447.271423
116476.950745
116506.618652
116536.191223
116565.858948
116595.516296
116625.169312
116654.740601
116684.329285
116714.105164
116743.727417
116773.372498
116803.042480
116832.726013
116862.334106
116892.042725
116921.640076
116951.