140304.861145
140335.143494
140365.195679
140395.178772
140425.306274
140455.319275
140485.310364
140515.414734
140545.406921
140575.420898
140605.449768
140635.461426
140665.412598
140695.400879
140725.388794
140755.377136
140785.342407
140815.340027
140845.315063
140875.258484
140905.326660
140935.249573
140965.243042
140995.212952
141025.208557
141055.125305
141085.164795
141115.112122
141145.055908
141175.080200
141205.003967
141234.995850
141264.939392
141294.929626
141324.864624
141354.927429
141384.874451
141414.843506
141444.856018
141474.830872
141504.748169
141534.744263
141564.701660
141594.594788
141624.632874
141654.551208
141684.530518
141714.511902
141744.468018
141774.394653
141804.388428
141834.355225
141864.229187
141894.327637
141924.256592
141954.242371
141984.213379
142014.219055
142044.112732
142074.120789
142104.012878
142133.921204
142163.909058
142193.932800
142223.844299
142253.790649
142283.864380
142313.757141
142343.740540
142373.702393
142403.618042
142433.579285
142463.536316
142493.512878
142523.419189
142553.467957
142583.369202
142613.332031
142643.320496
142673.300781
142703.180725
142733.164856
142763.137329
142793.034912
142823.084167
142852.992554
142882.947021
142912.917847
142942.871094
142972.797119
143002.824890
143032.780945
143062.675171
143092.700867
143122.598206
143152.582764
143182.533630
143212.527039
143242.473633
143272.485046
143302.480042
143332.375549
143362.429016
143392.365967
143422.402283
143452.417358
143482.448120
143512.393433
143542.454041
143572.427307
143602.382019
143632.417725
143662.465210
143692.410583
143722.390137
143752.421265
143782.363586
143812.324280
143842.375122
143872.393066
143902.372314
143932.482727
143962.474609
143992.518066
144022.558228
144052.579041
144082.537842
144112.559448
144142.596130
144172.553284
144202.647949
144232.606628
144262.650818
144292.682739
144322.683044
144352.619812
144382.722839
144412.678711
144442.702271
144472.726013
144502.726074
144532.780884
144562.827393
144592.855103
144622.815002
144652.914551
144682.871643
144712.855286
144742.848694
144772.851440
144802.797058
144832.857544
144862.816711
144892.715698
144922.801514
144953.560669
144984.659119
145015.759766
145045.642273
145075.340698
145105.102051
145134.914856
145164.646179
145194.417847
145224.287231
145254.073669
145283.843323
145313.728577
145343.462280
145373.263245
145403.111145
145433.254517
145463.200806
145493.006714
145522.631104
145552.332886
145582.024902
145611.668335
145641.265625
145671.052734
145700.690674
145730.339722
145760.073792
145789.760071
145819.389221
145849.095398
145878.777039
145908.411194
145938.146240
145967.749695
145997.444397
146027.122803
146056.824402
146086.430054
146116.222778
146145.836060
146175.445374
146205.174805
146234.740295
146264.384949
146294.047668
146323.703613
146353.274475
146382.967102
146412.601440
146442.274292
146471.855591
146501.671570
146531.281128
146560.902161
146590.625977
146620.226929
146649.906799
146679.557800
146709.212463
146738.751099
146768.530273
146798.095886
146827.698242
146857.413635
146887.076782
146916.692444
146946.354980
146975.989929
147005.542358
147035.280701
147064.860779
147094.482971
147124.193970
147153.840637
147183.418884
147213.219299
147242.802795
147272.436279
147302.108704
147331.776184
147361.352234
147391.074341
147420.676392
147450.239685
147479.967712
147509.522766
147539.106934
147568.726807
147598.369568
147627.987244
147657.744385
147687.413696
147717.124817
147746.844116
147776.555237
147806.187256
147835.827454
147865.637207
147895.274048
147924.988464
147954.727783
147984.406555
148014.050720
148043.780090
148073.550476
148103.144043
148133.037048
148162.705627
148192.441040
148222.113403
148251.800781
148281.429260
148311.184448
148340.877380
148370.509460
148400.313965
148429.947144
148459.655579
148489.386597
148519.101746
148548.735901
148578.432861
148608.122375
148637.743713
148667.533630
148697.219238
148727.640869
148758.057251
148788.696350
148819.330261
148850.104187
148880.884277
148911.581421
148942.419373
148973.151917
149003.912903
149034.7