23414.580933
23449.341248
23485.154297
23519.687622
23554.519531
23588.726807
23621.458313
23655.456360
23691.112488
23727.009888
23762.896851
23798.819153
23834.395081
23870.131165
23905.717285
23941.118652
23976.722778
24012.381531
24047.987000
24084.070496
24119.715027
24155.264648
24191.024475
24226.679871
24262.253174
24297.667908
24333.319458
24368.934937
24404.599182
24440.214661
24475.837769
24511.603577
24547.403809
24582.857056
24618.164734
24653.505005
24688.905273
24724.031921
24759.975281
24795.582520
24830.926575
24866.417725
24901.628845
24937.399536
24973.140930
25008.641357
25043.944824
25079.258667
25114.686401
25150.333862
25185.979614
25221.588135
25257.414124
25293.015015
25328.679932
25364.297852
25400.016846
25435.674805
25471.306335
25507.000732
25542.659424
25578.342712
25613.929260
25649.621887
25685.310303
25720.969421
25756.603516
25792.344543
25827.948425
25863.642944
25899.358582
25934.947205
25970.468750
26006.114441
26041.822266
26077.365662
26113.015015
26148.462219
26184.077881
26219.739990
26255.454346
26291.087524
26326.594910
26362.226807
26397.819702
26433.423462
26468.929688
26504.513794
26540.319763
26575.954529
26611.493652
26647.345825
26683.087341
26718.733459
26754.420898
26789.796692
26825.497253
26861.121582
26896.795349
26932.224976
26967.913879
27003.526978
27039.073914
27074.861023
27110.465515
27146.158081
27181.922241
27217.642517
27252.940308
27288.020264
27323.246704
27358.340393
27393.636658
27428.826904
27464.650696
27500.041138
27535.317627
27570.480774
27605.787659
27640.941345
27676.478699
27712.063538
27747.564758
27783.027710
27818.567200
27854.018982
27889.586975
27925.087708
27960.684692
27996.304138
28031.862549
28067.455261
28103.109619
28138.310974
28173.432434
28208.419373
28243.610229
28278.721558
28313.456360
28348.435425
28383.670959
28418.529541
28453.816101
28489.485168
28525.019287
28560.590332
28596.281006
28632.062195
28667.737488
28703.401245
28739.060425
28774.677307
28810.339478
28845.948853
28881.573364
28917.238098
28952.823853
28988.459351
29024.049194
29059.725769
29095.295837
29131.008545
29166.644043
29202.094971
29237.617737
29273.269470
29308.908936
29344.438354
29380.110229
29415.666016
29451.200806
29486.749878
29522.257446
29557.870422
29593.537476
29629.226746
29664.671326
29700.275085
29735.903259
29771.423401
29807.105286
29842.664490
29878.254639
29914.049377
29949.772095
29985.464539
30021.209839
30056.086548
30092.028931
30128.336304
30164.455322
30200.546204
30236.598694
30272.921692
30309.268066
30345.730530
30382.217896
30418.600647
30455.079102
30490.903809
30526.386475
30561.655640
30596.976562
30632.222778
30667.489136
30702.825073
30737.949951
30773.182983
30808.561707
30844.598022
30879.860046
30915.545227
30951.368164
30986.953796
31022.596924
31058.375549
31094.055237
31129.501709
31165.130554
31200.866821
31236.572754
31272.282227
31308.055298
31343.869751
31379.516968
31415.230957
31450.922791
31486.479065
31522.184692
31557.834412
31593.436340
31629.138428
31664.840027
31700.475525
31736.125610
31771.819580
31807.317993
31842.997559
31878.615662
31914.362122
31950.108887
31985.693970
32021.019409
32056.297180
32091.640869
32126.643433
32162.360229
32198.092957
32233.489563
32268.861023
32304.109985
32339.564758
32375.151978
32410.955261
32446.704285
32482.385803
32517.698608
32552.908691
32588.159241
32623.736694
32659.453003
32695.109375
32730.837280
32766.473267
32802.174377
32837.751648
32873.392029
32908.927246
32944.581360
32980.171387
33015.690552
33051.540894
33087.182190
33122.848206
33158.258667
33193.843384
33229.826660
33265.622925
33301.395630
33337.113586
33372.756592
33408.522217
33444.358154
33480.053223
33515.534241
33550.929077
33586.227539
33621.792175
33657.010437
33692.172058
33727.010132
33762.218811
33797.263367
33832.556885
33867.478088
33901.928284
33937.098206
33972.641846
34008.192200
34043.669434
34079.197449
34114.439209
34149.564209
34184.721680
34220.097412
34255.191345
34289.841370
34325.346191
34360.865417
34396.361633
34431.959229
34467.252075
34502.493652
34537.604492
34572.784424
