154871.604675
154906.125061
154941.958618
154976.493164
155011.344482
155046.850891
155081.746826
155113.755737
155144.778870
155180.228210
155215.912415
155251.549377
155286.985962
155322.505432
155358.164062
155393.846619
155429.385925
155465.267456
155500.756470
155536.577637
155572.104004
155607.709534
155643.353577
155678.890869
155714.771606
155750.155945
155786.004944
155821.529602
155857.183472
155892.751831
155928.308167
155964.091553
156000.074097
156036.094116
156071.914551
156107.739502
156143.679871
156179.402222
156215.441284
156251.964233
156288.866150
156325.739502
156362.702881
156399.649048
156436.568176
156473.560730
156510.455261
156547.416443
156584.340881
156621.331909
156658.291260
156695.302490
156732.223694
156769.097473
156806.068787
156842.960083
156879.968079
156916.896301
156953.920715
156990.888000
157027.871521
157064.791016
157101.707458
157138.712585
157175.657166
157212.653381
157249.605530
157286.583984
157323.545959
157360.518127
157397.455322
157434.370361
157471.281799
157508.280518
157545.234375
157582.151123
157619.162292
157656.086121
157693.118408
157730.070129
157766.968567
157803.962952
157840.880249
157877.866333
157914.812378
157951.790283
157988.673401
158025.650757
158062.565247
158099.510620
158136.421631
158173.446960
158210.360596
158247.287598
158284.295227
158321.184265
158358.151978
158395.069763
158432.101624
158469.091675
158506.005859
158542.893066
158579.870117
158616.798401
158653.770996
158690.652954
158727.588318
158764.609253
158801.546814
158838.501160
158875.413818
158912.380981
158949.399048
158986.332764
159022.429382
159058.507141
159094.294495
159130.303589
159166.093323
159202.138855
159237.877014
159274.152588
159311.146545
159348.072876
159385.074707
159421.999878
159458.995789
159495.894775
159532.853577
159569.773987
159606.739746
159643.669678
159680.553772
159717.528809
159754.440491
159791.462708
159828.382019
159865.343750
159902.243225
159939.226868
159976.157898
160013.116699
160050.155090
160087.112427
160124.113525
160161.039307
160198.049255
160234.983398
160271.988892
160308.920288
160345.943481
160382.900391
160419.917725
160456.879578
160493.880371
160530.881531
160567.792664
160604.780823
160641.689331
160678.667358
160715.583130
160752.580872
160789.535034
160826.522400
160863.555054
160900.475342
160937.474304
160974.379883
161011.372559
161048.360779
161085.322998
161122.369324
161159.289795
161196.289734
161233.196106
161270.230408
161307.175293
161344.188293
161381.111755
161418.066772
161455.050354
161491.960632
161528.945557
161565.859558
161602.878113
161639.839905
161676.846130
161713.830688
161750.875122
161787.845032
161824.857666
161861.837769
161898.730347
161935.697632
161972.633606
162009.657043
162046.618225
162083.643555
162120.595703
162157.597473
162194.566833
162231.483948
162268.504883
162305.472900
162342.559875
162379.536377
162416.577454
162453.547119
162490.554199
162527.512451
162564.494690
162601.168030
162636.967957
162673.008911
162708.803162
162744.828857
162780.651672
162816.666809
162852.471924
162889.335388
162926.316223
162963.214478
163000.226990
163037.177124
163074.222839
163111.178406
163148.251282
163185.253113
163222.324646
163259.298279
163296.271606
163333.290344
163370.286560
163407.331787
163444.258423
163481.292664
163518.277100
163555.329895
163592.320007
163629.398865
163666.409546
163703.407166
163740.520142
163777.543762
163814.635742
163851.641052
163888.717651
163925.694458
163962.689575
163999.733826
164036.708130
164073.800232
164110.813232
164147.857117
164184.818787
164221.880615
164258.851196
164295.870544
164332.843689
164369.900391
164406.897156
164443.865967
164480.941833
164517.894653
164555.159851
164592.191589
164629.273804
164666.266602
164703.305298
164740.269287
164777.277100
164814.259888
164851.246521
164888.270752
164925.247986
164962.322266
164999.303345
165036.337463
165073.324646
165110.293152
165147.381775
165184.356445
165221.417542
165258.409973
165295.507385
165332.530396
165369.607788
165406.655579
165443.757629
165480.781372
165517.826111
165554.870544
165591.848938
165628.950195
165665.932922
165703.041992
165740.048950
165777.160156
165814.201233
165851.319153
165888.368713
165925.430481
165962.446167
165999.483643
166036.573120
166073.588867
166110.684204
166147.737610
166184.754944
166221.503113
166258.299683
166295.201111
166332.014893
166368.908691
166405.716736
166442.647522
166479.504822
166516.367432
166553.192444
166590.072021
166626.971008
166663.842651
166700.753845
166737.592712
166774.486694
166811.336121
166848.226440
166885.050598
166921.937256
166958.788513
166995.619141
167032.519531
167069.290283
167106.168457
167142.969482
167179.848328
167216.665283
167253.469421
167290.316101
167327.160034
167364.043457
167400.498413
167436.036011
167471.437195
167506.943115
167542.511780
167578.177917
167613.708435
167649.216858
167684.670593
167720.150391
167755.660400
167791.202820
167826.798340
167862.441956
167898.296875
167934.233887
167969.995667
168005.825745
168041.769165
168077.474487
168113.873779
168150.878357
168187.807068
168224.760254
168261.665710
168298.628723
168335.569580
168372.545898
168409.465271
168446.457581
168483.418518
168520.330139
168557.301147
168594.231018
168631.176636
168668.101746
168705.087891
168742.015869
168778.984375
168815.907898
168852.895081
168889.774048
168926.722778
168963.590698
169000.521545
169037.463074
169074.396362
169111.345520
169148.247742
169185.185974
169222.105896
169259.125977
169296.063965
169333.025818
169369.932678
169406.880859
169443.755188
169480.648865
169517.601501
169554.554749
169591.433777
169628.443909
169665.378723
169702.357056
169739.227173
169776.114136
169813.046021
169849.950684
169886.860901
169923.731567
169960.719543
169997.582275
170034.529541
170071.425232
170108.387390
170145.215210
170182.164978
170219.041626
170255.952576
170292.903931
170329.756226
170366.668396
170403.530945
170440.462891
170477.341370
170514.304260
170551.176208
170588.121155
170624.981934
170661.920898
170698.810425
170735.676331
170772.620056
170809.524475
170846.527466
170883.434937
170920.420166
170957.307312
170994.296387
171031.211792
171068.213623
171105.128479
171142.131958
171179.072693
171215.997559
171252.955994
171289.854614
171326.867676
171363.767700
171400.766235
171437.733459
171474.722107
171511.653687
171548.640625
171585.543091
171622.458374
171659.420959
171696.340637
171733.375549
171770.305115
171807.312012
171844.268372
171881.252075
171918.273560
171955.190186
171992.211182
172029.119507
172066.123901
172102.264587
172138.229980
172173.938660
172209.860413
172245.705017
172281.420898
172317.320129
172354.045410
172390.986206
172427.878967
172464.846375
172501.756775
172538.715576
172575.515503
172612.590088
172649.498596
172686.375854
172723.302917
172760.231018
172797.082520
172834.067383
172870.952759
172907.956238
172944.830994
172981.793579
173018.694641
173055.645325
173092.574280
173129.510803
173166.417358
173203.325500
173240.311768
173277.221191
173314.118469
173350.994385
173387.980652
173424.850830
173461.829285
173498.661621
173535.704590
173572.607300
173609.556335
173646.465332
173683.368530
173720.313721
173757.194275
173794.219360
173831.133301
173868.103577
173904.996399
173941.896912
173978.897156
174015.809937
174052.697510
174089.629211
174126.492615
174163.466797
174200.309204
174237.247681
174274.145813
174311.075806
174348.001709
174384.978699
174421.872314
174458.751282
174495.698669
174532.609375
174569.582214
174606.437744
174643.384644
174680.294739
174717.227234
174754.120361
174791.056152
174827.937073
174864.823792
174901.787842
174938.688965
174975.633484
175012.523132
175049.441406
175086.293579
175123.173157
175160.127075
175196.966492
175233.932922
175270.796631
175307.745178
175344.635925
175381.582825
175418.472351
175455.355469
175492.313782
175529.199158
175566.162781
175603.019592
175639.949768
175676.822388
175713.783203
175750.647156
175787.523071
175824.491272
175861.371033
175898.338867
175935.258118
175972.234863
176009.147278
176046.127625
176083.035156
176119.941223
176156.937561
176193.802063
176230.760620
176267.651917
176304.522522
176341.265930
176378.032471
176414.726440
176451.478149
176488.174194
176524.961731
176561.677917
176598.410889
176635.224487
176671.963318
176708.751160
176745.495239
176782.305969
176819.043396
176855.858337
176892.598694
176929.386169
176966.114868
177002.907654
177039.669067
177076.360901
177113.104553
177149.802063
177186.559509
177223.238586
177258.535278
177294.175964
177329.489929
177365.140442
177400.335693
177436.018738
177471.261658
177506.955261
177542.168152
177577.779663
177613.088074
177648.733154
177684.011536
177719.655090
177754.933533
177790.599792
177825.856750
177861.474487
177896.691406
177932.415649
177967.629211
178003.407654
178039.239746
178075.050659
178110.873169
178146.660156
178182.545471
178218.335876
178254.163635
178289.911377
178325.656982
178361.519409
178397.592041
178434.645996
178471.663452
178508.702881
178545.684021
178582.745056
178619.740234
178656.715210
178693.780457
178730.764771
178767.858337
178804.851440
178841.915710
178878.900696
178915.975830
178953.009827
178990.039429
179027.093567
179064.107971
179101.169312
179138.165039
179175.219299
179212.186646
179249.232910
179286.191101
179323.243164
179360.244568
179397.277405
179434.221741
179471.266724
179508.257812
179545.260132
179582.291504
179619.281006
179656.327820
179693.276306
179730.279907
179767.223816
179804.247314
179841.189636
179878.189819
179915.128723
179952.192261
179989.176025
180026.207886
180063.156982
180100.187561
180137.152344
180174.181946
180211.166504
180248.118225
180285.168457
180322.092896
180359.121338
180396.095398
180433.139404
180470.061279
180507.096130
180544.041748
180580.994812
180617.992981
180654.913086
180691.955078
180728.957642
180765.994324
180802.992371
180840.049377
180877.035339
180913.995667
180951.084961
180988.078552
181025.152161
181062.140137
181099.211853
181136.200439
181173.258606
181210.244568
181247.292603
181284.267944
181321.261353
181358.333740
181395.330078
181432.400696
181469.363403
181506.410034
181543.367859
181580.359680
181617.460083
181654.422302
181691.500610
181728.567871
181765.656189
181802.683960
181839.739929
181876.730225
181913.853027
181950.915588
181987.937439
182025.055603
182062.077820
182099.159180
182136.138123
182173.103516
182210.133362
182247.196228
182284.207153
182321.202576
182358.248779
182395.232788
182432.286194
182469.323608
182506.381836
182543.390747
182580.440552
182617.449951
182654.506104
182691.488281
182728.494934
182765.615845
182802.595215
182839.679382
182876.666138
182913.734741
182950.684998
182987.753296
183024.714233
183061.766602
183098.743835
183135.710144
183172.741516
183209.745972
183246.812378
183283.795776
183320.788391
183357.870300
183394.873169
183431.932434
183468.966797
183506.046082
183543.025146
183580.049805
183616.997742
183653.933044
183691.001709
183728.033142
183765.019592
183801.963013
183838.997009
183875.936890
183912.980713
183949.965393
183987.017578
184023.997559
184061.031982
184098.010132
184134.990417
184172.027344
184209.055908
184246.097839
184283.133301
184320.213135
184357.264465
184394.330078
184431.504822
184468.667358
184505.712646
184542.680847
184579.788696
184616.764099
184653.836182
184690.810486
184727.828674
184764.670044
184800.485962
184836.403259
184872.255920
184908.124084
184943.971069
184979.720154
185015.578186
185051.334351
185087.184265
185122.977844
185158.986450
185195.956543
185232.879028
185269.934570
185306.894592
185343.899719
185380.849121
185417.842590
185454.803040
185491.829163
185528.788879
185565.747864
185602.748291
185639.678711
185676.724915
185713.681824
185750.717834
185787.671448
185824.686462
185861.685669
185898.696106
185935.736389
185972.720581
186009.723328
186046.680969
186083.749329
186120.734436
186157.779053
186194.710876
186231.657776
186268.667603
186305.611206
186342.634644
186379.575867
186416.617065
186453.613098
186490.659912
186527.612000
186564.533142
186601.575928
186638.531372
186675.582886
186712.513977
186749.572327
186786.538818
186823.592529
186860.603943
186897.676575
186934.632202
186971.721497
187008.683472
187045.730896
187082.820435
187119.759