100292.284180
100326.952637
100362.770447
100397.367798
100432.229858
100467.369263
100500.869446
100531.910583
100565.467224
100598.660217
100634.037842
100669.771484
100705.560181
100741.554932
100777.337585
100812.569397
100848.355530
100883.431702
100919.034729
100954.573425
100990.185852
101025.756348
101061.594971
101097.908325
101134.205261
101170.158813
101206.046265
101241.989868
101277.824463
101313.831360
101349.706299
101385.633179
101421.558655
101457.473328
101493.390869
101529.312195
101565.141113
101601.072693
101636.925171
101672.793030
101708.741638
101744.569580
101780.386230
101816.279724
101852.140320
101888.089722
101923.971497
101959.886841
101995.838257
102031.726807
102067.733826
102103.625488
102139.552002
102175.460510
102211.386536
102247.395081
102283.341309
102319.405212
102355.815857
102391.847107
102427.833191
102463.736145
102499.748474
102535.758484
102572.520325
102609.413391
102645.962646
102681.818726
102718.270813
102754.616760
102790.315857
102826.081909
102861.848206
102897.630249
102933.330200
102969.070496
103004.753418
103040.625000
103076.712708
103112.709534
103148.733643
103184.671265
103220.675232
103256.599731
103292.605530
103328.554504
103364.512756
103400.529602
103436.619629
103472.700745
103509.213867
103545.441895
103581.514038
103617.665344
103653.797424
103689.921204
103725.968750
103762.024841
103798.165833
103834.382996
103870.535278
103906.667419
103942.695740
103978.802612
104015.197327
104051.272156
104087.383789
104123.553772
104159.704407
104195.764221
104231.848206
104267.952820
104304.054138
104340.189209
104376.241211
104412.412354
104448.490723
104484.635803
104520.675537
104556.836121
104592.911011
104629.124023
104665.326782
104701.435547
104737.553528
104773.665283
104809.675720
104845.879456
104882.117615
104918.343018
104954.539856
104990.672852
105026.861816
105063.017883
105099.242371
105135.630981
105171.794006
105208.024353
105244.195984
105280.345825
105316.361023
105352.241882
105388.186768
105424.162109
105460.084900
105496.071228
105531.954590
105568.171692
105604.435669
105640.550415
105676.618347
105712.507019
105748.348389
105784.200256
105820.064697
105855.964050
105891.836243
105927.751465
105963.786133
105999.630432
106035.623535
106071.497253
106107.230713
106143.130249
106178.946594
106214.816467
106251.040527
106287.117065
106323.157776
106359.152222
106395.109558
106431.018799
106466.892456
106502.765991
106538.589661
106574.487854
106610.284485
106646.190369
106682.032959
106717.839050
106753.752563
106789.569641
106825.522400
106861.483032
106897.543152
106933.661255
106969.519165
107005.336731
107041.254028
107077.059387
107112.921692
107148.934143
107184.801025
107220.768066
107256.516968
107292.270386
107328.029785
107363.771301
107399.694702
107435.410706
107471.235291
107507.156494
107543.017395
107578.916931
107614.776428
107650.751831
107686.769348
107722.686523
107758.571594
107794.356445
107830.202820
107865.921631
107901.778503
107937.761169
107973.651367
108009.584656
108045.601746
108081.432800
108117.317749
108153.133606
108188.999329
108224.779297
108260.611267
108296.451599
108332.318359
108368.260803
108404.013672
108439.723389
108475.464111
108511.243958
108547.151855
108583.057129
108618.897156
108654.772095
108690.653381
108726.490784
108762.385437
108798.397095
108834.460938
108870.403442
108906.331665
108942.202515
108978.161255
109014.085815
109050.011536
109085.985046
109121.718079
109157.516418
109193.265808
109229.072144
109264.763855
109300.672974
109336.517944
109372.371765
109408.298340
109444.190369
109480.181946
109515.933899
109551.766174
109587.477478
109623.158569
109658.965698
109694.820801
109730.792908
109766.740417
109802.745178
109838.573608
109874.557312
109910.442200
109946.370178
109982.389038
110018.241760
110054.163208
110089.984192
110125.722351
110161.484741
110197.249451
110233.084290
110268.850952
110304.716858
110340.612183
110376.345886
110412.331543
110448.162842
110484.082092
110519.946899
110555.819580
110591.669495
110627.488281
110663.285278
110699.027893
110734.907349
110770.661499
110806.519226
110842.230896
110878.032349
110913.828430
110949.704895
110985.653198
111021.439880
111057.305176
111093.242737
111129.212219
111165.057983
111200.948792
111236.901245
111272.762695
111308.656738
111344.477844
111380.221680
111416.074768
111451.914246
111487.761230
111523.566895
111559.533875
111595.306274
111631.092834
111666.862976
111702.629517
111738.517578
111774.452759
111810.506897
111846.430725
111882.395081
111918.158691
111953.987061
111989.807739
112025.523682
112061.404541
112097.268433
112133.136292
112168.831604
112204.591492
112240.427856
112276.162415
112312.001099
112347.732910
112383.550781
112419.284851
112455.108398
112491.017822
112526.912659
112562.804199
112598.617676
112634.546997
112670.344666
112706.208740
112741.968689
112777.812988
112813.636230
112849.521973
112885.354858
112921.216980
112957.153015
112992.973877
113028.846252
113064.623779
113100.476746
113136.265015
113172.172058
113207.958008
113243.814087
113279.757629
113315.663818
113351.547180
113387.497559
113423.406311
113459.339478
113495.244507
113531.289734
113567.197754
113603.150757
113638.957520
113674.816895
113710.597473
113746.419739
113782.237488
113818.090271
113853.919434
113889.751526
113925.460632
113961.291138
113997.147644
114033.024902
114068.867371
114104.845215
114140.825134
114176.781616
114212.774597
114248.794373
114284.700684
114320.570312
114356.483032
114392.226318
114428.048340
114463.805420
114499.606750
114535.484131
114571.295593
114607.289185
114643.198608
114679.156616
114714.941467
114750.735107
114786.602051
114822.397095
114858.271973
114894.106445
114929.998047
114965.970215
115001.867737
115037.787476
115073.616150
115109.430664
115145.149048
115180.862488
115216.874084
115252.620789
115288.634033
115324.353394
115360.131348
115395.983704
115431.708435
115467.532654
115503.383423
115539.255127
115575.088562
115610.999329
115646.928955
115682.895264
115718.695862
115754.566833
115790.452820
115826.398987
115862.199036
115897.945496
115933.620117
115969.478333
116005.238342
116041.023926
116076.837341
116112.817322
116148.732056
116184.581299
116220.370178
116256.139587
116291.953125
116328.006104
116364.001648
116400.030518
116435.993103
116471.936768
116507.824402
116543.672241
116579.572754
116615.399292
116651.256653
116687.091125
116722.943115
116758.836365
116794.629211
116830.578857
116866.456543
116902.290955
116938.164185
116973.997375
117009.859375
117045.613770
117081.374390
117117.259827
117153.099976
117188.992676
117224.791016
117260.612305
117296.541382
117332.410522
117368.270081
117404.035034
117439.867615
117475.702881
117511.559631
117547.268250
117582.991943
117618.978821
117654.856873
117690.837402
117726.698547
117762.568359
117798.341125
117834.167969
117869.906433
117905.676758
117941.470154
117977.419373
118013.436768
118049.309998
118085.063049
118120.889221
118156.686218
118192.592041
118228.456909
118264.266785
118300.112976
118336.127991
118371.912781
118407.857239
118443.810120
118479.783569
118515.824097
118551.683289
118587.504272
118623.319397
118659.067322
118694.918579
118730.666870
118766.473938
118802.284973
118837.981140
118873.766785
118909.466492
118945.282532
118981.247620
119016.962830
119052.740417
119088.535706
119124.458862
119160.325684
119196.086975
119231.965027
119267.751160
119303.544678
119339.296997
119375.001770
119410.766296
119446.446960
119482.226868
119518.151367
119554.034302
119589.963501
119625.701233
119661.457703
119697.146362
119732.918274
119768.696228
119804.470032
119840.270020
119876.141418
119911.926147
119947.845886
119983.723694
120019.712708
120055.526428
120091.335266
120127.057861
120162.997742
120198.821167
120234.570068
120270.245728
120306.121033
120342.133728
120378.018799
120414.044250
120449.920349
120485.796387
120521.480713
120557.169067
120593.164917
120629.160339
120665.112244
120700.830017
120736.596313
120772.355835
120808.167297
120844.008240
120879.975220
120915.700378
120951.489258
120987.203430
121022.984680
121058.915283
121094.909790
121130.993713
121166.733337
121202.589233
121238.330811
