153637.200562
153671.749268
153707.553345
153742.062500
153774.531006
153808.954529
153844.734985
153880.399536
153916.154846
153951.820679
153987.557495
154023.245850
154058.937256
154094.677429
154130.341736
154166.066650
154201.695190
154237.419739
154273.071533
154308.801758
154344.476379
154380.161255
154415.886414
154451.534424
154487.273438
154522.919434
154558.657532
154594.346558
154630.085327
154665.744934
154701.496033
154737.154907
154772.822021
154808.548279
154844.193665
154879.924744
154915.593994
154951.359680
154987.031494
155022.703003
155058.437012
155094.072021
155129.817078
155165.500732
155201.294739
155236.992188
155272.706970
155308.371399
155343.984314
155379.717529
155415.344666
155451.061279
155486.709412
155522.453003
155558.115112
155593.740234
155629.467285
155665.116455
155700.857300
155736.537781
155772.267090
155807.944946
155843.613098
155879.379456
155915.053650
155950.831787
155986.503174
156022.145935
156057.516663
156092.899048
156128.192993
156163.445679
156198.906982
156234.179260
156269.556030
156304.899170
156340.346069
156375.637329
156410.958191
156446.369690
156481.628906
156516.963806
156552.234985
156587.604492
156622.924622
156658.290405
156693.720642
156729.064087
156764.481323
156799.863342
156835.211121
156870.480286
156905.825562
156941.103516
156976.387451
157011.771912
157047.017029
157082.363342
157117.713196
157153.032593
157188.362122
157223.735596
157259.198120
157294.497925
157329.934143
157365.252441
157400.640015
157435.941589
157471.317383
157506.672119
157542.017700
157577.454529
157612.786743
157648.130981
157683.426636
157718.803650
157754.080811
157789.545654
157824.979614
157860.359985
157895.784851
157931.126831
157966.516846
158001.887085
158037.231262
158072.665833
158107.922791
158143.308533
158178.600281
158213.993103
158249.286377
158284.699463
158320.012390
158355.448425
158390.820557
158426.252563
158461.652893
158497.035278
158532.511292
158567.940430
158603.452637
158638.861328
158674.279114
158709.653503
158745.074707
158780.434082
158815.810669
158851.252197
158886.624207
158921.960999
158957.273376
158992.686707
159028.054626
159063.496277
159098.883606
159134.324036
159169.706665
159205.249573
159240.653076
159276.097168
159311.446960
159346.903687
159382.320190
159417.711853
159453.179443
159488.606750
159524.027771
159559.350403
159594.713074
159630.027649
159665.463867
159700.840332
159736.240601
159771.584045
159806.937866
159842.322266
159877.640259
159912.999023
159948.339661
159983.765442
160019.100830
160054.556458
160089.937561
160125.404663
160160.774170
160196.126343
160231.551514
160266.985291
160302.424561
160337.803406
160373.202026
160408.523499
160443.901611
160479.201416
160514.583801
160549.904602
160585.295959
160620.675903
160656.026794
160691.452271
160726.793945
160762.152710
160797.461853
160832.828918
160868.123474
160903.508972
160938.819824
160974.237122
161009.518066
161044.867676
161080.151855
161115.411011
161150.784180
161186.113586
161221.402405
161256.652832
161291.989624
161327.281189
161362.665161
161397.996887
161433.349426
161468.678772
161504.098267
161539.430054
161574.744812
161610.087158
161645.432312
161680.886169
161716.282227
161751.802856
161787.199402
161822.616943
161857.948364
161893.301331
161928.625793
161963.959961
161999.241516
162034.508606
162069.826965
162105.113708
162140.541748
162175.867432
162211.250305
162246.570557
162281.972290
162317.321350
162352.600586
162387.957947
162423.333801
162458.667419
162493.999268
162529.389648
162564.708740
162600.140808
162635.433716
162670.868958
162706.193848
162741.620605
162776.999268
162812.441528
162847.925659
162883.323303
162918.772583
162954.097290
162989.529480
163024.929443
163060.326721
163095.615723
163130.958557
163166.365723
163201.644836
163237.035339
163272.363647
163307.846558
163343.249817
163378.654968
163413.979736
163449.367004
163484.687134
163520.031921
163555.326843
163590.608154
163625.971069
163661.212952
163696.603943
163731.954773
163767.353333
163802.664856
163838.055176
163873.346191
163908.715820
163943.999573
163979.315674
164014.683594
164049.970520
164085.324097
164120.568787
164155.916016
164191.157104
164226.542053
164261.866089
164297.251526
164332.563293
164367.968994
164403.412231
164438.824402
164474.099670
164509.414062
164544.811279
164580.162720
164615.575195
164650.884155
164686.292786
164721.646545
164757.074036
164792.445984
164827.822815
164863.286499
164898.588440
164933.962585
164969.239868
165004.632629
165039.959900
165075.410034
165110.757019
165146.196716
165181.498901
165216.804871
165252.181213
165287.489014
165322.915100
165358.208923
165393.567078
165428.917969
165464.321411
165499.686523
165535.093994
165570.417664
165605.714783
165641.083557
165676.371704
165711.760376
165747.078003
165782.512817
165817.900696
165853.325256
165888.655701
165924.059265
165959.367493
165994.665771
166030.086548
166065.427246
166100.866638
166136.216553
166171.590698
166206.883118
166242.246582
166277.572937
166313.017700
166348.411133
166383.776367
166419.193604
166454.553650
166489.981201
166525.309021
166560.768555
166596.128235
166631.449951
166666.825439
166702.135559
166737.528992
166772.829346
166808.228699
166843.562866
166878.976013
166914.275940
166949.604126
166984.879333
167020.280762
167055.615112
167090.942505
167126.304565
167161.619568
167196.975525
167232.307922
167267.733032
167303.023438
167338.322937
167373.592163
167408.940674
167444.216431
167479.582886
167514.903870
167550.230225
167585.565125
167620.936829
167656.383667
167691.734802
167727.110229
167762.430359
167797.612610
167832.919067
167868.232483
167903.649902
167939.036926
167974.488403
168009.860413
168045.359802
168080.740295
168116.120239
168151.412109
168186.686401
168222.062744
168257.368652
168292.654663
168327.957520
168363.343201
168398.653625
168434.031311
168469.333740
168504.683350
168540.035828
168575.314514
168610.732300
168646.104614
168681.477478
168716.825623
168752.262390
168787.678040
168823.065430
168858.527039
168893.903198
168929.276672
168964.565979
168999.991028
169035.352234
169070.737854
169106.096680
169141.528442
169176.894287
169212.283752
169247.544067
169282.917053
169318.254761
169353.588989
169388.949280
169424.193542
169459.504211
169494.755920
169530.141357
169565.429932
169600.781128
169636.062256
169671.394409
169706.662354
169741.988831
169777.424316
169812.733765
169848.123108
169883.455933
169918.772705
169954.098816
169989.545959
170024.908386
170060.332153
170095.689819
170131.098755
170166.484741
170201.824951
170237.263489
170272.658997
170308.091980
170343.405273
170378.859375
170414.249084
170449.612915
170484.975342
170520.382141
170555.718567
170591.063232
170626.369385
170661.665405
170697.082275
170732.440918
170767.849304
170803.166870
170838.470642
170873.885864
170909.187195
170944.611084
170979.951599
171015.356506
171050.736633
171086.173279
171121.561279
171156.979736
171192.235779
171227.661682
171262.984070
171298.328369
171333.770264
171369.166626
171404.585144
171439.945801
171475.377930
171510.720032
171546.121094
171581.335144
171616.729065
171652.087646
171687.447205
171722.762146
171758.126343
171793.527649
171828.858704
171864.255981
171899.612122
171934.937012
171970.271423
172005.614746
172040.925537
172076.359009
172111.733032
172147.125305
172182.579468
172217.973206
172253.341614
172288.670654
172324.040283
172359.420532
172394.810608
172430.127686
172465.515747
172500.855774
172536.242310
172571.605225
172606.978760
172642.412598
172677.718140
172713.046936
172748.330444
172783.751343
172819.074524
172854.351562
172889.732605
172925.048645
172960.437561
172995.717834
173031.088440
173066.397705
173101.726196
173136.985229
173172.334778
173207.639771
173243.023071
173278.296326
173313.653137
173348.976440
173384.325317
173419.590454
173454.828796
173490.112549
173525.308960
173560.603638
173595.880432
173631.239380
173666.458252
173701.758057
173737.000671
173772.259216
173807.545837
173842.749329
173878.090942
173913.351013
173948.635803
173983.869324
174019.153076
174054.418579
174089.661865
174124.959473
174160.165222
174195.522949
174230.755005
174266.065002
174301.296875
