247047.733215
247082.288208
247118.191406
247152.757751
247185.319824
247220.277954
247255.886169
247291.578369
247327.173279
247362.881409
247398.495667
247433.715271
247469.153625
247505.260315
247540.769958
247575.551819
247610.389404
247645.175293
247680.858765
247716.338196
247751.188904
247785.955566
247820.770264
247856.165833
247891.777588
247926.753113
247961.541809
247996.343628
248031.476135
248067.159424
248102.265259
248137.111023
248171.886841
248206.886414
248242.513000
248277.953125
248312.750671
248347.539551
248382.337952
248417.854187
248453.529907
248488.306458
248523.156128
248557.917542
248593.213257
248628.924194
248663.949646
248698.819092
248733.564453
248768.690979
248804.308472
248839.648621
248874.452393
248909.329773
248944.140076
248979.755920
249015.322083
249050.118408
249084.992798
249119.750793
249155.231079
249190.853882
249225.811462
249260.599976
249295.326965
249330.557129
249366.147034
249401.335022
249436.104187
249471.576660
249507.053955
249542.594360
249578.066711
249613.621704
249648.825684
249683.663452
249719.088135
249754.788513
249789.714050
249824.513733
249859.339722
249894.492249
249930.203613
249965.384277
250000.254822
250035.050476
250070.028442
250105.649231
250141.131104
250175.919250
250210.751404
250245.508484
250281.093323
250316.740662
250351.593994
250386.387939
250421.137268
250456.469360
250492.081726
250527.182617
250561.965820
250596.820923
250631.817017
250667.526672
250702.796387
250737.667175
250772.437805
250807.277771
250842.902832
250878.529724
250913.316895
250948.072693
250982.900024
251018.301819
251054.016724
251088.953613
251123.802307
251158.572754
251193.777527
251229.403137
251264.631165
251299.420105
251334.287476
251369.197144
251404.804993
251440.295654
251475.098511
251510.326721
251545.809692
251581.344177
251616.804016
251652.364685
251687.799011
251722.594971
251757.774963
251793.412415
251828.678894
251863.474609
251898.327637
251933.200317
251968.890686
252004.356018
252039.173340
252074.044434
252108.809204
252144.355469
252179.989807
252214.912964
252249.726318
252284.565063
252319.801819
252355.425232
252390.571838
252425.368225
252460.212158
252495.171143
252530.868713
252566.200806
252601.066589
252635.863892
252670.634033
252706.293518
252741.871643
252776.754578
252811.567139
252846.426575
252881.801819
252917.490479
252952.454041
252987.276855
253022.114502
253057.242310
253092.931030
253128.162720
253162.912292
253197.849670
253232.716858
253268.413452
253303.867981
253338.745483
253373.564758
253408.416077
253443.880798
253479.509460
253514.433960
253549.412109
253584.995911
253620.522644
253656.073914
253691.607666
253727.086304
253762.090088
253796.933716
253832.635132
253868.170776
253902.972290
253937.771790
253972.628113
254008.063293
254043.778198
254078.650818
254113.438354
254148.274170
254183.468323
254219.154236
254254.299622
254289.188232
254323.979004
254359.008911
254394.625366
254429.992981
254464.860291
254499.692810
254534.570740
254570.127258
254605.774109
254640.557739
254675.370361
254710.209290
254745.593140
254781.200134
254816.200989
254851.055664
254885.833679
254920.984192
254956.616455
254991.932434
255026.723267
255061.596741
255096.449951
255132.142151
255167.603882
255202.392822
255237.282532
255272.058228
255307.605042
255343.245911
255378.210205
255413.012634
255447.793762
255483.048279
255518.646851
255553.830933
255588.606506
255624.106873
255659.613525
255695.163330
255730.615906
255766.136841
255801.297729
255836.068115
255871.567078
255907.189819
255942.187195
255976.986267
256011.844727
256047.007507
256082.726318
256117.865906
256152.737366
256187.526428
256222.500977
256258.226501
256293.627625
256328.504211
256363.334778
256398.186279
256433.723511
256469.327698
256504.218811
256539.003357
256573.836304
256609.132263
256644.845581
256679.880859
256714.754639
256749.521729
256784.660889
256820.245239
256855.570435
256890.358154
256925.213135
256960.033508
256995.702576
257031.170349
257065.958557
257100.811584
257135.562805
257171.049683
257206.638428
257241.588806
257276.365845
257311.185669
257346.389404
257382.087341
257417.220215
257452.010315
257486.870178
257521.814575
257557.500000
257592.871643
257627.723572
257662.919617
257698.469910
257733.954041
257769.483948
257804.973877
257840.397034
257875.176941
257910.414490
257945.994141
257981.142212
258016.020325
258050.800903
258085.796143
258121.449707
258156.916443
258191.714722
258226.554077
258261.296753
258296.873901
258332.492188
258367.258789
258402.126892
258436.872437
258472.228760
258507.848267
258542.901062
258577.708374
258612.539551
258647.591553
258683.262024
258718.528442
258753.391907
258788.164795
258823.017578
258858.636414
258894.182739
258928.969727
258963.758850
258998.594055
259034.016357
259069.692383
259104.588318
259139.450134
259174.225403
259209.431519
259245.132507
259280.282593
259315.159180
259349.945740
259384.976013
259420.598267
259456.000183
259490.856262
259525.639038
259560.493164
259596.086670
259631.769409
259666.549011
259701.633484
259737.139832
259772.600464
259808.145020
259843.636108
259879.199219
259914.081970
259949.062866
259984.676514
260020.049866
260054.884155
260089.683228
260124.529663
260160.072510
260195.758423
260230.541077
260265.342224
260300.139160
260335.431396
260371.106445
260406.122803
260441.012573
260475.765015
260510.897461
260546.496094
260581.748657
260616.598267
260651.391357
260686.271057
260721.885071
260757.428101
260792.221863
260827.029419
260861.860107
260897.303162
260933.014587
260967.898743
261002.784973
261037.571899
261072.781616
261108.469482
261143.610596
261178.470703
261213.278137
261248.323242
261283.987854
261319.387207
261354.177979
261389.046875
261423.806580
261459.382629
261495.015625
261529.869385
261564.682190
261599.476868
261634.821411
261670.498352
261705.587708
261740.445557
261775.949036
261811.536133
261847.054382
261882.608337
261918.101990
261953.210022
261987.996216
262023.625000
262059.236694
262094.045349
262128.918152
19.681030
55.053772
90.681458
125.788574
160.585693
195.427307
230.489990
266.205078
301.426208
336.281494
371.043518
405.881409
441.593018
477.070007
511.939087
546.739746
581.562378
617.006958
652.700684
687.580750
722.365173
757.202026
792.411011
828.122253
863.200806
898.038025
932.796082
967.736023
1003.398376
1038.721619
1073.573547
1108.372131
1143.192810
1178.773132
1214.414246
1249.206604
1284.064514
1318.831909
1354.242554
1389.875000
1424.932739
1459.734314
1494.481445
1529.702332
1565.334778
1600.641296
1635.467590
1670.942383
1706.474792
1742.052429
1777.547913
1813.066284
1848.383484
1883.160583
1918.558167
1954.200012
1989.246277
2024.041016
2058.845032
2093.937561
2129.626282
2164.831177
2199.710022
2234.507202
2269.339111
2305.042908
2340.479858
2375.344543
2410.128113
2444.962280
2480.398438
2516.107788
2550.970276
2585.844604
2620.614380
2655.821838
2691.496704
2726.572144
2761.434082
2796.248718
2831.295227
2866.884155
2902.263062
2937.061401
2971.906128
3006.673035
3042.336365
3077.886841
3112.665894
3147.510620
3182.277710
3217.728210
3253.315430
3288.299377
3323.092896
3357.913330
3393.020447
3428.690125
3463.860413
3498.641541
3533.473816
3568.361755
3604.026123
3639.455322
3674.319397
3709.454468
3745.004211
3780.464050
3815.921936
3851.489746
3886.918823
3921.758911
3956.860291
3992.522583
4027.717407
4062.578003
4097.373352
4132.219421
4167.886536
4203.320801
4238.166443
4272.952942
4307.777832
4343.232910
4378.904846
4413.746338
4448.550781
4483.380127
4518.603088
4554.271179
4589.320984
4624.156494
4658.912781
4693.985229
4729.584167
4764.911255
4799.752319
4834.507324
4869.314819
4904.916809
4940.484253
4975.268494
5010.129456
5044.893921
5080.333191
5115.935181
5150.858459
5185.706299
5220.465759
5255.684875
5291.293457
5326.530029
5361.328003
5396.180603
5431.097168
5466.748169
5502.203125
5537.009338
5571.880432
5606.650391
5642.244873
5677.851379
5712.737366
5747.770508
5783.293213
5818.841370
5854.346436
5889.929016
5925.403320
5960.392151
5995.318115
6031.031738
6066.435242
6101.242310
6136.125854
6170.924316
6206.508057
6242.120605
6276.991882
6311.803711
6346.603088
6381.943848
6417.582275
6452.69