0.000000
15383.944946
15419.768127
15454.399780
15486.893921
15521.817932
15557.847961
15593.832336
15629.847473
15665.776611
15701.643555
15737.596313
15773.495178
15809.402039
15845.250854
15881.152893
15917.073181
15952.899109
15988.711243
16024.594421
16060.385193
16096.148865
16132.035034
16167.795837
16203.527588
16239.344910
16275.119629
16311.066345
16346.873901
16382.803955
16418.617676
16454.367249
16490.320679
16526.306030
16562.328857
16597.907898
16633.441284
16669.056824
16704.539795
16740.038147
16775.544250
16811.049805
16846.682983
16882.267029
16917.812683
16953.420898
16988.954163
17024.475647
17060.022522
17095.487122
17131.141174
17166.713806
17202.330078
17237.827820
17273.325012
17308.908508
17344.456909
17380.006165
17415.513184
17451.001221
17486.457031
17521.927002
17557.377625
17592.831665
17628.260620
17663.735291
17699.340088
17734.945984
17770.460449
17806.027588
17841.566284
17877.118042
17912.751953
17948.275574
17983.812744
18019.416748
18054.929199
18090.473633
18126.053894
18161.558289
18197.105591
18232.668152
18268.241028
18303.867920
18339.476562
18375.124756
18410.639465
18446.261047
18481.864929
18517.425110
18553.043640
18588.561523
18624.239685
18659.829102
18695.429199
18731.020874
18766.599182
18802.255676
18837.832214
18873.435730
18909.123169
18944.760864
18980.427429
19015.994324
19051.591370
19087.212036
19122.809143
19158.490601
19194.099548
19229.753296
19265.396790
19300.933105
19336.578064
19372.163818
19407.799011
19443.368774
19478.907104
19514.554077
19550.164734
19585.808533
19621.429443
19657.008362
19692.698547
19728.262207
19763.958008
19799.534912
19835.131226
19870.802429
19906.434814
19942.117920
19977.740906
20013.430176
20049.064697
20084.612366
20120.224609
20155.782043
20191.452576
20227.058472
20262.656250
20298.293579
20333.915955
20369.582520
20405.201721
20440.793213
20476.446838
20511.980164
20547.632141
20583.217834
20618.812683
20654.468750
20690.003296
20725.633606
20761.211670
20796.848022
20832.427734
20868.078186
20903.645142
20939.190613
20974.735046
21010.235352
21045.768860
21081.418884
21117.006470
21152.657471
21188.186829
21223.767639
21259.358948
21294.897034
21330.541626
21366.136780
21401.820435
21437.448669
21473.069885
21508.778259
21544.378113
21579.977112
21615.701172
21651.282837
21686.966431
21722.609314
21758.201294
21793.856323
21829.416748
21865.047241
21900.651550
21936.223450
21971.825073
22007.405151
22043.078552
22078.627625
22114.222473
22149.643311
22185.005432
22220.430359
22255.821228
22291.350342
22326.758911
22362.271484
22397.764404
22433.297058
22468.895142
22504.331848
22539.748230
22575.311829
22610.724426
22646.295898
22681.780762
22717.197632
22752.682251
22788.205872
22823.724304
22859.303467
22894.833801
22930.423889
22965.888855
23001.331909
23036.840881
23072.286987
23107.749207
23143.232788
23178.646667
23214.170044
23249.595337
23284.999451
23320.479309
23355.921570
23391.479187
23427.042419
23462.605896
23498.251587
23533.822876
23569.451904
23605.058167
23640.699402
23676.301025
23711.842468
23747.508484
23783.072510
23818.611877
23854.246277
23889.824890
23925.477234
23961.040649
23996.616577
24032.240234
24067.827087
24103.461060
24139.001953
24174.649292
24210.224854
24245.873840
24281.473999
24317.040955
24352.678101
24388.245178
24423.876221
24459.446167
24495.073608
24530.625244
24566.175049
24601.819946
24637.409790
24673.049927
24708.627869
24744.290527
24779.861450
24815.517639
24851.081909
24886.609131
24922.220032
24957.758545
24993.315125
25028.865479
25064.395264
25099.975342
25135.483582
25171.116821
25206.661194
25242.180847
25277.740967
25313.282288
25348.875854
25384.410828
25420.023926
25455.572754
25491.106018
25526.739929
25562.252502
25597.870483
25633.427124
25668.984314
25704.610535
25740.184753
25775.821167
25811.334473
25846.876404
25882.546143
25918.133057
25953.753296
25989.263672
26024.806946
26060.461121
26096.036133
26131.592834
26167.233643
26202.785950
26238.428589
26273.981689
26309.563782
26345.112305
26380.727722
26416.258972
26451.881104
26487.437744
26523.010071
