256096.753662
256131.547791
256167.327820
256201.977905
256234.457703
256270.043396
256306.243164
256342.350891
256378.247070
256414.099915
256449.860657
256485.677612
256521.401428
256557.201843
256592.960266
256628.670959
256664.469971
256700.192017
256735.965271
256771.673340
256807.461792
256843.149780
256878.942017
256914.657166
256950.366394
256986.125610
257021.842041
257057.628052
257093.338074
257129.102783
257164.836548
257200.632263
257236.341980
257272.040527
257307.818176
257343.538513
257379.323914
257415.038330
257450.845032
257486.586121
257522.384827
257558.094482
257593.889771
257629.636658
257665.388611
257701.202515
257736.957703
257772.811157
257808.570862
257844.350952
257880.103271
257915.863220
257951.692078
257987.461365
258023.323120
258059.117554
258094.974304
258130.769775
258166.545410
258202.437683
258238.261597
258274.149109
258309.998352
258345.897644
258381.537537
258417.048279
258452.660645
258488.229187
258523.842285
258559.435669
258595.101685
258630.700500
258666.393982
258702.060913
258737.775269
258773.532104
258809.252808
258845.036072
258880.864624
258917.180115
258953.022888
258989.381042
259025.657104
259061.870789
259097.658630
259133.107056
259168.713928
259204.199707
259239.563354
259274.788757
259310.106506
259345.421204
259380.792603
259416.221680
259451.674011
259487.141602
259522.596191
259558.175354
259593.616699
259629.171021
259664.720459
259700.450256
259736.273682
259772.363892
259808.427124
259844.590271
259881.030518
259917.302795
259953.527527
259989.809082
260025.947815
260061.987671
260098.333923
260134.583496
260170.521179
260206.207214
260241.590942
260277.011353
260313.267761
260349.752747
260385.842896
260421.499084
260457.141479
260492.902100
260528.525635
260564.061401
260599.649170
260635.056763
260671.033203
260706.689697
260742.245850
260777.708923
260813.142761
260848.677307
260884.247498
260919.774536
260955.248840
260990.909363
261026.606018
261062.373291
261097.393555
261131.642151
261166.307129
261201.604797
261236.819092
261272.310669
261307.859192
261343.345398
261378.858276
261414.296387
261449.751526
261485.094666
261520.582458
261555.968628
261591.473755
261626.805847
261662.197876
261697.587341
261733.033264
261768.499878
261803.958496
261839.355652
261874.719055
261910.259155
261945.677490
261981.159485
262016.646729
262052.189880
262087.570923
262123.041443
14.493896
49.999207
85.532837
120.978088
156.549805
192.053772
227.615784
263.102234
298.638489
334.060242
369.537720
405.052979
440.582214
476.069397
511.632324
547.075745
582.514832
618.054199
653.601257
689.174255
724.711670
760.316772
795.839294
831.458252
867.020386
902.609985
938.181824
973.804260
1009.354126
1044.867859
1080.396606
1115.945679
1151.466248
1186.973389
1222.561096
1258.038452
1293.601868
1329.054504
1364.636963
1400.035034
1435.558350
1471.125244
1506.631836
1542.192810
1577.714172
1613.295532
1648.798584
1684.440430
1720.017029
1755.560242
1791.223572
1826.779968
1862.429443
1898.003845
1933.572998
1969.230713
2004.872681
2040.487305
2076.041077
2111.672913
2147.269043
2182.934204
2218.505859
2254.127563
2289.679321
2325.321777
2360.866943
2396.420776
2432.125366
2467.671509
2503.243896
2538.823242
2574.502380
2610.062500
2645.708252
2681.296448
2716.823364
2752.459534
2788.054016
2823.709351
2859.282227
2894.947083
2930.557068
2966.237122
3001.858765
3037.447510
3073.110046
3108.615479
3144.259399
3179.847839
3215.540344
3251.175476
3286.886719
3322.468567
3358.084167
3393.823792
3429.502441
3465.230469
3500.919556
3536.703735
3572.383545
3607.984009
3643.734741
3679.412476
3715.134827
3750.814758
3786.602539
3822.264709
3858.013367
3893.690857
3929.455505
3965.113647
4000.844055
4036.532654
4072.216614
4107.962646
4143.688599
4179.433044
4215.075256
4250.868408
4286.548828
4322.355591
4358.109070
4393.944885
4429.765198
4465.495789
4501.378296
4537.088013
4572.966492
4608.812256
4644.747131
4680.647339
4716.624939
4752.528076
4788.505676
4824.453735
4860.286804
4896.254089
4932.148438
4968.203003
5004.215271
5040.440796
5076.646667
5112.871765
5149.261414
5185.500427
5221.880737
5258.272339
5294.870300
5331.457031
5368.115601
5404.703674
5441.290833
5477.928955
5514.425354
5550.468445
5585.107300
5619.774292
5655.112549
5692.546753
5730.139221
5766.630249
5802.236816
5837.920776
5873.920044
5910.056885
5946.320557
5982.718628
6019.122375
6055.346802
6091.586243
6127.778809
6163.997742
6200.351929
6236.540710
6272.598450
6308.881592
6345.507751
6380.955505
6416.458252
6452.150513
6487.822571
6523.554138
6559.187683
6595.168884
6631.042114
6666.792297
6702.707458
6738.416992
6774.171570
6810.019165
6845.892334
6881.691467
6917.728455
6953.653870
6989.481812
7023.820251
7058.491760
7093.666748
7128.726868
7163.932983
7199.503174
7234.979980
7270.293701
7305.672180
7340.966492
7376.333069
7411.645081
7446.981445
7482.218384
7517.511536
7552.830811
7588.065186
7623.311218
7658.595703
7693.913452
7729.162781
7764.526917
7799.857544
7835.232544
7870.502502
7905.843079
7941.211853
7976.561218
8011.974243
8047.307800
8082.634644
8117.892883
8153.282166
8188.697937
8224.088684
8259.444946
8294.861633
8330.254822
8365.678955
8401.012329
8436.411438
8471.765564
8507.151123
8542.468018
8577.800171
8613.346069
8648.739868
8684.152100
8719.599304
8755.114990
8790.523254
8825.938599
8861.318909
8896.635681
8932.092041
8967.379700
9002.801697
9038.135010
9073.580566
9108.970154
9144.467224
9179.811401
9215.159119
9250.550537
9285.881653
9321.321411
9356.651489
9392.137878
9427.518799
9462.974060
9498.424438
9533.890259
9569.269592
9604.744446
9640.083557
9675.583557
9711.032043
9746.524658
9782.059937
9817.546021
9853.052979
9888.498535
9924.040222
9959.449402
9994.955627
10030.333679
10065.849487
10101.336670
10136.936340
10172.461121
10207.969238
10243.572266
10279.102966
10314.663330
10350.184998
10385.835449
10421.412476
10457.061218
10492.584167
10528.172363
10563.848389
10599.413757
10635.043274
10670.567566
10706.104309
10741.709778
10777.365356
10812.979919
10848.646667
10884.201965
10919.910583
10955.541199
10991.176392
11026.909485
11062.535034
11098.187012
11133.831848
11169.550232
11205.212952
11240.934509
11276.614136
11312.262024
11347.996582
11383.685486
11419.419922
11455.096619
11490.838989
11526.419617
11562.118164
11597.823792
11633.494751
11669.234192
11704.855408
11740.528870
11776.138672
11811.809937
11847.438843
11883.177124
11918.810913
11954.415710
11990.150146
12025.852478
12061.677368
12097.470154
12133.262512
12169.009094
12204.683960
12240.314514
12276.062134
12311.766052
12347.478455
12383.262817
12419.041626
12454.903748
12490.621216
12526.408447
12562.195618
12598.051392
12633.896301
12669.705261
12705.700867
12741.627380
12777.629028
12813.489197
12849.466187
12885.346252
12921.355225
12957.277527
12993.215698
13029.213135
13065.246521
13101.266846
13137.274414
13173.354736
13209.370972
13245.415771
13281.588013
13317.708130
13353.890259
13390.096802
13426.192871
13462.406738
13498.618774
13534.864990
13571.045410
13607.375427
13643.640137
13679.949097
13716.278198
13752.654907
13789.117859
13825.569092
13862.108826
13898.684631
13935.377502
13972.031799
14008.768982
14045.441833
14082.214417
14118.884521
14155.598389
14192.386597
14229.075439
14265.849487
14302.544800
14339.308044
14375.707947
14411.019104
14445.652710
14480.496948
14516.944275
14554.526978
14592.255920
14628.136658
14664.114990
14700.187927
14736.587158
14772.874512
14809.138123
14845.414185
14882.295532
14919.236938
14955.994812
14992.700195
15029.600830
15066.290222
15102.856995
15138.921753
15174.926758
15210.950500
15246.928345
15283.390747
15319.418823
15355.088501
15390.923035
15426.611023
15462.390381
15498.275085
15534.028015
15569.908997
15605.914917
15641.944824
15677.952515
15713.950562
15749.371216
15783.871399
15819.047424
15854.171265
15889.371704
15924.672241
15959.952087
15995.322571
16030.806335
16066.248962
16101.784607
16137.340698
16172.901001
16208.546204
16244.003601
16279.684326
16315.232849
16350.861267
16386.461426
16422.046265
16457.602539
16493.143250
16528.776245
16564.315002
16599.958191
16635.454041
16671.153564
16706.761658
16742.290222
16777.967590
16813.550720
16849.213440
16884.896423
16920.525085
16956.088379
16991.776855
17027.370483
17063.056641
17098.706055
17134.370605
17169.991638
17205.724426
17241.359741
17277.098511
17312.743408
17348.428040
17384.179504
17419.840454
17455.567139
17491.214539
17526.913330
17562.626038
17598.475769
17634.209167
17670.058960
17705.728088
17741.432861
17777.209656
17812.939148
17848.736023
17884.504028
17920.319580
17956.115967
17991.983215
18027.722107
18063.531311
18099.341370
18135.143799
18171.052795
18206.912292
18242.847168
18278.718079
18314.630676
18350.474792
18386.411621
18422.335876
18458.340942
18494.469788
18530.514648
18566.652161
18602.722473
18638.885986
18675.008423
18711.357666
18747.769531
18784.248657
18820.841064
18857.296204
18893.803406
18930.070862
18965.517517
19000.108398
19034.938660
19071.457703
19108.947021
19146.436951
19183.313049
19219.689148
19256.021667
19292.300842
19328.465942
19364.575073
19400.534790
19436.675659
19472.742798
19508.836243
19545.039307
19581.164673
19617.902039
19653.716125
19689.417175
19725.184265
19760.995911
19796.784485
19832.520264
19868.352966
19904.329407
19940.553101
19976.463135
20012.320923
20048.363770
20084.199524
20120.008423
20155.978577
20192.035522
20228.079834
20264.268433
20299.100464
20333.542053
20368.615479
20403.740601
20438.919556
20474.294617
20509.644531
20544.927124
20580.327026
20615.781006
20651.304199
20686.775024
20722.369812
20757.856323
20793.389648
20828.923157
20864.384705
20899.941833
20935.482178
20971.018433
21006.409607
21041.976807
21077.454529
21112.934692
21148.546326
21184.081360
21219.673767
21255.258057
21290.811584
21326.307739
21361.853943
21397.424500
21432.966064
21468.602844
21504.182678
21539.739685
21575.308105
21610.873840
21646.496582
21682.109497
21717.740479
21753.351562
21789.024658
21824.620789
21860.283081
21895.889832
21931.474915
21967.163635
22002.747375
22038.359802
22073.932739
22109.528442
22145.153809
22180.820740
22216.443481
22252.041992
22287.741577
22323.386902
22359.122314
22394.785767
22430.447510
22466.185974
22501.839172
22537.514771
22573.159363
22608.863159
22644.518738
22680.266785
22715.948975
22751.706604
22787.363281
22823.038757
22858.741150
22894.410645
22930.134094
22965.785583
23001.471069
23037.153992
23072.888550
23108.552185
23144.235901
23179.991150
23215.685852
23251.419861
23287.091187
23322.837524
23358.580505
23394.369446
23430.115601
23465.851685
23501.616943
23537.350586
23573.222900
23609.034241
23644.854492
23680.695496
23716.522461
23752.408447
23788.330505
23824.189819
23860.043579
23896.113464
23932.018494
23968.086731
24004.184143
24040.191345
24076.212769
24112.282471
24148.394958
24184.535706
24220.717590
24256.872192
24293.189941
24329.380005
24365.645081
24402.000793
24438.318909
24474.665710
24510.989502
24547.447510
24583.872070
24620.308960
24656.715393
24693.297913
24729.838074
24766.472229
24803.167603
24839.811035
24876.592957
24913.228149
24949.943298
24986.325012
25021.943298
25056.661926
25091.553772
25127.889771
25165.393799
25203.072510
25240.189026
25276.359680
25312.614258
25349.049561
25385.359863
25421.493713
25457.530945
25493.902832
25530.201172
25566.981140
25603.272583
25639.475952
25675.392151
25711.714844
25748.328186
25784.503174
25820.395508
25856.697632
25892.802490
25928.999390
25965.257812
26001.484497
26037.811768
26073.833374
26109.956116
26145.612793
26180.574036
26215.838379
26251.022339
26286.282776
26321.912231
26357.586853
26393.186462
26428.906372
26464.507629
26500.080322
26535.610046
26571.200256
26606.932739
26642.545227
26678.239197
26713.840271
26749.482727
26785.055908
26820.749451
26856.344116
26891.998291
26927.559875
26963.202271
26998.838989
27034.527771
27070.163391
27105.827698
27141.516907
27177.150513
27212.892029
27248.559387
27284.284180
27319.901123
27355.630005
27391.257141
27426.941956
27462.578186
27498.286987
27533.920471
27569.578369
27605.416504
27641.167419
27676.949707
27712.670654
27748.465271
27784.392761
27820.228149
27856.271851
27892.273071
27928.449219
27964.698975
28000.958862
28037.153259
28073.422546
28109.690735
28146.009033
28182.343262
28218.640869
28255.093262
28291.604980
28328.114624
28364.628296
28400.971619
28436.663147
28471.451721
28506.221313
28542.664734
28580.003967
28617.612305
28655.243530
28691.390808
28727.509155
28763.856873
28800.236633
28836.443481
28872.672363
28908.880310
28945.576721
28981.836609
29017.742981
29053.814331
29089.700378
29125.503052
29161.480774
29197.538330
29233.448547
29269.492249
29305.310181
29341.465271
29377.811707
29414.023621
29450.130920
29486.160706
29522.206116
29558.309021
29594.321289
29628.768677
29663.605896
29698.875732
29734.081482
29769.408325
29805.110718
29840.813477
29876.438416
29912.007874
29947.574524
29983.135132
30018.844482
30054.481995
30090.200073
30125.834045
30161.539001
30197.230713
30233.011963
30268.691895
30304.275024
30339.989990
30375.452271
30411.071289
30446.692139
30482.473511
30518.127686
30553.892517
30589.597656
30625.286316
30660.994385
30696.618225
30732.412476
30768.086731
30803.818115
30839.585083
30875.399109
30911.054443
30946.817749
30982.528076
31018.307251
31054.200562
31090.038757
31126.068359
31162.114502
31198.207825
31234.129211
31270.059509
31306.078186
31342.129333
31378.315918
31414.423096
31450.639648
31486.727722
31523.040710
31559.381348
31595.708374
31632.185852
31668.633301
31705.146851
31741.412476
31776.914795
31811.619934
31846.469360
31882.705261
31920.244324
31957.826111
31994.477600
32030.729980
32066.941040
32103.177063
32139.977478
32176.381409
32212.375916
32248.483765
32285.059448
32321.720215
32357.948792
32394.196045
32430.445740
32466.868591
32503.198608
32539.487915
32575.944275
32612.012817
32647.158752
32682.330139
32717.467102
32752.690430
32788.437378
32824.068665
32859.827576
32895.539978
32931.252136
32966.862183
33002.621582
33038.410583
33074.249329
33110.178162
33145.973328
33182.114075
33218.477661
33254.853271
33291.267395
33327.729492
33364.085388
33400.444946
33436.918823
33473.291931
33509.698303
33546.041321
33582.450439
33618.748901
33654.953369
33689.625488
33724.333496
33759.830078
33796.867920
33833.760010
33869.849060
33905.989929
33942.111023
33978.328552
34014.500732
34050.848083
34087.290100
34123.659973
34159.165833
34194.684143
34231.053284
34267.297607
34303.897949
34340.373901
34374.972839
34411.073792
34447.451904
34483.763062
34519.958984
34556.240417
34592.371094
34628.813049
34664.428162
34700.152649
34736.003479
34771.927612
34808.494568
34843.914246
34880.592407
34916.876343
34953.111633
34989.281555
35025.528259
35061.743713
35098.025696
35133.874268
35169.166748
35205.327759
35241.440979
35277.612671
35313.751160
35349.913147
35386.032288
35422.291443
35459.315796
35497.199524
35533.850159
35570.107056
35606.399048
35642.550415
35679.264893
35715.376770
35751.531799
35787.937317
35824.450623
35860.983521
35897.416565
35933.465027
35969.517029
36005.682861
36041.829224
36078.091003
36112.950623
36148.010071
36183.152161
36218.381165
36254.329712
36290.394226
36326.641174
36362.719299
36398.756531
36434.931580
36471.089966
36507.157593
36543.247314
36579.365356
36614.829468
36649.524902
36684.491089
36720.683228
36756.804016
36792.998779
36829.080688
36865.274658
36901.407532
36937.248230
36973.335205
37009.455505
37045.608215
37081.704163
37117.888306
37154.079468
37190.648865
37227.771667
37264.458862
37300.817078
37337.095154
37373.271790
37409.704712
37445.746033
37481.806946
37517.700134
37553.583679
37589.653442
37625.640747
37661.668518
37696.493469
37731.550293
37766.768188
37802.393677
37837.965332
37873.520813
37909.049866
37944.782654
37980.554504
38016.570312
38052.781982
38088.597656
38122.901123
38158.788818
38194.951477
38231.027527
38267.216736
38303.366089
38339.550781
38375.783691
38412.367004
38449.870544
38487.507080
38524.324890
38560.526550
38596.763550
38632.863220
38669.392944
38705.024109
38740.798950
38776.596924
38812.375427
38848.455078
38884.676147
38920.442566
38956.271973
38992.125488
39027.796814
39063.663330
39099.476868
39135.460938
39171.252625
39207.221802
39243.128906
39278.996826
39314.200439
39348.412109
39383.210205
39418.337585
39453.555603
