191045.555847
191080.047241
191115.983398
191150.609924
191185.503967
191219.697510
191255.466248
191291.221436
191326.892212
191362.642029
191398.433289
191434.225098
191469.802002
191505.302124
191540.839844
191576.253662
191611.785645
191647.240479
191682.763184
191718.199463
191753.815063
191789.307861
191824.792480
191860.282043
191895.745361
191931.200073
191966.714600
192002.298096
192037.857849
192073.444702
192108.924622
192144.438538
192179.942322
192215.462891
192250.966125
192286.470703
192321.894836
192357.331604
192392.741211
192428.137085
192463.671143
192499.084106
192534.555298
192569.980103
192605.447754
192640.861023
192676.272705
192711.756104
192747.187805
192782.640503
192818.078735
192853.585632
192889.064514
192924.592468
192960.056885
192995.504150
193030.925781
193066.362488
193101.797302
193137.214294
193172.674255
193208.114990
193243.550293
193278.927490
193314.332153
193349.678894
193385.166565
193420.612854
193456.124878
193491.590088
193527.098389
193562.495117
193597.966858
193633.363281
193668.856140
193704.366577
193739.835266
193775.431030
193810.916687
193846.440979
193881.798157
193917.226318
193952.693665
193988.202087
194023.537720
194058.819580
194094.245728
194129.660767
194165.165222
194200.422058
194235.865112
194271.230957
194306.722046
194342.093750
194377.542908
194412.861572
194448.277039
194483.653503
194519.048584
194554.537598
194590.002991
194625.348511
194660.687317
194696.119385
194731.436340
194766.850647
194802.218689
194837.697083
194873.170166
194908.701233
194944.148621
194979.669861
195015.094421
195050.652344
195086.125122
195121.668030
195157.137695
195192.718567
195228.186523
195263.689819
195299.293396
195334.821960
195370.412476
195405.898438
195441.475830
195477.029968
195512.640991
195548.182922
195583.684082
195619.258911
195654.775635
195690.282227
195725.679810
195761.196655
195796.638184
195832.127136
195867.582458
195903.153320
195938.578003
195973.992859
196009.510620
196044.918396
196080.435547
196115.843933
196151.370667
196186.781128
196222.235718
196257.532471
196292.983398
196328.345520
196363.761230
196399.253540
196434.678772
196470.107239
196505.366455
196540.760559
196576.234314
196611.703003
196647.089233
196682.591675
196718.041016
196753.475342
196788.998657
196824.454224
196860.031921
196895.530273
196931.133484
196966.601013
197002.215637
197037.623779
197073.166199
197108.681335
197144.195740
197179.773438
197215.277283
197250.881836
197286.344604
197321.931580
197357.306702
197392.809143
197428.231323
197463.737488
197499.246521
197534.811523
197570.345215
197605.861572
197641.394226
197676.803894
197712.278259
197747.784302
197783.265137
197818.831970
197854.299561
197889.887939
197925.360107
197960.863098
197996.463257
198031.983826
198067.434143
198102.967224
198138.416992
198173.952454
198209.442871
198244.920837
198280.491150
198315.945190
198351.445435
198386.880615
198422.418396
198457.900452
198493.402527
198528.890137
198564.428284
198599.938416
198635.468689
198670.865051
198706.213684
198741.704895
198777.200867
198812.738342
198848.245361
198883.748535
198919.136414
198954.620056
198990.018616
199025.363464
199060.666687
199095.874817
199131.190613
199166.431824
199201.766907
199237.068970
199272.506531
199307.887085
199343.346130
199378.772400
199414.232361
199449.785522
199485.177979
199520.714722
199556.240845
199591.761475
199627.215088
199662.730652
199698.194336
199733.757996
199769.224243
199804.756104
199840.298645
199875.735657
199911.248840
199946.687012
199982.225220
200017.675476
200053.158264
200088.613647
200124.109253
200159.609680
200195.017273
200230.514893
200265.947449
200301.449036
200336.854187
200372.326721
200407.779602
200443.303894
200478.726440
200514.188904
200549.698242
200585.118042
200620.658020
200656.159607
200691.702209
200727.190063
200762.744873
200798.238647
200833.807800
200869.291382
200904.734558
200940.210083
200975.651367
201011.169983
201046.648621
201082.189758
201117.626038
201153.099976
201188.662903
201224.177490
201259.688232
201295.179993
201330.745300
201366.230896
201401.751526
201437.284119
201472.781555
201508.369568
201543.731628
201579.291443
201614.747986
201650.214417
201685.773926
201721.252686
201756.765076
201792.219971
201827.738892
201863.136536
201898.615601
201934.014709
201969.425598
202004.896912
202040.380066
202075.827148
202111.254944
202146.727966
202182.079834
202217.514221
202252.925415
202288.435974
202324.042297
202359.664917
202395.223328
202430.757141
202466.394592
202501.941345
202537.604980
202573.144165
202608.756958
202644.330078
202679.948486
202715.399780
202750.904053
202786.397705
202821.859192
202857.325928
202892.864807
202928.460815
202963.920593
202999.462585
203034.948059
203070.433105
203105.810120
203141.330444
203176.753906
203212.279968
203247.735535
203283.051575
203318.437134
203353.754211
203389.225708
203424.605225
203460.070251
203495.501404
203531.011963
203566.441895
203601.937988
203637.534302
203673.078186
203708.672607
203744.116272
203779.693848
203815.131226
203850.640320
203886.146790
203921.691772
203957.232422
203992.744080
204028.351868
204063.824463
204099.306580
204134.737549
204170.163574
204205.676025
204241.124146
204276.604309
204311.982178
204347.541565
204382.991333
204418.539795
204453.982605
204489.500671
204524.948914
204560.340271
204595.885010
204631.394287
204666.829468
204702.236206
204737.815979
204773.342957
204808.954956
204844.411743
204879.888367
204915.500549
204950.993469
204986.518799
205021.959717
205057.523254
205092.999023
205128.452087
205163.923950
205199.527405
205235.031311
205270.547668
205306.031433
205341.479492
205377.064453
205412.502747
205448.062927
205483.450256
205518.969421
205554.507751
205589.984863
205625.556580
205660.993896
205696.443420
205731.881775
205767.402710
205802.815857
205838.238647
205873.624878
205909.145813
205944.500366
205979.927795
206015.518066
206051.077637
206086.707458
206122.270691
206157.873901
206193.403320
206228.997131
206264.491394
206300.050232
206335.527832
206370.942810
206406.509705
206441.993530
206477.481079
206512.907654
206548.370605
206583.824707
206619.298767
206654.655029
206690.025146
206725.589355
206761.028198
206796.498840
206831.994446
206867.498718
206902.983826
206938.484436
206973.942444
207009.473145
207044.928528
207080.459106
207115.880554
207151.312561
207186.773499
207222.257690
207257.758057
207293.238892
207328.644714
207364.153748
207399.670288
207435.116943
207470.632019
207506.120178
207541.600830
207577.010376
207612.440125
207647.827942
207683.296448
207718.658020
207754.153015
207789.544739
207824.974060
207860.376465
207895.802002
207931.339172
207966.839783
208002.368896
208037.775208
208073.284546
208108.750916
208144.335144
208179.816650
208215.358093
208250.911133
208286.419678
208322.016663
208357.490540
208393.010742
208428.470947
208463.975220
208499.403076
208534.903870
208570.342468
208605.850464
208641.275635
208676.784424
208712.391052
208747.965271
208783.620361
208819.230896
208854.893860
208890.463074
208925.961487
208961.350769
208995.202087
209027.894226
209063.563110
209096.148376
209131.836670
209167.716736
209203.640747
209239.586182
209275.278442
209311.021057
209346.699402
209382.369873
209418.083374
209453.748291
209489.427917
209525.050476
209560.785767
209596.951965
209633.007996
209669.006775
209705.084167
209741.013123
209776.944580
209812.878174
209848.741699
209884.654053
209920.472656
209956.423828
209992.327881
210028.145508
210063.999878
210099.759399
210135.528564
210171.281067
210207.046570
210242.800903
210278.526306
210314.343262
210350.067566
210385.733459
210421.578979
210457.433105
210493.327454
210529.270752
210565.164978
210601.212830
210637.079651
210673.219666
210709.150146
210745.102051
210781.126953
210817.113342
210853.036377
210889.028259
210924.974548
210960.902344
210996.838806
211032.672668
211068.602600
211104.441467
211140.285156
211176.136230
211211.953857
211247.719666
211283.537170
211319.262939
211354.998901
211390.870789
211426.607605
211462.254944
211497.990967
211533.727905
211569.363586
211605.069031
211640.752014
211676.482361
211712.122314
211747.838623
211783.402710
211818.871826
211853.911682
211888.908203
211923.975647
211958.979370
211994.059143
212029.078308
212065.633057
212102.620544
212139.967834
212177.385559
212214.608459
212252.388672
212289.993347
212327.273560
212364.919006
212402.399841
212439.813599
212477.296509
212514.907898
212552.322571
212589.600342
212626.912964
212664.252991
212701.511780
212738.839233
212776.080688
212813.425110
212850.637207
212887.122864
212923.557861
212960.064148
212996.505127
213032.132690
213067.719299
213103.171021
213138.680176
213174.069336
213209.540588
213244.915527
213280.343567
213315.703613
213351.170288
213386.502869
213421.898743
213457.232788
213492.531555
213527.922913
213563.173950
213598.509949
213633.776428
213669.151001
213704.423279
213739.727661
213775.004456
213810.347351
213845.584412
213880.910950
213916.080688
213951.111267
213986.241028
214021.416504
214056.539490
214091.599426
214126.690430
214161.870789
214196.868835
214231.995605
214266.933350
214302.015930
214337.168640
214372.324158
214407.349609
214442.504211
214477.573120
214512.644043
214547.708496
214582.886292
214618.030273
214653.102417
214688.240234
214723.279846
214758.385010
214793.659119
214828.778015
214863.837219
214898.892944
214934.009094
214969.047607
215004.167297
215039.223145
215074.365540
215109.502625
215144.602722
215179.582581
215214.557495
215249.571228
215284.587891
215319.662537
215354.681702
215389.808960
215424.902039
215460.044067
215495.105957
215530.139465
215565.180542
215600.190979
215635.315735
215670.331665
215705.458313
215740.455811
215775.538330
215810.714539
215845.709351
215880.820801
215915.883789
215950.942322
215985.951721
216021.014709
216056.222046
216091.252991
216126.320007
216161.341431
216196.451782
216231.494385
216266.529419
216301.631775
216336.669250
216371.766052
216406.979919
216442.045227
216477.071533
216512.125610
216547.089600
216582.204529
216617.178162
216652.195496
216687.299561
216722.394958
216757.474060
216792.498230
216827.569824
216862.607605
216897.696228
216932.760864
216967.857727
217002.873230
217037.913513
217073.124390
217108.143250
217143.219727
217178.237061
217213.338135
217248.347229
217283.453247
217318.432861
217353.498901
217388.550720
217423.773865
217458.810852
217493.867554
217528.905212
217563.870361
217598.897461
217633.833069
217668.915771
217704.009949
217739.170593
217774.136780
217809.253235
217844.229309
217879.357971
217914.309937
217949.394897
217984.380981
218019.493225
218054.546082
218089.506958
218124.648071
218159.612549
218194.695068
218229.646423
218264.772156
218299.765381
218334.842285
218369.844849
218404.795410
218439.792664
218474.766907
218509.864075
218544.911438
218579.986328
218614.941650
218649.923828
218684.900024
218719.958069
218754.930176
218789.939575
218825.055664
218860.055420
218895.089905
218930.064636
218965.047607
219000.072815
219035.047424
219070.063049
219105.099243
219140.177307
219175.191772
219210.225891
219245.192627
219280.199646
219315.333435
219350.387878
219385.478821
219420.509644
219455.534729
219490.511780
219525.562866
219560.568726
219595.530945
219630.553711
219665.672363
219701.060730
219736.024231
219771.114197
219806.054138
219841.110535
219876.081482
219911.125000
219946.160400
219981.190796
220016.166016
220051.129333
220086.179382
220121.171570
220156.633423
220191.739990
220226.754272
220261.766174
220296.701599
220331.791504
220366.769897
220401.817139
220436.901978
220471.973999
220506.950439
220541.930603
220576.990234
220611.983154
220647.057983
220681.989380
220716.966370
220751.938416
220786.912598
220821.958862
220856.919373
220891.912048
220926.866089
220961.860291
220996.776428
221031.752075
221066.751770
221101.712769
221136.738831
221171.692017
221206.633972
221241.521362
221276.588135
221311.589905
221346.554871
221381.555786
221416.501343
221451.454468
221486.357971
221521.298462
221556.287109
221591.279358
221626.305115
221661.339661
221696.314087
221731.297852
221766.214722
221801.155457
221836.102112
221871.067749
221906.018127
221940.989746
221976.053101
222011.088623
222046.081299
222081.007385
222116.077