1105.948547
1140.663879
1176.280762
1210.600647
1243.955872
1279.803284
1315.782715
1351.675598
1387.316467
1422.855225
1458.425232
1490.231628
1521.750427
1557.048096
1592.408569
1627.497925
1662.454834
1697.329773
1732.250977
1767.094666
1802.354248
1837.834351
1873.124268
1908.468323
1943.768311
1979.146606
2014.419434
2049.802124
2085.146362
2120.487244
2155.727234
2190.981934
2226.356689
2261.661682
2297.065491
2332.400818
2367.785217
2403.142273
2438.483459
2473.764648
2509.107788
2544.391846
2579.703613
2615.019775
2650.425476
2685.737366
2721.089783
2756.522156
2791.921753
2827.211853
2862.503845
2897.946106
2933.272888
2968.622681
3003.983398
3039.489990
3074.842773
3110.220520
3145.553894
3181.000732
3216.350281
3251.822754
3287.154419
3322.545227
3357.796753
3393.087769
3428.380737
3463.647400
3498.989258
3534.279419
3569.625671
3604.852661
3640.166687
3675.514893
3710.853577
3746.152039
3781.515198
3816.841064
3852.219543
3887.652222
3923.049011
3958.483582
3993.811646
4029.203552
4064.496338
4099.921936
4135.305725
4170.792664
4206.182129
4241.607239
4276.990784
4312.277527
4347.662598
4382.981445
4418.411926
4453.734680
4489.156189
4524.607361
4559.972229
4595.482178
4630.914246
4666.409302
4701.784729
4737.233521
4772.608093
4807.965027
4843.278320
4878.632996
4913.956665
4949.370422
4984.653076
5019.990417
5055.412109
5090.799194
5126.190308
5161.511780
5196.913635
5232.164001
5267.426025
5302.700806
5337.887695
5373.248291
5408.593323
5443.930969
5479.192017
5514.574036
5549.821472
5585.123291
5620.509705
5655.814148
5691.164978
5726.522766
5761.846558
5797.241089
5832.610535
5867.856018
5903.227844
5938.621216
5974.004028
6009.424866
6044.723206
6080.065369
6115.378845
6150.751770
6186.140381
6221.535889
6256.859192
6292.168091
6327.545288
6362.806274
6398.188477
6433.471008
6468.796265
6504.056213
6539.357605
6574.617737
6609.895996
6645.166016
6680.420105
6715.782715
6751.115967
6786.591064
6821.993164
6857.445007
6892.804382
6928.196167
6963.568237
6998.862976
7034.285645
7069.647156
7105.095825
7140.495300
7175.982422
7211.313721
7246.692383
7282.063538
7317.540955
7352.917908
7388.253479
7423.572144
7458.902100
7494.286560
7529.617310
7565.039368
7600.316650
7635.788818
7671.160583
7706.564087
7741.911560
7777.249878
7812.651672
7848.018860
7883.420105
7918.791321
7954.190613
7989.499329
8024.884521
8060.218628
8095.541565
8130.921448
8166.177002
8201.565735
8236.873901
8272.207153
8307.493225
8342.873169
8378.190125
8413.642639
8448.973206
8484.322693
8519.583862
8554.896362
8590.211670
8625.518433
8660.856323
8696.109192
8731.429016
8766.693848
8802.049744
8837.328247
8872.612366
8907.871948
8943.174377
8978.462219
9013.708191
9049.048950
9084.339661
9119.638123
9154.904419
9190.260559
9225.571045
9260.911804
9296.174377
9331.421875
9366.771301
9402.004211
9437.313232
9472.567810
9507.855652
9543.069946
9578.351562
9613.634766
9649.005615
9684.276550
9719.614380
9754.892151
9790.133362
9825.482483
9860.708496
9896.052490
9931.322998
9966.630005
10001.902100
10037.304749
10072.600830
10107.988953
10143.314392
10178.733521
10214.011414
10249.382019
10284.658203
10319.957214
10355.316467
10390.579895
10425.958679
10461.281189
10496.655518
10531.953979
10567.260864
10602.533875
10637.854065
10673.126282
10708.446167
10743.697876
10778.969299
10814.334778
10849.617920
10884.990601
10920.277161
10955.590820
10990.862732
11026.206665
11061.462891
11096.822144
11132.069824
11167.399231
11202.613403
11237.996582
11273.372803
11308.746582
11344.091797
11379.405273
11414.745117
11450.011414
11485.372070
11520.687683
11556.052246
11591.437683
11626.767273
11662.019714
11697.331909
11732.609802
11767.851624
11803.184509
11838.507080
11873.944702
11909.291504
11944.679932
11979.979187
12015.383362
12050.673645
12086.032227
12121.299133
12156.722656
12192.049072
12227.469299
12262.781006
12298.206177
12333.614380
12369.078613
12404.447205
12439.847717
12475.288696
12510.630554
12546.047546
12581.384155
12616.777466
12652.073059
12687.434631
12722.756287
12758.081299
12793.386597
12828.598999
12863.914734
12899.215393
12934.589539
12969.842773
13005.263977
13040.563904
13075.884827
13111.101440
13146.451721
13181.778503
13217.081116
13252.436035
13287.795044
13323.164795
13358.435059
13393.844360
13429.175293
13464.586670
13499.903198
13535.180420
13570.522095
13605.772278
13641.129761
13676.459534
13711.903259
13747.234802
13782.656738
13817.982361
13853.363647
13888.709351
13923.975403
13959.349731
13994.622559
14030.033875
14065.335815
14100.736938
14136.046204
14171.440796
14206.710754
14242.029419
14277.401733
14312.716248
14348.056641
14383.360107
14418.744019
14454.038818
14489.348206
14524.612793
14559.965393
14595.274963
14630.578552
14665.982239
14701.316406
14736.706604
14771.993347
14807.352783
14842.663757
14877.997498
14913.246643
14948.590332
14983.961121
15019.281677
15054.713562
15090.049377
15125.451782
15160.766052
15196.128235
15231.481506
15266.851990
15302.300354
15337.653809
15373.049988
15408.340027
15443.735168
15479.029053
15514.477844
15549.850525
15585.119080
15620.483337
15655.794800
15691.166321
15726.515503
15761.922058
15797.242188
15832.694824
15868.093689
15903.437683
15938.680237
15974.009949
16009.234741
16044.531555
16079.882080
16115.172424
16150.515869
16185.835632
16221.142944
16256.371643
16291.639404
16326.963806
16362.315247
16397.635864
16432.905212
16468.212341
16503.465942
16538.799316
16574.094604
16609.416931
16644.649170
16679.960266
16715.179382
16750.522339
16785.769653
16821.151428
16856.462341
16891.748535
16927.127319
16962.489014
16997.922729
17033.284973
17068.702087
17103.922302
17139.289917
17174.557312
17209.922180
17245.217712
17280.523499
17315.869263
17351.163818
17386.516663
17421.773499
17457.110291
17492.405334
17527.814453
17563.155945
17598.475952
17633.741394
17669.043579
17704.378723
17739.687317
17775.082092
17810.454468
17845.856750
17881.142029
17916.506897
17951.754517
17987.138794
18022.466370
18057.834290
18093.149719
18128.471069
18163.758484
18199.025635
18234.342896
18269.613342
18304.912354
18340.153137
18375.557678
18410.816162
18446.117737
18481.387634
18516.719971
18551.937439
18587.258362
18622.503906
18657.839966
18693.157654
18728.539856
18763.837036
18799.163635
18834.499329
18869.800903
18905.124695
18940.386475
18975.760376
19011.055603
19046.330078
19081.661011
19116.931885
19152.273254
19187.552185
19222.970154
19258.313477
19293.731140
19329.068176
19364.503845
19399.811768
19435.241821
19470.580872
19505.905212
19541.341797
19576.793884
19612.282898
19647.649658
19683.027771
19718.323242
19753.623352
19788.932068
19824.273254
19859.607300
19894.973633
19930.237671
19965.544067
20000.957214
20036.278137
20071.644592
20106.929016
20142.335388
20177.655762
20213.023926
20248.309326
20283.550110
20318.912048
20354.183655
20389.481689
20424.862671
20460.287903
20495.702942
20531.074890
20566.304199
20601.476257
20636.788696
20672.093384
20707.422974
20742.752991
20778.151001
20813.446106
20848.879578
20884.222656
20919.649414
20955.008789
20990.479370
21025.880798
21061.294128
21096.682190
21132.024170
21167.472900
21202.833374
21238.224426
21273.416809
21308.793579
21344.065186
21379.441223
21414.806396
21450.104919
21485.517639
21520.890015
21556.234558
21591.461670
21626.792786
21662.051453
21697.428040
21732.739136
21768.146179
21803.510620
21838.902954
21874.269653
21909.707031
21945.019470
21980.418701
22015.924805
22051.358154
22086.787537
22122.184204
22157.642639
22192.904358
22228.294434
22263.622070
22298.953552
22334.441528
22369.851257
22405.263367
22440.594543
22475.988831
22511.349792
22546.665527
22582.070251
22617.480957
22652.901367
22688.243530
22723.693115
22759.044006
22794.439636
22829.848755
22865.306641
22900.813232
22936.167358
22971.602966
23006.955750
23042.330200
23077.648926
23112.999329
23148.411743
23183.804749
23219.315613
23254.703796
23290.062622
23325.371399
23360.758606
23396.063049
23431.430603
23466.893799
23502.243286
23537.668030
23572.950989
23608.340271
23643.694458
23679.046387
23714.517517
23749.912292
23785.349976
23820.754395
23856.200806
23891.562744
23926.972595
23962.322693
23997.691406
