0.000000
234182.971191
234218.590637
234252.989136
234286.265930
234321.819458
234357.102417
234392.373291
234427.741760
234463.156189
234498.654907
234534.079712
234569.528198
234604.952942
234640.370972
234675.924133
234711.307129
234746.782410
234782.210632
234817.712524
234853.040649
234888.419067
234923.847900
234959.406128
234994.940613
235030.444458
235065.978638
235101.505615
235137.002258
235168.514954
235200.273438
235235.933838
235271.709045
235307.461060
235343.230835
235378.921387
235414.596863
235449.997375
235485.444336
235520.895203
235556.306885
235591.740601
235627.112244
235662.567200
235697.941101
235733.402588
235768.818909
235804.284973
235839.711670
235875.135437
235910.492676
235945.849976
235981.250977
236016.620422
236052.010681
236087.381287
236122.808472
236158.169678
236193.554688
236228.866638
236264.254517
236299.582947
236334.927124
236370.341919
236405.670044
236441.095215
236476.398254
236511.816162
236547.148621
236582.543945
236617.863342
236653.307312
236688.725037
236724.191040
236759.583557
236794.931458
236830.376770
236865.770935
236901.246033
236936.664612
236972.145325
237007.595947
237043.131836
237078.602844
237114.039612
237149.459656
237184.823364
237220.243835
237255.574524
237291.009766
237326.342346
237361.714661
237397.134094
237432.446716
237467.839478
237503.215149
237538.606750
237573.966370
237609.420227
237644.764771
237680.091919
237715.509216
237750.853027
237786.332581
237821.711914
237857.102051
237892.523682
237927.897583
237963.291626
237998.688965
238034.189026
238069.622192
238105.098206
238140.500916
238175.916443
238211.403137
238246.838135
238282.309937
238317.719055
238353.199768
238388.530945
238423.914124
238459.364014
238494.836853
238530.266296
238565.703491
238601.180481
238636.625366
238672.076599
238707.458008
238742.911316
238778.289307
238813.766174
238849.117615
238884.579102
238919.989868
238955.342590
238990.794617
239026.193115
239061.651367
239096.994995
239132.436462
239167.825745
239203.309082
239238.726318
239274.141235
239309.631226
239345.098694
239380.623474
239416.018188
239451.551941
239486.992737
239522.515930
239557.953796
239593.364502
239628.845093
239664.296021
239699.759888
239735.178894
239770.703552
239806.108826
239841.581665
239877.008667
239912.448364
239947.966675
239983.454407
240018.999207
240054.521851
240090.117188
240125.565308
240161.092529
240196.554016
240232.054016
240267.625916
240303.135803
240338.738403
240374.240662
240409.800171
240445.311462
240480.916199
240516.448914
240552.054321
240587.589478
240623.282288
240658.928101
240694.651489
240730.312256
240765.891968
240801.402649
240836.811768
240872.315186
240907.785217
240943.310669
240978.737549
241014.261292
241049.700256
241085.208313
241120.629578
241156.106750
241191.523987
241226.905273
241262.390198
241297.817139
241333.308899
241368.721985
241404.227844
241439.647217
241475.139343
241510.531738
241545.958801
241581.440186
241616.853821
241652.360474
241687.786926
241723.244934
241758.634399
241794.116455
241829.532227
241865.036194
241900.434082
241935.875000
241971.376526
242006.739990
242042.208069
242077.612610
242113.086670
242148.472900
242183.958679
242219.348694
242254.834290
242290.282898
242325.804199
242361.283264
242396.841797
242432.367615
242467.880920
242503.510376
242539.058289
242574.637146
242610.067322
242645.580139
242681.006958
242716.481201
242751.925171
242787.348633
242822.757507
242858.219849
242893.653381
242929.112183
242964.527710
242999.916992
243035.410706
243070.825745
243106.355774
243141.760559
243177.275085
243212.736145
243248.258667
243283.694641
243319.192749
243354.643555
243390.101440
243425.637756
243461.138916
243496.688660
243532.164185
243567.714417
243603.226318
243638.750854
243674.247192
243709.779846
243745.261536
243780.743469
243816.147644
243851.536499
243887.275940
243922.705688
243958.177979
243993.690125
244029.420715
244064.807190
244100.229065
244135.700623
244171.125305
244206.591003
244241.949646
244277.431274
244312.881470
244348.399780
244383.839600
244419.295898
244454.822998
244490.264954
244525.796143
244561.251648
244596.754883
244632.181763
244667.677185
244703.090881
244738.582397
244773.973083
244809.452332
244844.804382
244880.233337
244915.685669
244951.080383
244986.528748
245021.929565
245057.397461
245092.765198
245128.238953
245163.696106
245199.107544
245234.574585
245269.998840
245305.486084
245340.880615
245376.311951
245411.697021
245447.196899
245482.553223
245517.977112
245553.343323
245588.763489
245624.217224
245659.611938
245695.095642
245730.533875
245766.005066
245801.303223
245836.794128
245872.249023
245907.621582
245943.029968
245978.397034
246013.857117
246049.289185
246084.738770
246120.113647
246155.548279
246190.896057
246226.248962
246261.662048
246297.004211
246332.449280
246367.829956
246403.289490
246438.676147
246474.075989
246509.512756
246544.917908
246580.356445
246615.738953
246651.180176
246686.567017
246721.998230
246757.425903
246792.805115
246828.243591
246863.608826
246899.054138
246934.436768
246969.853577
247005.251831
247040.702332
247076.061829
247111.441895
247146.944275
247182.347168
247217.794434
247253.199585
247288.663330
247324.045532
247359.485352
247394.891418
247430.333923
247465.803284
247501.203003
247536.679871
247572.148804
247607.599304
247642.991455
247678.392944
247713.877930
247749.296570
247784.752747
247820.163269
247855.607422
247891.016541
247926.525085
247961.903442
247997.333435
248032.803467
248068.230347
248103.703064
248139.124207
248174.572327
248209.976990
248245.430664
248280.822205
248316.238159
248351.721619
248387.140564
248422.654236
248458.152100
248493.579651
248528.979187
248564.515564
248599.848877
248635.238586
248670.661316
248706.148743
248741.495972
248776.867432
248812.309937
248847.738342
248883.179504
248918.600891
248954.044678
248989.546753
249025.045227
249060.459595
249095.955872
249131.361145
249166.755676
249202.228333
249237.582764
249273.025085
249308.412476
249343.831543
249379.139954
249414.590393
249449.916870
249485.264099
249520.726196
249556.125549
249591.552734
249626.958618
249662.346130
249697.783813
249733.193237
249768.699951
249804.115234
249839.622253
249875.003113
249910.453796
249945.839111
249981.262939
250016.762939
250052.150085
250087.597412
250122.968201
250158.437988
250193.867310
250229.207336
250264.686707
250300.057800
250335.518921
250370.923645
250406.423767
250441.817078
250477.255920
250512.774719
250548.257568
250583.751953
250619.153076
250654.623413
250690.068237
250725.574036
250760.918762
250796.451111
250831.983521
250867.428589
250902.910217
250938.315308
250973.807495
251009.208679
251044.696289
251080.095215
251115.550415
251151.041565
251186.543518
251221.940735
251257.298645
251292.685730
251328.056580
251363.481201
251398.865723
251434.302368
251469.696655
251505.155762
251540.531311
251575.972595
251611.492920
251646.917236
251682.399109
251717.808472
251753.258423
251788.648010
251824.115417
251859.540833
251894.951172
251930.424927
251965.837280
252001.261230
252036.633362
252072.081726
252107.479492
252142.963562
252178.352051
252213.747803
252249.213074
252284.521606
252319.941956
252355.318970
252390.766357
252426.125916
252461.578308
252496.947998
252532.383179
252567.850342
252603.321533
252638.726013
252674.143372
252709.590393
252745.019409
252780.493347
252815.887085
252851.336670
252886.754578
252922.252686
252957.650085
252993.125549
253028.478577
253063.914856
253099.414062
253134.794617
253170.284485
253205.651367
253241.138550
253276.515076
253311.978455
253347.371826
253382.854858
253418.290771
253453.747253
253489.112183
253524.480408
253559.944275
253595.320557
253630.776733
253666.184814
253701.594299
253736.981995
253772.436096
253807.816467
253843.287598
253878.645691
253914.024475
253949.480225
253984.799377
254020.219666
254055.575867
254091.002686
254126.362000
254161.777588
254197.145203
254232.683228
254268.077087
254303.476562
254338.949463
254374.378113
254409.834717
254445.223999
254480.671692
254516.145630
254551.634827
254587.031799
254622.519531
254657.962158
254693.397583
254728.911926
254764.336121
254799.858948
254835.284668
254870.779663
254906.191162
254941.665344
254977.057129
255012.426514
255047.859009
255083.239075
255118.664734
255154.042297
255189.473022
255224.792908
255260.214539
255295.647217
255330.996826
255366.496460
255401.859070
255437.225525
255472.674866
255508.066589
255543.482056
255578.859131
255614.323059
255649.691345
255685.097107
255720.521790
255755.872070
255791.291077
255826.594849
255862.018738
255897.375610
255932.815369
255968.140564
256003.520020
256038.948303
256074.346619
256109.814270
256145.199951
256180.646179
256216.047607
256251.436096
256286.845947
256322.212280
256357.712280
256393.083008
256428.460144
256463.919739
256499.314575
256534.726990
256570.113586
256605.539368
256640.894897
256676.333557
256711.730164
256747.136658
256782.591492
256817.929932
256853.327942
256888.665649
256924.084106
256959.443176
256994.826660
257030.239136
257065.632996
257101.017822
257136.308289
257171.669678
257207.018188
257242.409546
257277.689575
257313.056335
257348.395447
257383.737488
257419.146484
257454.483643
257489.855652
257525.216980
257560.620850
257595.969543
257631.382629
257666.790344
257702.179993
257737.629639
257773.045593
257808.479248
257843.857117
257879.307922
257914.758423
257950.247925
257985.656250
258021.046143
258056.510315
258092.002014
258127.391113
258162.796753
258198.271729
258233.600647
258269.029846
258304.490112
258339.812561
258375.271729
258410.676880
258446.137207
258481.546875
258516.988586
258552.326782
258587.726685
258623.104675
258658.571106
258693.961792
258729.381653
258764.871948
258800.353638
258835.757751
258871.176697
258906.667969
258942.037781
258977.483643
259012.903870
259048.378235
259083.875610
259119.283569
259154.792603
259190.280762
259225.791504
259261.224304
259296.737000
259332.184509
259367.584839
259403.041504
259438.467590
259474.012695
259509.443848
259544.952515
259580.384216
259615.922119
259651.270508
259686.819824
259722.212585
259757.678711
259793.089539
259828.534546
259864.056885
259899.525452
259935.000427
259970.398499
260005.865967
260041.277222
260076.657776
260112.140320
260147.633118
260183.070251
260218.480347
260253.984192
260289.423767
260324.946411
260360.359924
260395.858948
260431.327454
260466.881042
260502.333679
260537.789795
260573.311157
260608.709106
260644.173462
260679.564514
260715.041992
260750.481079
260785.949402
260821.339050
260856.811768
260892.261169
260927.684387
260963.199646
260998.576416
261034.080688
261069.496033
261105.024719
261140.455322
261175.973938
261211.431580
261246.942688
261282.361389
261317.865417
261353.246887
261388.757080
261424.187744
261459.641968
261495.117737
261530.539673
261566.057495
261601.491699
261636.999268
261672.426086
261707.934143
261743.379578
261778.829285
261814.337036
261849.748718
261885.251953
261920.653809
261956.135925
261991.549927
262027.053894
262062.473389
262097.973816
262133.408447
24.932251
60.383118
95.885254
131.340454
166.861938
202.288330
237.694214
273.230164
308.656738
344.140869
379.580322
415.075073
450.509216
486.005981
521.454041
556.863342
592.414124
627.844421
663.369629
698.830078
734.381836
769.846436
805.371277
840.836426
876.292847
911.832153
947.265869
982.822998
1018.302490
1053.829956
1089.283264
1124.801941
1160.265686
1195.809448
1231.270264
1266.833191
1302.264343
1337.790833
1373.269287
1408.756958
1444.221497
1479.675415
1515.214966
1550.701233
1586.237488
1621.709839
1657.260925
1692.737671
1728.300049
1763.771973
1799.325256
1834.788391
1870.262573
1905.728333
1941.292725
1976.762573
2012.309509
2047.781006
2083.259827
2118.805054
2154.254639
2189.751648
2225.233032
2260.782227
2296.238464
2331.763733
2367.239624
2402.776917
2438.265686
2473.789307
2509.213013
2544.605103
2580.125549
2615.521423
2650.985413
2686.426453
2721.920776
2757.335754
2792.817444
2828.196899
2863.647339
2899.011780
2934.390198
2969.849915
3005.273193
3040.769165
3076.146118
3111.554382
3146.972107
3182.419739
3217.758545
3253.196655
3288.586853
3324.064819
3359.468994
3394.861328
3430.390381
3465.834290
3501.242920
3536.671204
3572.120667
3607.541504
3643.075378
3678.502625
