------------------------------------------------------------------------------------------------------------------------------------------------------------------------------------------------------
File                 | Reading      | Prediction   | Error        | Error%       | L1_I%        | Stalls%      | Ins%         | L2%          | L1_D%        | TLB_I%       | L3           |
------------------------------------------------------------------------------------------------------------------------------------------------------------------------------------------------------
ant_sssp             | 26769.36     | 31442.63     | 4673.27      | 17.46        | -0.04        | 70.84        | 23.53        | -0.19        | -1.54        | 2.14         | 5.26         |
ant_tc               | 241915.85    | 266374.44    | 24458.59     | 10.11        | -0.03        | 49.90        | 47.22        | -0.20        | -1.19        | 0.52         | 3.79         |
ant_cc               | 20998.36     | 23594.25     | 2595.89      | 12.36        | -0.04        | 70.51        | 27.75        | -0.14        | -1.19        | 1.23         | 1.88         |
ant_pr               | 31917.03     | 39961.52     | 8044.49      | 25.20        | -0.03        | 74.83        | 17.71        | -0.33        | -2.61        | 1.08         | 9.36         |
ant_pr_spmv          | 36290.32     | 46560.81     | 10270.49     | 28.30        | -0.03        | 75.72        | 15.71        | -0.37        | -2.91        | 0.96         | 10.93        |
ant_cc_sv            | 26979.41     | 31943.29     | 4963.88      | 18.40        | -0.03        | 71.50        | 22.21        | -0.29        | -2.34        | 1.24         | 7.71         |
ant_bfs              | 20945.29     | 23254.82     | 2309.53      | 11.03        | -0.04        | 70.26        | 28.05        | -0.14        | -1.19        | 1.31         | 1.74         |
ant_bc               | 24584.42     | 29583.46     | 4999.04      | 20.33        | -0.04        | 69.25        | 24.03        | -0.22        | -1.76        | 1.61         | 7.13         |
------------------------------------------------------------------------------------------------------------------------------------------------------------------------------------------------------
Mean error: 17.899
