bc
1106532
43938950839
0.63
241883851
112964265
302996969
156787
75.286255
bfs
1120819
41289863658
0.65
173700287
82785104
227693531
262389
70.716797
cc
1042915
41056219808
0.65
178048842
82601371
225725815
264178
67.974243
cc_sv
1050443
43115562094
0.64
259685744
118837781
337752947
203052
71.803833
ins_msr
8805
3468138
0.62
27409
1729
18417
0
0.087830
l1_msr
128905
8673540405
0.50
412073934
114105
410950816
15366
140.682190
l2_msr
270376
15115940346
0.46
705997739
211140
657901285
23049
249.596802
pr
1231344
48695113984
0.59
485970913
204637555
619468512
224684
84.429199
pr_spmv
1184361
47035081243
0.60
401461195
170084950
512314105
225532
80.265686
sssp
2967299
49056400125
0.63
241156551
95894554
304069459
503069
84.155579
tc
3559496
109194563322
0.82
731930858
117084328
649577427
525536
184.976379
tlb_msr
57525
1782424327
0.10
32353896
20539920
32436945
110915
28.126038
;
