139919.400085
139954.864197
139990.736511
140024.988403
140057.906982
140093.135864
140129.530334
140165.770630
140202.153137
140238.532227
140275.152283
140311.399353
140347.660889
140384.177917
140420.507385
140456.925903
140493.339966
140529.712036
140566.060974
140602.334473
140638.642944
140675.065796
140711.644592
140748.040222
140784.391052
140820.653320
140856.878174
140893.286682
140929.735229
140966.279907
141002.512085
141038.818359
141075.026123
141111.284119
141147.760071
141184.282532
141220.786987
141257.059631
141293.314819
141329.529663
141365.963806
141402.231873
141438.720642
141475.134827
141511.347595
141547.607727
141584.000000
141620.443298
141656.708069
141693.128357
141729.376953
141765.610779
141801.917786
141838.467346
141874.667480
141910.827637
141947.204041
141983.457336
142019.746887
142056.183899
142092.436523
142128.866577
142165.012085
142201.274536
142237.712952
142274.272339
142310.551941
142346.756226
142382.947205
142419.084839
142455.376160
142491.829224
142528.391174
142564.517578
142600.682129
142636.870056
142673.135803
142709.515015
142746.158936
142782.526123
142818.803955
142854.992310
142891.088562
142927.545654
142963.758606
143000.157654
143036.401611
143072.544373
143108.730530
143144.980530
143181.443787
143217.538452
143253.905090
143290.103699
143326.316467
143362.531677
143399.029968
143435.120544
143471.265991
143507.579712
143543.770996
143580.045654
143616.315430
143652.572754
143688.816101
143724.951355
143761.061157
143797.468445
143833.979492
143870.303223
143906.444275
143942.512268
143978.688049
144014.836121
144051.312805
144087.742249
144123.926453
144160.070923
144196.165466
144232.392578
144268.690002
144305.328430
144341.633301
144377.970825
144414.040222
144450.161438
144486.473267
144522.734009
144559.078369
144595.297913
144631.429504
144667.438965
144703.652344
144740.059570
144776.193909
144812.483948
144848.714539
144884.850098
144920.930725
144957.275269
144993.365173
145029.634949
145065.793091
145102.087341
145138.259155
145174.499146
145210.790894
145246.960449
145283.115479
145319.230957
145355.632629
145392.111755
145428.548279
145464.694763
145500.844360
145536.972473
145573.114929
145609.596497
145645.894104
145682.059998
145718.230408
145754.350403
145790.423218
145826.696228
145863.282959
145899.579895
145935.985046
145972.093750
146008.286560
146044.543701
146080.917175
146117.143799
146153.381165
146189.529968
146225.634827
146261.850769
146298.278992
146334.419922
146370.687622
146406.836975
146443.060120
146479.133240
146515.449951
146551.581055
146587.860107
146624.079468
146660.271301
146696.520020
146732.807556
146769.151611
146805.250488
146841.368652
146877.441833
146913.811951
146950.144836
146986.581238
147022.681946
147058.803406
147094.968384
147131.088013
147167.551880
147203.789307
147239.997498
147276.237244
147312.266418
147348.442017
147384.690735
147421.285461
147457.571594
147493.908386
147529.946716
147566.045898
147602.256470
147638.683533
147674.822693
147711.060852
147747.246948
147783.338684
147819.556702
147855.941711
147892.132446
147928.400146
147964.611938
148000.782532
148036.935242
148073.134827
148109.272400
148145.501526
148181.585144
148217.857483
148253.983093
148290.317078
148326.653503
148362.757446
148398.807068
148434.957397
148471.273682
148507.620850
148544.106262
148580.202087
148616.463501
148652.530579
148688.772644
148725.117004
148761.417175
148797.597961
148833.936768
148870.038208
148906.148315
148942.406860
148978.903442
149015.248291
149051.547974
149087.692566
149123.781494
149160.031555
149196.515503
149232.675720
149268.960144
149305.235779
149341.362061
149377.523804
149413.908875
149450.042175
149486.399902
149522.608459
149558.869507
149594.987976
149631.260498
149667.594666
149703.787170
149740.032104
149776.369202
149812.657654
149848.862305
149885.356567
149921.414856
149957.526733
149993.741760
150030.032288
150066.505005
150102.883179
150139.109558
150175.356934
150211.544250
150247.639954
150284.092346
150320.387634
150356.725708
150393.052429
150429.185974
150465.372375
150501.6