191988.437561
192023.062378
192058.862915
192093.406128
192126.760315
192157.560242
192194.226135
192231.918274
192269.688660
192307.309570
192344.559814
192381.677002
192418.807983
192455.994019
192493.142517
192530.328857
192567.431824
192604.516296
192641.732239
192678.814575
192715.996033
192753.110962
192790.312744
192827.426392
192864.545715
192901.682068
192938.795105
192975.941101
193013.025330
193050.174072
193087.223022
193124.352051
193161.419617
193198.483704
193235.647766
193272.730957
193309.852600
193346.941589
193384.095764
193421.150269
193458.290222
193495.364014
193532.556580
193569.613708
193606.653625
193643.735413
193680.744446
193717.813232
193754.784180
193791.869751
193828.864197
193865.945618
193902.917786
193939.952759
193976.959778
194013.998108
194051.083801
194088.036194
194125.112732
194162.081970
194199.125000
194236.106201
194273.175415
194310.171936
194347.306763
194384.299133
194421.289673
194458.343933
194495.306824
194532.337585
194569.302307
194606.314819
194643.239136
194680.263000
194717.264709
194754.208862
194791.138367
194828.025574
194864.876648
194901.804016
194938.854431
194975.802368
195012.839600
195049.810425
195086.820923
195123.788574
195160.879211
195197.848328
195234.790710
195271.838440
195308.844177
195345.893127
195382.835449
195419.747131
195456.778442
195493.791565
195530.781311
195567.759949
195604.788940
195641.730835
195678.752258
195715.684692
195752.699524
195789.648804
195826.684937
195863.648804
195900.629761
195937.691772
195974.648560
196011.668701
196048.599365
196085.592346
196122.506470
196159.455322
196196.493835
196233.438904
196270.475159
196307.427002
196344.434692
196381.356628
196418.291626
196455.302551
196492.248047
196529.261230
196566.182556
196603.150024
196640.066650
196677.090393
196714.045044
196751.131104
196788.123047
196825.097351
196862.124878
196899.063354
196936.107727
196973.053223
197010.076538
197047.016541
197084.015747
197120.976257
197157.890198
197194.918762
197231.864014
197268.904968
197305.832031
197342.887085
197379.873596
197416.853577
197453.877869
197490.827698
197527.882874
197564.811157
197601.840088
197638.792480
197675.812744
197712.747253
197749.762939
197786.714111
197823.722229
197860.658997
197897.576782
197934.560364
197971.486877
198008.493286
198045.404053
198082.396118
198119.288147
198156.276611
198193.198242
198230.196716
198267.162964
198304.155884
198341.051208
198378.035217
198414.949524
198451.921326
198488.841614
198525.787354
198562.829895
198599.775391
198636.834045
198673.781982
198710.777649
198747.727844
198784.732117
198821.683594
198858.696899
198895.644043
198932.643127
198969.574280
199006.583069
199043.517334
199080.548462
199117.487488
199154.525085
199191.449402
199228.378540
199265.388123
199302.325928
199339.328735
199376.301208
199413.336121
199450.286682
199487.324463
199524.282410
199561.283691
199598.217102
199635.173828
199672.203674
199709.155640
199746.157654
199783.064697
199820.073730
199857.016479
199894.010315
199930.955750
199967.996948
200004.943237
200041.962158
200078.936584
200115.960388
200152.928528
200189.910034
200226.970947
200263.952332
200300.994019
200337.956299
200374.953491
200411.917664
200448.916992
200485.863281
200522.881775
200559.839050
200596.868835
200633.822754
200670.816223
200707.770264
200744.724243
200781.759583
200818.726440
200855.759094
200892.725769
200929.796570
200966.774109
201003.810059
201040.734863
201077.672546
201114.687500
201151.628967
201188.640991
201225.648376
201262.689514
201299.671021
201336.654236
201373.574524
201410.673523
201447.624817
201484.652832
201521.578613
201558.512085
201595.525940
201632.461731
201669.499756
201706.496765
201743.503052
201780.466370
201817.449890
201854.443787
201891.353638
201928.354004
201965.334229
202002.375854
202039.335144
202076.356628
202113.316467
202150.316650
202187.358887
202224.303223
202261.312012
202298.299194
202335.299561
202372.238708
202409.212524
202446.189636
202483.149475
202520.167603
202557.130493
202594.066223
202631.082764
202668.033447
202705.041809
202742.028381
202779.056824
202815.994690
202853.029419
202890.003906
202926.946594
202963.927917
203000.904785
203037.947510
203074.891724
203111.896362
203148.852356
203185.813660
203222.822327
203259.778259
203296.868408
203333.828796
203370.862122
203407.812256
203444.772949
203481.789307
203518.825134
203555.809875
203592.791748
203629.815247
203666.758423
203703.804321
203740.780762
203777.732300
203814.779724
203851.730408
203888.784973
203925.721985
203962.745178
203999.676941
204036.700806
204073.684021
204110.675415
204147.703674
204184.678284
204221.714600
204258.639587
204295.634216
204332.616028
204369.578491
204406.623718
204443.604675
204480.641968
204517.584290
204554.551270
204591.580444
204628.546021
204665.586304
204702.576050
204739.612610
204776.563477
204813.592957
204850.554565
204887.529114
204924.567566
204961.527161
204998.577637
205035.526672
205072.583984
205109.546387
205146.613770
205183.576233
205220.521851
205257.552795
205294.517273
205331.568481
205368.557983
205405.601440
205442.567017
205479.532715
205516.590454
205553.519958
205590.540588
205627.527039
205664.573120
205701.557312
205738.586304
205775.550232
205812.506104
205849.523010
205886.439819
205923.480469
205960.442322
205997.444275
206034.493835
206071.472961
206108.526550
206145.501709
206182.531921
206219.485229
206256.542847
206293.546570
206330.508606
206367.527527
206404.478394
206441.515625
206478.471680
206515.479370
206552.421692
206589.438293
206626.366516
206663.372925
206700.337280
206737.345032
206774.329041
206811.305664
206848.345398
206885.268066
206922.315735
206959.272522
206996.269897
207033.330994
207070.337769
207107.371399
207144.331116
207181.355896
207218.290588
207255.289429
207292.253845
207329.192505
207366.201233
207403.160828
207440.221313
207477.184204
207514.234314
207551.225342
207588.299133
207625.283447
207662.258789
207699.317688
207736.302734
207773.359009
207810.341003
207847.385071
207884.384766
207921.349548
207958.396301
207995.363159
208032.437744
208069.408875
208106.414429
208143.328552
208180.271851
208217.305969
208254.245605
208291.294312
208328.225403
208365.254639
208402.222351
208439.174011
208476.241333
208513.242249
208550.263611
208587.257874
208624.377075
208661.352417
208698.377197
208735.346191
208772.407593
208809.435181
208846.436584
208883.521667
208920.491150
208957.517944
208994.489563
209031.511169
209068.464355
209105.514099
209142.490234
209179.442444
209216.502319
209253.452820
209290.455139
209327.403870
209364.438293
209401.424011
209438.488159
209475.493408
209512.500488
209549.536255
209586.519897
209623.571655
209660.576538
209697.675476
209734.697998
209771.686707
209808.782166
209845.728088
209882.855408
209919.848816
209956.938965
209993.920166
210030.985046
210067.983948
210104.983948
210142.078125
210179.097778
210216.143188
210253.192627
210290.259155
210327.226379
210364.285767
210401.293335
210438.322021
210475.377258
210512.360352
210549.406067
210586.381348
210623.424255
210660.418091
210697.490784
210734.501221
210771.563171
210808.509705
210845.500488
210882.467468
210919.475525
210956.415833
210993.398376
211030.409485
211067.354919
211104.377991
211141.321045
211178.335083
211215.309631
211252.366516
211289.364746
211326.368591
211363.315674
211400.262024
211437.258728
211474.189697
211511.214966
211548.173645
211585.181641
211622.127197
211659.115845
211696.027832
211733.014221
211769.946716
211806.905701
211843.939270
211880.872864
211917.874573
211954.787109
211991.770935
212028.686951
212065.697144
212102.648254
212139.679626
212176.627930
212213.569153
212250.563416
212287.483398
212324.461060
212361.418762
212398.449829
212435.428589
212472.490906
212509.462830
212546.412659
212583.471924
212620.425781
212657.456482
212694.416199
212731.469910
212768.431702
212805.472656
212842.417175
212879.460144
212916.432678
212953.388184
212990.382568
213027.356812
213064.390808
213101.383911
213138.366028
213175.388245
213212.363525
213249.408142
213286.348999
213323.361450
213360.379700
213397.433105
213434.425415
213471.513489
213508.487427
213545.434570
213582.494751
