240802.077515
240837.643555
240873.518677
240907.639404
240942.917114
240974.388611
241009.940308
241046.383484
241082.634644
241118.623291
241154.462402
241190.321655
241226.085571
241261.892517
241297.648132
241333.454468
241369.212036
241404.972900
241440.790039
241476.522705
241512.298950
241548.041687
241583.840881
241619.569031
241655.373169
241691.091492
241726.831726
241762.616272
241798.355530
241834.154602
241869.840576
241905.638428
241941.367920
241977.096497
242012.907898
242048.640442
242084.431091
242120.149597
242155.921265
242191.610779
242227.389587
242262.734497
242298.196167
242333.555542
242368.992249
242404.401184
242439.804749
242475.293457
242510.735840
242546.268005
242581.729309
242617.227478
242652.621826
242688.091248
242723.499695
242759.007019
242794.375793
242829.809387
242865.181030
242900.665527
242936.046082
242971.416016
243006.842163
243042.213745
243077.643982
243112.995300
243148.463013
243183.838440
243219.285706
243254.638611
243290.044373
243325.420593
243360.888184
243396.269714
243431.622620
243467.017212
243502.329468
243537.690369
243572.987732
243608.367737
243643.662720
243678.965454
243714.210999
243749.530396
243784.786560
243820.046997
243855.365356
243890.549316
243925.885742
243961.211914
243996.565735
244031.905396
244067.280212
244102.638794
244138.018921
244173.423096
244208.728821
244244.124451
244279.411621
244314.762634
244350.018127
244385.390015
244420.683228
244456.023193
244491.322083
244526.667236
244562.090515
244597.391357
244632.779785
244668.109924
244703.485657
244738.822083
244774.186523
244809.524353
244844.932678
244880.215210
244915.476196
244950.749756
244985.951660
245021.131287
245056.406677
245091.794922
245127.106567
245162.493164
245197.820557
245233.104858
245268.471436
245303.766052
245339.139832
245374.449768
245409.839111
245445.147766
245480.500549
245515.756592
245551.140320
245586.481628
245621.847534
245657.159180
245692.454712
245727.858215
245763.191589
245798.627930
245833.963684
245869.384583
245904.710266
245940.058960
245975.358643
246010.711975
246045.996704
246081.349121
246116.672607
246152.076782
246187.381348
246222.733032
246258.178528
246293.559387
246328.992249
246364.361755
246399.785461
246435.139832
246470.575317
246505.944153
246541.310669
246576.752747
246612.073059
246647.470947
246682.842957
246718.293701
246753.670898
246789.026917
246824.483826
246859.830017
246895.204590
246930.510132
246965.870300
247001.195862
247036.573669
247071.909790
247107.303467
247142.630615
247177.930420
247213.297363
247248.602722
247284.000854
247319.298157
247354.707214
247390.056702
247425.421387
247460.719238
247496.100647
247531.388977
247566.729309
247602.173279
247637.502625
247672.858276
247708.179077
247743.545410
247778.866516
247814.205139
247849.520935
247884.823547
247920.189270
247955.531677
247990.957703
248026.311523
248061.703247
248097.035339
248132.447449
248167.814209
248203.141113
248238.592224
248273.966431
248309.358337
248344.707336
248380.093201
248415.383606
248450.805054
248486.141174
248521.494202
248556.889404
248592.153320
248627.516479
248662.806641
248698.181458
248733.492126
248768.844727
248804.162598
248839.470825
248874.797424
248910.070740
248945.443359
248980.741699
249016.124451
249051.445557
249086.849182
249122.197693
249157.495789
249192.896667
249228.232605
249263.652466
249298.978638
249334.410950
249369.758667
249405.212341
249440.573975
249475.958191
249511.371338
249546.753296
249582.189087
249617.574158
249653.023010
249688.437683
249723.856262
249759.198242
249794.628662
249830.007019
249865.364014
249900.812378
249936.247009
249971.768311
250007.199585
250042.666077
250078.203857
250113.710938
250149.293396
250184.803284
250220.341003
250255.849976
250291.378174
250326.830383
250362.382874
250397.842224
250433.377991
250468.872192
250504.379578
250539.938660
250575.532532
250611.049194
250646.529907
250682.001831
250717.566467
250753.164734
250788.682556
250824.228577
250859.736328
250895.220825
250930.756470
250966.262695
251001.831299
251037.331421
251072.877869
251108.387329
251143.964355
251179.456726
251215.005981
251250.493164
251285.946411
251321.498657
251357.065369
251392.542053
251428.016968
251463.592163
251499.070374
251534.640930
251570.137207
251605.701050
251641.195496
251676.673218
251712.231812
251747.710449
251783.266541
251818.751343
251854.310303
251889.811157
251925.393799
251960.894287
251996.468689
252031.979797
252067.540833
252103.022949
252138.464417
252173.978271
252209.481628
252245.025391
252280.513367
252316.075439
252351.518982
252387.116943
252422.575684
252458.161438
252493.653992
252529.207153
252564.687927
252600.237976
252635.709900
252671.255798
252706.732849
252742.289551
252777.805664
252813.381470
252848.885925
252884.395081
252919.955139
252955.450012
252991.014954
253026.488342
253062.089539
253097.572266
253133.112671
253168.570251
253204.153076
253239.628723
253275.190552
253310.648621
253346.197083
253381.686218
253417.235779
253452.704895
253488.251465
253523.715942
253559.228638
253594.753418
253630.264099
253665.870239
253701.358154
253736.905151
253772.394043
253807.927979
253843.420898
253878.915710
253914.497070
253950.060974
253985.537720
254021.022583
254056.544800
254092.022095
254127.593445
254163.034546
254198.567383
254234.005310
254269.527344
254305.001160
254340.520203
254376.010376
254411.540344
254446.963074
254482.417175
254517.968567
254553.439880
254589.001587
254624.436829
254659.979187
254695.403809
254730.911377
254766.388428
254801.933899
254837.436584
254873.016357
254908.495117
254944.045654
254979.538086
255015.007690
255050.540039
255086.042297
255121.563965
255157.036255
255192.487305
255228.033142
255263.519653
255299.075500
255334.503235
255370.004456
255405.432190
255440.933777
255476.393677
255511.954590
255547.430359
255582.885925
255618.418030
255653.864258
255689.390381
255724.864136
255760.401184
255795.863892
255831.404968
255866.857788
255902.386414
255937.849854
255973.367432
256008.782593
256044.287231
256079.732300
256115.196350
256150.744568
256186.250183
256221.795898
256257.264954
256292.775085
256328.242004
256363.711975
256399.240356
256434.721313
256470.271912
256505.775024
256541.324463
256576.809204
256612.319946
256647.840271
256683.346924
256718.826782
256754.374390
256789.862000
256825.400635
256860.889832
256896.345642
256931.877441
256967.353210
257002.865723
257038.339661
257073.879517
257109.378296
257144.875549
257180.402283
257215.885315
257251.391907
257286.835693
257322.348633
257357.843323
257393.277893
257428.825439
257464.280212
257499.771423
257535.228760
257570.799133
257606.293945
257641.859863
257677.343506
257712.857239
257748.315063
257783.768250
257819.285156
257854.730042
257890.273865
257925.732605
257961.258423
257996.691284
258032.150330
258067.650879
258103.092102
258138.590149
258174.037964
258209.574219
258245.037964
258280.563721
258316.021057
258351.435974
258386.923767
258422.338196
258457.823181
258493.267029
258528.790527
258564.248108
258599.734619
258635.301819
258670.819458
258706.376892
258741.850098
258777.436401
258812.913635
258848.459534
258883.952942
258919.435486
258954.986511
258990.464966
259026.014221
259061.496948
259097.041260
259132.539124
259168.045715
259203.567749
259239.022034
259274.520447
259309.999512
259345.554077
259381.070312
259416.594910
259452.189575
259487.661682
259523.190430
259558.689697
259594.265930
259629.787842
259665.358521
259700.849060
259736.420593
259771.920227
259807.456238
259842.988647
259878.487366
259914.027710
259949.511475
259985.037048
260020.536377
260056.110474
260091.597168
260127.126953
260162.603027
260198.114685
260233.651855
260269.151611
260304.663635
260340.114807
260375.589294
260411.029602
260446.477966
260481.948608
260517.377930
260552.863647
260588.297974
260623.820129
260659.281250
260694.784973
260730.243225
260765.713989
260801.211853
260836.646851
260872.143860
260907.592896
260943.114441
260978.545959
261014.050781
261049.535400
261085.012207
261120.538879
261155.981384
261191.521790
261226.965759
261262.511108
261297.966797
261333.482239
261368.958923
261404.416504
261439.944641
261475.432678
261510.959961
