68944.784973
68979.323914
69015.106750
69049.714478
69083.098389
69113.937256
69144.934692
69179.293579
69214.856812
69250.529297
69286.160767
69321.713867
69357.517822
69393.034058
69428.632690
69464.183167
69499.779480
69535.320068
69571.156616
69607.261353
69643.342102
69679.490540
69715.548523
69751.707214
69787.490417
69823.284058
69859.058411
69894.756104
69930.534607
69966.251038
70001.986633
70037.683044
70073.331299
70109.068909
70144.736633
70180.456543
70216.104614
70251.849670
70286.857849
70323.007019
70359.275391
70395.481140
70431.757812
70467.568542
70503.344543
70539.057556
70574.747620
70610.513184
70645.956421
70682.286316
70718.535339
70752.701782
70788.334106
70824.018188
70859.639160
70895.204712
70930.858887
70966.425354
71002.058594
71037.630432
71073.273254
71108.839783
71144.485474
71180.208435
71215.972656
71251.879822
71287.732239
71323.611633
71359.440002
71395.271912
71430.804626
71466.318298
71501.870850
71537.387512
71572.978455
71608.478394
71644.042847
71679.558044
71715.067139
71750.639526
71786.149292
71821.691589
71857.188843
71892.766541
71928.296753
71963.872803
71999.353210
72034.905640
72070.407043
72105.999023
72141.432190
72176.926025
72212.507080
72248.028015
72283.555786
72319.076416
72354.709656
72390.237427
72425.728882
72461.306824
72496.795288
72532.343994
72567.766113
72603.311829
72638.825134
72674.306641
72709.871094
72745.340515
72780.902466
72816.471924
72852.072083
72887.604370
72923.225159
72958.806091
72994.419189
73030.000732
73065.573181
73101.210205
73136.759644
73172.391663
73207.988770
73243.608887
73279.156860
73314.713562
73350.327820
73385.862427
73421.438171
73456.953308
73492.555969
73528.113708
73563.698425
73599.221069
73634.769043
73670.334351
73705.836426
73741.407654
73776.930542
73812.547363
73848.128784
73883.762512
73919.312012
73954.839722
73990.438660
74025.970825
74061.586853
74097.115356
74132.710510
74168.252930
74203.800476
74239.345276
74274.898193
74310.497986
74345.998108
74381.574524
74417.073547
74452.698914
74488.264709
74523.840881
74559.330750
74594.844482
74630.398010
74665.946655
74701.527832
74737.039307
74772.600098
74808.056091
74843.562622
74879.016113
74914.509766
74949.950195
74985.471436
75020.870789
75056.440979
75091.908752
75127.363037
75162.901733
75198.401733
75233.982849
75269.442688
75304.997498
75340.507507
75376.008850
75411.552063
75447.073181
75482.663208
75518.208313
75553.818298
75589.345032
75624.952148
75660.464844
75695.951782
75731.542908
75767.037231
75802.613281
75838.110535
75873.697571
75909.198303
75944.788757
75980.311096
76015.870422
76051.369019
76086.848083
76122.447632
76157.950012
76193.547180
76229.031738
76264.591309
76300.099060
76335.608704
76371.221680
76406.700806
76442.279358
76477.788574
76513.374939
76548.891296
76584.475525
76620.004944
76655.515137
76691.136536
76726.663940
76762.284546
76797.758789
76833.322937
76868.832642
76904.409973
76939.950623
76975.482666
77011.072266
77046.586670
77082.186401
77117.689148
77153.289429
77188.838074
77224.382385
77259.978455
77295.508667
77331.117615
77366.626343
77402.173218
77437.706177
77473.305237
77508.849792
77544.455811
77579.991760
77615.492310
77651.088562
77686.604126
77722.187683
77757.721619
77793.297241
77828.790649
77864.281799
77899.862549
77935.369690
77970.941162
78006.433594
78041.996765
78077.515381
78113.094971
78148.611816
78184.214417
78219.726746
78255.296692
78290.800171
78326.282715
78361.839478
78397.336243
78432.901794
78468.409363
78503.994263
78539.470947
78575.019653
78610.513794
78646.001709
78681.634521
78717.120667
78752.710327
78788.194092
78823.746399
78859.246826
78894.846252
78930.369995
78965.886108
79001.426270
79036.909546
79072.448120
79107.923096
79143.485535
79178.988403
79214.556213
79250.011536
79285.568970
79321.002930
79356.448608
79391.968872
79427.512085
79463.022095
79498.506897
79534.067627
79569.583679
79605.177063
79640.667175
79676.193665
79711.715088
79747.257324
79782.692444
79818.146362
79853.659363
79889.139648
79924.693604
79960.140442
79995.695740
80031.168945
80066.748352
80102.228210
80137.777039
80173.298645
80208.852722
80244.297729
80279.785950
80315.366333
80350.867981
80386.455750
80421.970764
80457.546753
80493.039490
80528.597473
80564.093994
80599.648865
80635.179749
80670.775574
80706.280334
80741.805176
80777.361328
80812.816528
80848.388428
80883.854248
80919.436523
80954.922852
80990.504517
81026.041016
81061.609619
81097.100342
81132.599243
81168.170776
81203.716980
81239.309570
81274.836182
81310.433350
81345.922302
81381.463379
81416.991089
81452.501221
81488.107788
81523.617920
81559.199646
81594.716309
81630.280457
81665.799133
81701.402832
81736.869568
81772.467163
81808.015442
81843.532166
81879.137085
81914.635315
81950.201904
81985.740479
82021.315430
82056.819031
82092.380798
82127.832397
82163.424133
82198.916504
82234.450012
82269.904419
82305.433716
82340.902832
82376.416565
82411.916016
82447.398804
82482.917419
82518.391541
82553.942505
82589.418091
82624.970642
82660.465149
82696.029358
82731.556702
82767.106201
82802.593872
82838.132141
82873.616821
82909.165833
82944.736206
82980.283508
83015.846558
83051.361389
83086.905029
83122.398071
83157.973328
83193.470703
83229.022461
83264.506592
83300.025940
83335.484375
83370.837646
83406.432861
83441.901978
83477.462585
83512.950867
83548.494507
83583.961365
83619.501465
83654.956299
83690.536255
83726.022583
83761.483154
83797.082275
83832.569153
83868.177307
83903.684692
83939.269226
83974.807861
84010.395264
84045.924011
84081.417664
84117.024536
84152.571777
84188.165405
84223.701172
84259.298645
84294.847839
84330.432129
84365.954895
84401.500793
84437.091553
84472.602844
84508.167908
84543.710327
84579.302124
84614.791260
84650.297424
84685.896912
84721.459229
84756.964539
84792.464111
84828.012817
84863.488953
84899.059814
84934.553284
84970.165039
85005.683533
85041.295837
85076.771851
85112.269653
85147.851196
85183.472717
85218.992737
85254.549500
85290.184204
85325.698181
85361.273743
85396.806641
85432.411865
85467.931946
85503.522583
85539.052002
85574.607422
85610.210876
85645.724915
85681.311584
85716.823669
85752.403992
85787.868286
85823.359070
85858.909912
85894.399841
85930.001465
85965.562073
86001.147583
86036.639465
86072.203430
86107.719543
86143.213562
86178.812744
86214.296204
86249.837280
86285.307373
86320.869873
86356.378357
86391.943115
86427.460266
86463.051331
86498.558105
86534.071838
86569.646484
86605.128601
86640.749146
86676.277710
86711.881653
86747.416809
86783.021118
86818.548584
86854.091675
86889.717102
86925.200745
86960.816284
86996.304199
87031.874023
87067.383667
87102.972534
87138.519226
87174.038086
87209.621887
87245.085938
87280.675537
87316.178223
87351.721863
87387.208557
87422.765442
87458.394287
87493.902466
87529.484558
87565.017212
87600.628906
87636.136597
87671.690857
87707.327087
87742.874817
87778.494812
87814.044800
87849.668396
87885.211609
87920.826721
87956.387390
87991.947266
88027.551758
88063.076538
88098.709839
88134.253052
88169.889587
88205.437927
88241.072021
88276.628845
88312.264038
88347.823547
88383.427612
88419.055115
88454.626343
88490.258606
88525.772156
88561.395508
88596.941345
88632.550415
88668.128723
88703.679688
88739.319275
88774.817139
88810.444641
88845.963379
88881.511169
88917.109741
88952.642395
88988.228333
89023.735352
89059.300720
89094.828125
89130.402161
89165.924988
89201.563904
89237.058655
89272.659363
89308.170044
89343.657959
89379.233826
89414.752014
89450.301758
89485.845215
89521.457458
89556.970398
89592.562073
89628.054199
89663.665405
89699.229309
89734.837646
89770.341431
89805.885986
89841.492126
89877.024719
89912.631958
89948.136108
89983.707703
90019.193237
90054.802551
90090.324951
90125.902222
90161.438538
90197.004089
90232.531799
90268.135559
90303.651428
90339.173706
90374.805847
90410.337708
90445.919434
90481.462158
90517.057983
90552.612610
90588.230225
90623.766602
90659.382019
90694.937073
90730.546143
90766.096130
90801.639282
90837.231506
90872.759338
90908.341370
90943.844666
90979.499512
91015.033325
91050.640320
91086.224915
91121.825989
91157.628174
91193.235901
91228.807983
91264.305603
91299.910034
