123739.053284
123773.528137
123808.986816
123843.339539
123878.073425
123910.181030
123942.990051
123978.645935
124012.782349
124048.363159
124084.028687
124119.317383
124154.846375
124191.000000
124227.071594
124262.773438
124298.373291
124334.005920
124369.588501
124405.181763
124440.872192
124476.450500
124512.049866
124547.726868
124583.356934
124618.997742
124654.617493
124690.356262
124726.001038
124761.619080
124797.285278
124832.859619
124868.535278
124904.151611
124939.771484
124975.386780
125011.052185
125046.649414
125082.238098
125117.894409
125153.450500
125189.116333
125224.693481
125260.291992
125295.896240
125331.508850
125367.072571
125402.670471
125438.346863
125473.957397
125509.647034
125545.242432
125580.867126
125616.520142
125652.111511
125687.701782
125723.379578
125758.962463
125794.965576
125831.284180
125867.503235
125903.312500
125939.029907
125974.966064
126011.234863
126047.437683
126083.462402
126119.194153
126155.008545
126191.302551
126227.522583
126263.829773
126299.801514
126335.827942
126371.852661
126407.987000
126444.014465
126480.008911
126516.311218
126552.488586
126588.737305
126624.480652
126660.297729
126696.273193
126732.616516
126768.845032
126804.938843
126841.033691
126877.077271
126913.176331
126949.246704
126985.205688
127021.411804
127057.591064
127093.787476
127129.787231
127165.610168
127201.335754
127237.570007
127273.771729
127310.102539
127346.142883
127382.221863
127418.327332
127454.580261
127490.706360
127526.818787
127563.116638
127599.339417
127635.646545
127671.417175
127707.224426
127743.224182
127779.397156
127815.703430
127851.909729
127888.123474
127924.283020
127960.445801
127996.605408
128032.829895
128069.008118
128105.206543
128141.390991
128177.366394
128213.270203
128248.977905
128285.227661
128321.383911
128357.766235
128393.907227
128430.028320
128466.239624
128502.375732
128538.481018
128574.649597
128610.838074
128647.064697
128683.277405
128719.089783
128754.830811
128790.769653
128826.974854
128863.216797
128899.471313
128935.659546
128971.823608
129007.968079
129044.244751
129080.346680
129116.632385
129152.792419
129189.087463
129225.099243
129260.884888
129296.718384
129332.929016
129369.128601
129405.516479
129441.599792
129477.725525
129513.972229
129550.147522
129586.300537
129622.498352
129658.695679
129694.951843
129731.149353
129766.889221
129802.689148
129838.617798
129874.907532
129911.168274
129947.390564
129983.519775
130019.743347
130055.894043
130092.086182
130128.292786
130164.499939
130200.740356
130237.076721
130273.093018
130308.966125
130344.741028
130381.050293
130417.241150
130453.572815
130489.696716
130525.945557
130562.130554
130598.350952
130634.616211
130670.765564
130706.965149
130743.235352
130779.476196
130815.299927
130851.035950
130887.070618
130923.321106
130959.590332
130995.838623
131031.949524
131068.193848
131104.390442
131140.585388
131176.800537
131212.959045
131249.223511
131285.502075
131321.431458
131357.297058
131393.105713
131429.348328
131465.545044
131501.905762
131538.013062
131574.146790
131610.385376
131646.575623
131682.685791
131718.917969
131755.123230
131791.362366
131827.629578
131863.396545
131899.231873
131935.325684
131971.576538
132007.891846
132043.606018
132079.274841
132114.889954
132150.624451
132186.293701
132221.975647
132257.715881
132293.350403
132329.019958
132364.733398
132400.390015
132436.012756
132471.724060
132507.397461
132543.094238
132578.727234
132614.333618
132650.009155
132685.680115
132721.418945
132757.078125
132792.732178
132828.442810
132864.092041
132899.762024
132935.463928
132971.093872
133006.713318
133042.388977
133078.046143
133113.705383
133149.400391
133185.061279
133220.763245
133256.406006
133292.013184
133327.727173
133363.347961
133398.980164
133434.680481
133470.320862
133506.003174
133541.991272
133578.087830
133614.308411
133650.382507
133686.157288
133721.956360
133758.123108
133794.365051
133830.619019
133866.705872
133902.897705
133939.048889
133975.204407
134011.410767
134047.544373
134083.811768
134120.073853
134156.303955
134192.115051
134227.866028
134263.824219
134300.045532
134336.296143
134372.610352
134408.732178
134444.894958
134481.078674
134517.283447
134553.433044
134589.656433
134625.881226
134662.195374
134698.180420
134733.936218
134769.801025
134805.944458
134842.240845
134878.520752
134914.630493
134950.766296
134987.027954
135023.195923
135059.372375
135095.624634
135131.815979
135168.095032
135204.291382
135240.031799
135275.833557
135311.795959
135348.048157
135384.238403
135420.456970
135456.569885
135492.766357
135528.947754
135565.194946
135601.319702
135637.494690
135673.704834
135709.933411
135746.066345
135781.860107
135817.669250
135853.852722
135890.062256
135926.430786
135962.522522
135998.652954
136034.911316
136071.065979
136107.199280
136143.369263
136179.508240
136215.695435
136251.979126
136287.714539
136323.518066
136359.440979
136395.616882
136431.755920
136467.976074
136504.172485
136540.299866
136576.457031
136612.643005
136648.754089
136684.921814
136721.123291
136757.290649
136793.333008
136829.063232
136864.802002
136901.083252
136937.250671
136973.520264
137009.620117
137045.710571
137081.829346
137118.023560
137154.142334
137190.238892
137226.463440
137262.653137
137298.936890
137334.670654
137370.411438
137406.437805
137442.617615
137478.819885
137514.964905
137551.045044
137587.180359
137623.265686
137659.393555
137695.581848
137731.707153
137767.830566
137804.073853
137840.007812
137875.709412
137911.500183
137947.655884
137983.882080
138020.122253
138056.201904
138092.306702
138128.507324
138164.654419
138200.778137
138236.893127
138273.135559
138309.287781
138345.539185
138381.274414
138417.057312
138453.019043
138489.297546
138525.489563
138561.734924
138597.896729
138634.039795
138670.191589
138706.408142
138742.451721
138778.569763
138814.806946
138850.976257
138886.910645
138922.710571
138958.443359
138994.706055
139030.864868
139067.182983
139103.245300
139139.384644
139175.492188
139211.719482
139247.838562
139283.941528
139320.185852
139356.345276
139392.500732
139428.273926
139463.951111
139499.918213
139536.068054
139572.223633
139608.031982
139643.655640
139679.210510
139714.757568
139750.398804
139785.984924
139821.531616
139857.200745
139892.796143
139928.373108
139964.026001
139999.636597
140035.310181
140070.916931
140106.515808
140142.225464
140177.813965
140213.478821
140249.095581
140284.749390
140320.410217
140356.031311
140391.649719
140427.305176
140462.908752
140498.539368
140534.162842
140569.761414
140605.357056
140641.022827
140676.576965
140712.240723
140747.826660
140783.423889
140819.090271
140854.684448
140890.266663
140925.905396
140961.462524
140997.049561
141032.682312
141068.246643
141104.113037
141140.253906
141176.433105
141212.539368
141248.246277
141284.005371
141320.054871
141356.415833
141392.691345
141428.807983
141464.992432
141501.112305
141537.255920
141573.423340
141609.532471
141645.696838
141682.028015
141718.284302
141754.086975
141789.823059
141825.893738
141862.021484
141898.268921
141934.472229
141970.596069
142006.662048
142042.879517
142079.027710
142115.201660
142151.486267
142187.644836
142223.912415
142259.907349
142295.699890
142331.390076
142367.569153
142403.769958
142440.006226
142476.131226
142512.229370
142548.344177
142584.606506
142620.716370
142656.845947
142693.076782
142729.299988
142765.617554
142801.355347
142837.109680
142873.172119
142909.298889
142945.487244
142981.684570
143017.762939
143053.932495
143090.066040
143126.236328
143162.448914
143198.663574
143234.772949
143270.935669
143306.904236
143342.623047
143378.345276
143414.537231
143450.716858
143486.972168
143523.129333
143559.219177
143595.319275
143631.515259
143667.617249
143703.727905
143740.006042
143776.208679
143812.511169
143848.255676
143884.004272
143920.028137
143956.156982
143992.445068
144028.674683
144064.785339
144100.939514
144137.058899
144173.218811
144209.335938
144245.626465
144281.768677
144318.064758
144354.045532
144389.840942
144425.566956
144461.711853
144497.965759
144534.242188
144570.346741
144606.506348
144642.592957
144678.722351
144714.904541
144750.992554
