68501.929626
68536.782776
68572.775879
68607.361145
68640.220520
68674.556091
68710.617676
68746.994446
68784.324097
68822.064941
68860.379150
68897.419678
68933.206970
68970.514038
69008.347656
69046.766357
69083.855164
69119.695374
69156.689819
69194.561768
69233.086365
69270.220032
69306.109985
69343.016418
69380.763672
69419.283325
69456.598999
69492.635620
69528.961243
69566.721985
69605.075378
69642.707275
69678.963135
69714.992554
69752.533142
69790.682251
69828.769409
69865.385803
69901.250854
69938.291748
69976.327942
70014.755371
70051.781677
70087.523132
70124.140747
70161.920593
70200.315491
70237.728455
70273.672913
70309.746338
70347.681824
70385.869324
70423.722778
70460.078674
70496.039551
70533.471252
70571.621948
70609.737366
70646.368103
70682.185059
70719.250183
70757.293396
70795.731934
70832.737549
70868.505493
70905.127502
70942.955872
70981.455566
71018.866821
71054.943176
71091.011108
71128.969788
71167.281250
71205.024414
71241.363647
71277.337036
71314.981201
71353.151794
71391.387939
71427.953918
71463.889038
71500.977112
71539.075745
71577.645081
71614.531921
71650.303101
71686.983337
71724.873840
71763.321167
71800.678833
71836.731812
71872.757996
71910.763611
71949.108459
71986.991943
72023.218384
72059.113098
72096.704285
72134.840149
72173.113525
72209.738464
72245.536438
72282.619934
72320.687012
72359.254822
72396.325073
72432.138367
72468.879150
72506.879700
72545.374878
72582.831665
72618.929077
72655.177368
72693.109131
72731.481323
72769.349121
72805.583313
72841.688171
72879.399109
72917.626343
72955.740051
72992.223267
73028.224121
73065.575378
73103.656799
73142.154724
73178.964294
73214.804626
73251.951172
73289.987305
73328.511719
73365.553406
73401.441528
73438.357483
73476.343811
73514.767090
73552.091553
73588.118469
73625.072449
73662.994446
73701.506226
73738.875854
73774.927063
73811.854797
73849.802856
73888.418762
73925.723999
73961.782715
73998.801819
74036.748657
74075.299927
74112.516602
74148.569885
74185.683655
74223.603516
74262.194153
74299.414490
74335.491699
74372.780334
74410.773560
74449.270386
74486.358521
74522.485168
74559.987366
74598.044922
74636.550964
74673.370178
74709.527710
74747.184082
74785.425049
74823.653320
74860.296387
74896.786133
74934.734924
74973.050049
75010.917358
75047.364014
75084.249084
75122.256287
75160.681946
75198.273438
75234.611572
75271.865295
75309.793884
75348.246643
75385.448303
75421.715210
75459.339844
75497.441895
75535.784973
75572.526978
75608.991699
75646.970032
75685.253601
75723.194336
75759.587708
75796.648865
75834.570557
75873.077942
75910.606079
75946.985168
75984.318909
76022.408630
76060.914307
76098.087158
76134.418884
76172.145447
76210.338928
76248.592773
76285.270935
76321.977783
76359.873962
76398.297729
76436.056702
76472.536438
76509.482056
76547.433777
76585.849976
76623.384033
76659.605713
76696.792114
76734.799683
76773.372681
76810.637512
76846.852051
76884.325195
76922.446167
76960.965393
76997.871704
77034.130615
77071.895569
77110.088196
77148.331543
77185.016541
77221.473145
77259.499695
77297.833252
77335.756775
77372.241516
77409.049438
77447.024536
77485.433044
77523.168518
77559.626465
77596.724243
77634.658325
77673.206848
77710.627441
77746.923035
77784.256165
77822.389465
77860.980286
77898.074829
77934.332336
77971.958862
78010.142761
78048.418030
78085.107849
78121.666931
78159.658752
78197.971741
78235.782837
78272.136230
78309.281250
78347.187866
78385.700684
78423.072205
78459.435730
78496.808594
78534.780396
78573.283997
78610.333557
78646.551086
78684.179688
78722.422791
78760.688782
78797.321960
78833.809631
78871.679199
78909.845825
78947.860352
78984.319397
79021.528320
79059.307251
79097.872437
79135.259216
79171.564697
79208.928955
79246.901184
79285.425293
79322.338928
79358.555359
79396.280640
79434.348145
79472.577026
79509.106873
79545.650330
79583.599976
79621.854675
79659.726624
79696.083191
79733.117493
79771.037354
79809.433472
79846.936218
79883.199707
79920.570984
79958.500244
79997.004395
80034.085388
80070.291809
80107.880737
80146.054321
80184.299438
80220.855835
80257.343018
80295.330139
80333.603882
80371.404602
80407.747681
80444.884155
80482.720764
80521.229065
80558.588989
80594.789795
80632.276367
80670.360718
80708.825134
80745.634644
80781.999390
80819.829224
80858.207520
80896.105530
80932.578613
80969.551453
81007.540588
81045.956421
81083.503723
81119.891357
81157.139343
81195.166443
81233.714172
81270.852356
81307.068054
81344.529663
81382.644958
81420.999268
81457.729065
81494.115234
81531.870361
81570.178406
81608.118591
81644.634277
81681.481995
81719.393250
81757.782349
81795.543579
81831.746643
81869.028809
81906.987000
81945.519287
81982.732666
82019.008728
82056.546631
82094.684143
82133.119690
82169.898376
82206.221680
82244.002563
82282.346619
82320.352539
82356.869934
82393.699585
82431.506958
82469.935608
82507.531189
82543.890137
82580.953430
82618.930969
82657.441345
82694.676086
82730.901611
82768.328186
82806.403503
82844.944031
82881.698486
82918.010925
82955.739990
82993.936829
83032.045837
83068.549561
83105.389587
83143.173218
83181.689636
83219.384033
83255.801392
83292.952515
83330.830627
83369.473999
83406.554871
83442.885742
83480.088623
83518.202698
83556.739685
83593.692993
83629.855103
83667.309753
83705.495850
83743.758362
83780.350525
83816.800903
83854.530518
83892.909790
83930.833008
83967.236084
84004.039062
84041.941345
84080.301514
84117.972229
84154.366333
84191.382812
84229.251343
84267.782959
84305.054504
84341.356018
84378.528687
84416.571228
84455.077087
84492.066956
84528.292175
84565.805054
84603.889099
84642.287354
84679.044861
84715.344299
84753.048035
84791.298218
84829.381775
84865.981567
84902.401550
84940.315369
84978.542664
85016.408264
85052.874390
85089.655090
85127.363586
85165.888000
85203.548340
85239.885132
85276.806458
85314.697937
85353.144104
85390.582764
85426.851624
85463.965942
85501.843262
85540.454468
85577.636475
85613.919312
85651.195007
85689.193237
85727.798767
85764.721741
85800.955994
85838.554199
85876.714172
85914.905396
85951.450745
85987.978333
86025.840698
86064.154053
86101.955261
86138.297607
86175.227722
86213.113403
86251.573303
86289.173523
86325.319519
86362.523010
86400.356934
86438.919189
86476.136963
86512.281860
86549.730774
86587.749512
86626.367493
86663.134094
86699.398499
86737.033386
86775.186707
86813.525269
86850.107422
86886.637329
86924.500122
86962.808533
87000.703003
87037.059875
87073.908691
87111.770203
87150.170593
87187.840271
87224.185547
87261.589478
87299.481079
87338.144775
87375.153625
87411.415649
87449.225769
87487.451111
87525.559021
87562.060120
87598.955933
87636.916687
87675.371338
87712.991699
87749.252441
87786.556824
87824.525513
87863.064392
87900.081299
87936.265076
87974.012390
88012.162354
88050.161621
88086.673584
88123.502991
88161.391968
88199.729126
88237.255615
88273.560303
88310.828003
88348.851807
88387.337708
88424.285950
88460.556274
88498.276794
88536.400818
88574.441711
88610.846130
88647.798767
88685.687561
88724.015930
88761.571289
88797.748169
88835.100708
88873.012512
88911.510132
88948.582581
88984.816467
89022.611389
89060.737915
89098.795959
89135.339966
89172.044739
89209.968079
89248.323181
89285.978271
89322.228699
89359.388733
89397.221252
89435.752930
89472.942200
89509.151001
89546.662598
89584.661316
89623.150391
89659.798401
89696.164124
89733.894165
89772.188965
89810.024719
89846.351746
89883.235229
89921.076294
89959.471008
89997.015381
90033.154358
90070.352844
90108.231384
90146.729248
90184.012207
90220.146484
90257.640442
90295.565918
90334.084717
90370.776428
90406.965759
90444.751221
90482.883240
90520.973450
90557.420044
90594.018860
90631.888184
90670.158752
90707.909302
90744.130920
90781.149231
90818.978577
90857.454712
90894.881042
90931.029236
90968.325562
91006.302368
91044.803162
91081.936829
91118.028748
91155.676331
91193.777161
91232.141663
91268.677002
91305.029236
91342.884949
91381.197083
91419.097168
91455.363098
91492.285339
91530.211914
91568.567871
91606.178284
91642.334595
91679.486877
91717.463562
91755.945068
91793.140747
91829.249634
91866.836792
91904.876953
91943.331299
91979.965027
92016.211548
