121220.420776
121255.049011
121290.960938
121325.586914
121359.066772
121393.107788
121428.610596
121464.612671
121500.966492
121536.796265
121572.672913
121608.553894
121644.507629
121680.395752
121716.384399
121752.313599
121788.310608
121824.235657
121860.176880
121896.183105
121932.085327
121968.060730
122003.958313
122039.999878
122075.917419
122111.842529
122147.810791
122183.798645
122219.772522
122255.707153
122291.736877
122327.737488
122363.727051
122399.650513
122435.481201
122471.431152
122507.335938
122543.275024
122579.115356
122615.112305
122651.013062
122686.970947
122722.824219
122758.762024
122794.742065
122830.619446
122866.599182
122902.534424
122938.406982
122974.382202
123010.237976
123046.185974
123082.061035
123118.051147
123154.004944
123189.892212
123225.838440
123261.676025
123297.607910
123333.508301
123369.448303
123405.442871
123441.347595
123477.364990
123513.258362
123549.198853
123585.197144
123621.083679
123657.002747
123692.928894
123728.834839
123764.802002
123800.719116
123836.672424
123872.601257
123908.484314
123944.482849
123980.343872
124016.357788
124052.284546
124088.158752
124124.140564
124160.035889
124195.987488
124231.885681
124267.893555
124303.773132
124339.683960
124375.659424
124411.560669
124447.423279
124483.411865
124519.299744
124555.284546
124591.187622
124627.065918
124663.054443
124698.911621
124734.849304
124770.739319
124806.666931
124842.631836
124878.519409
124914.508423
124950.442688
124986.339233
125022.301331
125058.239563
125094.212280
125130.083679
125166.097046
125202.098999
125238.026123
125274.129761
125310.054749
125346.076050
125382.008240
125418.038086
125453.952881
125489.926758
125525.953247
125561.905945
125597.910034
125633.803894
125669.717590
125705.721252
125741.692200
125777.677551
125813.626709
125849.612549
125885.598083
125921.516846
125957.536987
125993.469788
126029.419495
126065.414246
126101.321899
126137.298767
126173.257507
126209.239075
126245.124268
126281.063354
126317.081482
126353.042419
126389.047607
126424.938110
126460.934387
126496.869446
126532.854187
126568.807434
126604.748474
126640.765625
126676.692749
126712.674011
126748.580139
126784.554810
126820.553650
126856.545654
126892.534363
126928.500427
126964.477112
127000.417786
127036.300903
127072.303345
127108.179077
127144.225281
127180.139282
127216.141968
127252.041931
127287.918152
127323.812134
127359.699829
127395.681946
127431.574829
127467.541809
127503.488586
127539.405212
127575.412537
127611.337097
127647.330078
127683.277588
127719.250916
127755.169922
127791.163086
127827.086426
127862.961426
127898.926697
127934.842773
127970.788757
128006.680603
128042.585938
128078.579834
128114.465637
128150.479675
128186.393677
128222.380127
128258.314331
128294.194641
128330.151917
128366.087524
128402.059082
128437.970642
128473.866028
128509.911011
128545.868652
128581.849731
128617.800049
128653.867920
128689.787842
128725.740295
128761.718140
128797.665283
128833.670776
128869.575745
128905.632874
128941.571899
128977.567444
129013.539429
129049.446045
129085.473145
129121.414795
129157.420349
129193.350647
129229.294006
129265.263611
129301.185547
129337.186707
129373.130005
129409.118713
129445.009949
129480.907532
129516.927246
129552.870728
129588.835693
129624.690369
129660.666504
129696.670471
129732.609436
129768.618103
129804.560181
129840.526733
129876.423218
129912.378906
129948.283997
129984.239319
130020.138733
130056.037964
130092.035645
130127.973389
130163.952576
130199.872437
130235.891479
130271.875977
130307.836487
130343.869995
130379.854004
130415.782654
130451.726624
130487.777466
130523.763794
130559.777771
130595.714661
130631.718079
130667.638428
130703.637756
130739.570068
130775.506775
130811.507385
130847.466187
130883.462708
130919.368774
130955.348877
130991.281067
131027.186279
131063.134827
131099.045837
131135.026611
131170.932922
131206.901306
131242.919983
131278.817017
131314.812012
131350.703796
131386.671509
131422.588928
131458.880066
131495.306824
131531.874939
131568.353699
131604.880493
131641.301147
131677.794495
131714.355652
131750.846069
131787.405273
131823.885315
131860.396179
131896.825562
131933.349670
131969.789124
132006.281982
132042.716675
132079.126343
132115.645630
132152.057617
132188.515686
132224.881897
132261.332947
132297.658813
132334.086792
132370.410461
132406.830139
132443.187012
132479.614868
132515.950134
132552.373413
132588.728638
132625.060242
132661.456116
132697.817139
132734.254944
132770.584961
132807.017212
132843.339111
132879.743347
132916.070312
132952.464355
132988.827698
133025.257874
133061.596375
133098.039001
133134.418396
133170.771667
133207.199585
133243.546631
133279.987244
133316.328369
133352.737976
133389.037964
133425.443420
133461.805725
133498.221680
133534.562744
133570.917114
133607.410461
133643.784546
133680.274902
133716.700073
133753.177979
133789.576599
133826.079651
133862.512817
133898.994873
133935.427307
133971.820374
134008.331055
134044.755127
134081.259827
134117.648560
134154.136475
134190.570374
134227.068726
134263.479431
134299.950378
134336.333557
134372.748962
134409.113159
134445.486389
134481.922913
134518.246033
134554.612488
134590.939880
134627.331238
134663.645508
134699.972595
134736.406250
134772.761414
134809.170471
134845.488403
134881.946167
134918.297852
134954.720520
134991.106079
135027.534607
135063.873413
135100.245605
135136.578979
135172.918030
135209.324463
135245.751526
135282.252930
135318.689941
135355.161560
135391.568909
135427.952393
135464.450500
135500.862610
135537.367065
135573.789368
135610.307312
135646.711731
135683.197571
135719.600891
135756.098816
135792.508972
135828.907898
135865.384094
135901.519897
135937.670593
135974.011169
136010.396729
136046.744202
136083.172363
136119.531250
136155.929749
136192.309875
136228.743835
136265.097961
136301.494080
136337.843872
136374.172241
136410.653015
136447.060425
136483.546387
136519.989807
136556.477295
136592.870239
136629.359436
136665.786011
136702.200745
136738.683716
136775.107239
136811.626160
136848.019531
136884.487488
136920.909912
136957.375122
136993.805176
137030.291809
137066.409180
137101.655396
137137.886658
137173.558960
137209.422119
137245.220398
137281.056458
137316.853943
137352.715881
137388.519287
137424.316528
137460.047974
137495.896606
137531.696472
137567.502747
137603.322815
137639.082703
137674.914124
137710.699341
137746.531311
137782.326355
137818.151733
137853.933838
137889.718994
137925.562500
137961.333984
137997.147644
138032.915710
138068.754150
138104.529907
138140.303955
138176.159058
138211.976868
138247.848267
138283.686951
138319.575745
138355.382690
138391.235413
138427.030945
138462.880249
138498.724792
138534.620605
138570.440125
138606.234009
138642.092407
138677.919617
138713.823059
138749.661926
138785.542969
138821.395203
138857.182556
138893.061157
138928.851318
138964.731873
139000.535522
139036.394653
139072.224548
139108.126770
139143.923950
139179.750854
139215.632080
139251.496216
139287.391357
139323.247803
139359.164734
139395.010986
139430.915771
139466.744385
139502.578247
139538.496826
139574.408081
139610.275696
139646.183044
139682.118958
139717.968506
139753.906555
139789.804382
139825.739502
139861.651367
139897.501587
139933.461121
139969.358948
140005.330322
140041.180115
140077.146301
140112.994385
140148.882629
140184.839966
140220.758606
140256.743652
140292.663940
140328.543701
140364.521667
140400.479553
140436.365479
140472.307678
140508.194275
140544.061218
140580.002075
140615.900696
140651.880981
140687.724548
140723.590454
140759.547852
140795.518921
140831.386047
140867.260071
140903.211365
140939.110291
140975.077026
141010.928772
141046.881958
141082.775574
141118.651123
141154.619141
141190.504456
141226.490662
141262.372009
141298.356689
141334.208008
141370.183777
141406.071167
141441.949158
141477.888855
141513.768311
141549.672424
141585.554260
141621.419312
141657.368774
141693.259827
141729.196228
141765.085266
141801.020996
141836.979309
141872.853577
141908.817261
141944.739807
141980.667969
142016.619812
142052.496216
142088.431763
142124.317078
142160.223572
142196.180176
142232.121887
142268.102966
