12007.683350
12042.197510
12078.153687
12112.757324
12146.358887
12182.020264
12217.797791
12253.760132
12289.571960
12325.203979
12360.700928
12396.145569
12431.541931
12466.935364
12502.567139
12538.257507
12574.040100
12609.772217
12645.581848
12681.223999
12717.018005
12752.697021
12788.420166
12824.232422
12860.019470
12895.914612
12931.641724
12967.335571
13002.788452
13038.348206
13073.858398
13109.416504
13145.069641
13180.667114
13216.284973
13251.861755
13287.434448
13322.962036
13358.549072
13394.069580
13429.615540
13465.313599
13500.899597
13536.463501
13572.010132
13607.522278
13643.148743
13678.618835
13714.210754
13749.793030
13785.370850
13821.017639
13856.562439
13892.205627
13927.732117
13963.291748
13998.810791
14034.400146
14069.945923
14105.529175
14141.045166
14176.591797
14212.208984
14247.750732
14283.341248
14318.910156
14354.538879
14390.127197
14425.800476
14461.390137
14497.084839
14532.701660
14568.286133
14604.089050
14639.765076
14675.499329
14711.151062
14746.781860
14782.420410
14817.945312
14853.528748
14889.066162
14924.646423
14960.316528
14995.921753
15031.599243
15067.182739
15102.860413
15138.451416
15174.056274
15209.776428
15245.407349
15281.196655
15316.890930
15352.676208
15388.398315
15424.212524
15460.162415
15495.988525
15531.882568
15567.721985
15603.484558
15639.203918
15674.941528
15710.746887
15746.480713
15782.075256
15817.684998
15853.435425
15889.090210
15924.831177
15960.458740
15996.046265
16031.748657
16067.372559
16103.049377
16138.696594
16174.354919
16210.142456
16245.850891
16281.626404
16317.299744
16353.030212
16388.699585
16424.363708
16460.134460
16495.752625
16531.440063
16567.061646
16602.752869
16638.347412
16674.022522
16709.637024
16745.306885
16780.941528
16816.511292
16852.204651
16887.814087
16923.456909
16959.093872
16994.748779
17030.313904
17066.055237
17101.616943
17137.265991
17172.878662
17208.490173
17244.202881
17279.803406
17315.447693
17351.042053
17386.677307
17422.305664
17457.973267
17493.587097
17529.167969
17564.891296
17600.568848
17636.244873
17671.799194
17707.479248
17743.061768
17778.640686
17814.298401
17849.862732
17885.603638
17921.247498
17957.098572
17992.946289
18028.757935
18064.436218
18100.157166
18135.800293
18171.540894
18207.154236
18242.783386
18278.563904
18314.256592
18350.023499
18385.720032
18421.507874
18457.210022
18492.971497
18528.685669
18564.409363
18599.980103
18635.598328
18671.197144
18706.660095
18742.233032
18777.824707
18813.502686
18849.084717
18884.800781
18920.321533
18955.986511
18991.594543
19027.254883
19062.934814
19098.523071
19134.260559
19169.899353
19205.563904
19241.180847
19276.894470
19312.615112
19348.035828
19383.658081
19419.259399
19455.091309
19491.014893
19526.390259
19561.586792
19596.562805
19631.572998
19666.468872
19701.450745
19736.452454
19771.557556
19806.625000
19841.621887
19876.735046
19911.753418
19946.746216
19981.773621
20016.697021
20051.579102
20086.465393
20121.318604
20156.283142
20191.766174
20227.530884
20262.655823
20298.689880
20334.611511
20370.559814
20406.665771
20442.755920
20478.829468
20514.671509
20550.774719
20586.779297
20622.955505
20658.622681
20694.356018
20729.977966
20765.668030
20801.290833
20836.953003
20872.670410
20908.285034
20943.944275
20979.578308
21015.272217
21050.851501
21086.410767
21122.057495
21157.620605
21193.196289
21228.597595
21263.940063
21299.421082
21335.108215
21370.638611
21406.344482
21442.183655
21477.381104
21512.905945
21548.316284
21583.653992
21619.120728
21654.713745
21690.463501
21726.142334
21761.747070
21797.281006
21832.982971
21868.787720
21904.939026
21940.703308
21976.539551
22012.685364
22048.941528
22084.839050
22121.031189
22157.229065
22192.813660
22226.708679
22259.410400
22294.707520
22329.780884
22364.815369
22397.276855
22433.001221
22468.607056
22504.387451
22540.249023
22576.154663
22611.856201
22647.480957
22683.307495
22718.765686
22754.207947
22790.172241
22826.310181
22862.204041
22897.987549
22933.856018
22969.710693
23005.681641
23041.677002
23077.530884
23113.772644
23149.785156
23185.769287
23221.793457
23257.879639
23293.965149
23329.977356
23366.100769
23402.212158
23438.219543
23474.228821
23510.472534
23546.369263
23582.299255
23618.268799
23654.385437
23690.415894
23726.428589
23762.683411
23798.705017
23834.701904
23870.854065
23906.936401
23942.913696
23978.967834
24015.106934
24051.190063
24087.123169
24123.073547
24159.317749
24195.267395
24231.326111
24267.509094
24303.523682
24339.552856
24375.494080
24411.678345
24447.616882
24483.531128
24519.753845
24555.730530
24591.822632
24627.818359
24663.969116
24700.021057
24736.209473
24772.234070
24808.478821
24844.489319
24880.538391
24916.758484
24952.856445
24988.787537
25024.868286
25060.975891
25096.807922
25132.935303
25169.119812
25205.140015
25241.070251
25277.014160
25313.225647
25349.237671
25385.300964
25421.489624
25457.483704
25493.529968
25529.550598
25565.770325
25601.763245
25637.726868
25673.909607
25709.909912
25745.882812
25781.920044
25817.982056
25854.035645
25889.969421
25926.113892
25962.133362
25998.055481
26034.102600
26070.145264
26106.076050
26141.963440
26178.104553
26214.095337
26250.032837
26285.987915
26322.094299
26357.978333
26393.966614
26430.136475
26466.188965
26502.186462
26538.139282
26574.338074
26610.293335
26646.292358
26682.378418
26718.348816
26754.328735
26790.314758
26826.406616
26862.420959
26898.369446
26934.564636
26970.481995
27006.378418
27042.479553
27078.497864
27114.490906
27150.407532
27186.603455
27222.525208
27258.393066
27294.384644
27330.470703
27366.473022
27402.403198
27438.528381
27474.539917
27510.375183
27546.288269
27582.458435
27618.375122
27654.395691
27690.526611
27726.436646
27762.433777
27798.423767
27834.502808
27870.340332
27906.267273
27942.282654
27978.384827
28014.376343
28050.337402
28086.422058
28122.508423
28158.428284
28194.432007
28230.447021
28266.422241
28302.244019
28338.322266
28374.432678
28410.350220
28446.249573
28482.396667
28518.299011
28554.226013
28590.167236
28626.227478
28662.156677
28698.072021
28734.239929
28770.160217
28806.148560
28842.163330
28878.206482
28914.118042
28949.951050
28986.106750
29021.991272
29057.922668
29093.928223
29130.011292
29165.997681
29201.933899
29238.119812
29274.006592
29309.903992
29345.916321
29382.006653
29417.976990
29453.926819
29490.061340
29526.060974
29561.986694
29598.012268
29634.102539
29670.050049
29706.092285
29742.191223
29778.139648
29813.991638
29850.015015
29886.142761
29922.063171
29958.070190
29994.231384
30030.273865
30066.238220
30102.186401
30138.346375
30174.241882
30210.139954
30246.302063
30282.282104
30318.292542
30354.236755
30390.388794
30426.231262
30462.065979
30498.068726
30534.148010
30570.066772
30606.008118
30642.085999
30677.975159
30713.900208
30749.964050
30786.008057
30821.894836
30857.823303
30893.897156
30929.783325
30965.785156
31001.781250
31037.910461
31073.820496
31109.730591
31145.897400
31181.784180
31217.692810
31253.727661
31289.725098
31325.716431
31361.659180
31397.818970
31433.756470
31469.660339
31505.714905
31541.727600
31577.750366
31613.707031
31649.855164
31685.910400
31721.872009
31757.972900
31794.083374
31830.025452
31866.078003
31902.093140
31938.064636
31974.100342
32010.178894
32046.333374
32082.301941
32118.291992
32154.523132
32190.441772
32226.439575
32262.422729
32298.475037
32334.486145
32370.397949
32406.523438
32442.496399
32478.381470
32514.444641
32550.521362
32586.414001
32622.435303
32658.596069
32694.654175
32730.621094
32766.650146
32802.710571
32838.621521
32874.607666
32910.513977
32946.622437
32982.651855
33018.563721
33054.735168
33090.672607
33126.607605
33162.473389
33198.542908
33234.582581
33270.502319
33306.541199
33342.629761
33378.530151
33414.533508
33450.579712
33486.579529
33522.523254
33558.641602
33594.691589
33630.622864
33666.653931
33702.781433
33738.737610
33774.769592
33810.901917
33846.852356
33882.899841
33918.907471
33954.978271
33990.902893
34026.763672
34062.884155
34098.802002
34134.681396
34170.708252
34206.729248
34242.700562
34278.616638
34314.810791
34350.690674
34386.615356
34422.711060
34458.706665
34494.598328
34530.631104
34566.744873
34602.693604
34638.679260
34674.719116
34710.829285
34746.751160
34782.731567
34818.835754
34854.757568
34890.744873
34926.902100
34962.909668
34998.778931
35034.667847
35070.878113
35106.851807
35142.864929
35178.907043
35214.970520
35251.024658
35287.028870
35323.208740
35359.127319
35395.094727
35431.115295
35467.268433
35503.248962
35539.260559
35575.430420
35611.325562
35647.159119
35683.245911
35719.350769
35755.384583
35791.366821
35827.475464
35863.513367
35899.460205
35935.587952
35971.652954
36007.609070
36043.661743
36079.829651
36115.829224
36151.826599
36187.943604
36223.936523
36259.887695
36295.837585
36332.034607
36367.965027
36404.011475
36440.150574
36476.081055
36512.145935
36548.145935
36584.287598
36620.246033
36656.251038
36692.416016
36728.388672
36764.382446
36800.436462
36836.558838
36872.506042
36908.469543
36944.655518
36980.612366
37016.637878
37052.636230
37088.714661
37124.740173
37160.658081
37196.822815
37232.760559
37268.773254
37304.784729
37340.850647
37376.852051
37412.796204
37448.964478
37484.933777
37520.942932
37557.011780
37593.127625
37629.185547
37665.195801
37701.422241
37737.297546
37773.295593
37809.316772
37845.446411
37881.425964
37917.441772
37953.452393
37989.657776
38025.578735
38061.453491
38097.663391
38133.674316
38169.704468
38205.704468
38241.805115
38277.902893
38313.860779
38350.050598
38386.039124
38422.081177
38458.065125
38494.134094
38530.140442
38566.099121
38602.285461
38638.345642
38674.328613
38710.435669
38746.598328
38782.578796
38818.692566
38854.846741
38890.814880
38926.847900
38962.929688
38999.010010
39035.052490
39071.027283
39107.244446
39143.223999
39179.172485
39215.322327
39251.418457
39287.466125
39323.426025
39359.521790
39395.520691
39431.459717
39467.684875
39503.629150
39539.586914
39575.639587
39611.732178
39647.785400
39683.731201
39719.962097
39755.932556
39791.895874
39827.944519
39864.098450
39900.114807
39936.092163
39972.220947
40008.255920
40044.224060
40080.295837
40116.416504
40152.418579
40188.467712
40224.647522
40260.573242
40296.582947
40332.542114
40368.732483
40404.740112
40440.782776
40477.054199
40513.028442
40549.020020
40585.016113
40621.112732
40657.147522
40693.155518
40729.398254
40765.403198
40801.361694
40837.452820
40873.474182
40909.465454
40945.566406
40981.709961
41017.808105
41053.772766
41089.912781
41125.968933
41161.939758
41197.977173
41234.163574
41270.155396
41306.263306
41342.497620
41378.541138
41414.614197
41450.651550
41486.851196
41522.840942
41558.861450
41595.132996
41631.061584
41667.054626
41703.022095
41739.140381
41775.220703
41811.201416
41847.450684
41883.477051
41919.504944
41955.678162
41991.807373
42027.870972
42063.845459
42099.986633
42136.012878
42171.994751
42208.048462
42244.192322
42280.133850
42316.195190
42352.401001
42388.453674
42424.473877
42460.594116
42496.813049
42532.848755
42568.911255
42605.231812
42641.093689
42677.180420
42713.140137
42749.408203
42785.378357
42821.304810
42857.428162
42893.627563
42929.747009
42965.758728
43001.995422
43038.158508
43074.225830
43110.372375
43146.536499
43182.547424
43218.681274
43254.862610
43291.004211
43327.063965
43363.164673
43399.397522
43435.448242
43471.466675
43507.682556
43543.727539
43579.780884
43615.879272
43651.976562
43688.059509
43724.053650
43760.233826
43796.313354
43832.321045
43868.583862
43904.570740
43940.663391
43976.716248
44012.893188
44048.965027
44084.975952
44121.156128
44157.255859
44193.239136
44229.341431
44265.535461
44301.454346
44337.617859
44373.842712
44409.907104
44445.920837
44482.033447
44518.146057
44554.161255
44590.239441
44626.417786
44662.494629
44698.489136
44734.569885
44770.843323
44806.851074
44842.940979
44879.123413
44915.191345
44951.171143
44987.271484
45023.463562
45059.503845
45095.630249
45131.804565
45167.815857
45203.873108
45240.015991
45276.113464
45312.083191
45348.174744
45384.293945
45420.287598
45456.316772
45492.425232
45528.594238
45564.605164
45600.646729
45636.896606
45672.840942
45708.899170
45745.005310
45781.021606
45817.075623
45853.098755
45889.281616
45925.278137
45961.274109
45997.521729
46033.561340
46069.650635
46105.689819
46141.910522
46177.924805
46213.928406
46250.165527
46286.172729
46322.143372
46358.299133
46394.446960
46430.506836
46466.514038
46502.740295
46538.742737
46574.694214
46610.763672
46646.804138
46682.819336
46718.840271
46755.085388
46791.080872
46827.065430
46863.256348
46899.332581
46935.352234
46971.317749
47007.421082
47043.471375
47079.481262
47115.645325
47151.698425
47187.730164
47223.825684
47260.009033
47296.057007
47332.041748
47368.260437
47404.383118
47440.393738
47476.464722
47512.717407
47548.614380
47584.653625
47620.692871
47656.970276
47692.973145
47729.040100
47765.126343
47801.293884
47837.368469
47873.344238
47909.559448
47945.535828
47981.480896
48017.503967
48053.656616
48089.653564
48125.726929
48161.911499
48197.975891
48233.999573
48270.091003
48306.304932
48342.287598
48378.285095
48414.510681
48450.490417
48486.517273
48522.636169
48558.719055
48594.777344
48630.742371
48666.964050
48702.928711
48738.979004
48775.157471
48811.197205
48847.262085
48883.238159
48919.446472
48955.460754
48991.539612
49027.727905
49063.772339
49099.854248
49135.887146
49172.104431
49208.077942
49244.076172
49280.324158
49316.325745
49352.400635
49388.448303
49424.587402
49460.640442
49496.610718
49532.786316
49568.863831
49604.821777
49640.893616
49677.105408
49713.081238
49749.139648
49785.311401
49821.270752
49857.308472
49893.357788
49929.461487
49965.541809
50001.523865
50037.751465
50073.705139
50109.680969
50145.872314
50181.959839
50218.059753
50254.096008
50290.300354
50326.401611
50362.381836
50398.537354
50434.575256
50470.560974
50506.684265
50542.901062
50578.919006
50615.018799
50651.221802
50687.313782
50723.320923
50759.322510
50795.565674
50831.576050
50867.677612
50903.846558
50939.852722
50975.959412
51011.984741
51048.179993
51084.192444
51120.149841
51156.360901
51192.353760
51228.324097
51264.455994
51300.566895
51336.638184
51372.671448
51408.884399
51444.974304
51480.928284
51517.060852
51553.097900
51589.071899
51625.144592
51661.322510
51697.281494
51733.283386
51769.307251
51805.449890
51841.423279
51877.417480
51913.643372
51949.629639
51985.646423
52021.806580
52057.894409
52093.986267
52130.036377
52166.262207
52202.248535
52238.239685
52274.422913
52310.528870
52346.523132
52382.626892
52418.870178
52454.819336
52490.828491
52526.881775
52563.178345
52599.208252
52635.301575
52671.410156
52707.569641
52743.615051
52779.547180
52815.779053
52851.821045
52887.832153
52923.999084
52960.097900
52996.167847
53032.213196
53068.352356
53104.448669
53140.452759
53176.602600
53212.675110
53248.639038
53284.737671
53320.944580
53357.059387
53393.091797
53429.296570
53465.399048
53501.428406
53537.513550
53573.662231
53609.651306
53645.682007
53681.856689
53717.945068
53753.952332
53790.028015
53826.175781
53862.132324
53898.196594
53934.355408
53970.389832
54006.419617
54042.441284
54078.678528
54114.689148
54150.765442
54186.924255
54222.910706
54258.982483
54295.066956
54331.153809
54367.223145
54403.212524
54439.444702
54475.416687
54511.441589
54547.511597
54583.659180
54619.690063
54655.635437
54691.840637
54727.828308
54763.777527
54799.879395
54835.954163
54872.007935
54908.033020
54944.239502
54980.275391
55016.262268
55052.409973
55088.505676
55124.515076
55160.591064
55196.721497
55232.773193
55268.734192
55304.941895
55340.936279
55376.866394
55412.878723
55449.015198
55484.989014
55521.015686
55557.172180
55593.238892
55629.217529
55665.303894
55701.452271
55737.465271
55773.537964
55809.699341
55845.752319
55881.732788
55917.792786
55953.966980
55989.949158
56026.013489
56062.127869
56098.168884
56134.116882
56170.159119
56206.288940
56242.247803
56278.294739
56314.368896
56350.335815
56386.329041
56422.353882
56458.461304
56494.389893
56530.351868
56566.506714
56602.453613
56638.374512
56674.552734
56710.540955
56746.545349
56782.496460
56818.621521
56854.648132
56890.615295
56926.807678
56962.781555
56998.730530
57034.778381
57070.898987
57106.867371
57142.797791
57179.030579
57214.983948
57250.909607
57286.942627
57323.024170
57358.943542
57394.913208
57430.919617
57467.163757
57503.131226
57539.062317
57575.220337
57611.248169
57647.259644
57683.224487
57719.369141
57755.424744
57791.335876
57827.441345
57863.433899
57899.410095
57935.316528
57971.465149
58007.395691
58043.300659
58079.358887
58115.437988
58151.434753
58187.362854
58223.481812
58259.522583
58295.443604
58331.603149
58367.633301
58403.546387
58439.569153
58475.671265
58511.541199
58547.535950
58583.652893
58619.675354
58655.619202
58691.606812
58727.771362
58763.738281
58799.689514
58835.894104
58871.841797
58907.890930
58943.940430
58979.952087
59015.941467
59051.866516
59087.962402
59123.940247
59159.813904
59195.874329
59231.893311
59267.781189
59303.808472
59339.884338
59375.888000
59411.795166
59447.794739
59483.948181
59519.831360
59555.776794
59591.920715
59627.817017
59663.781921
59699.814514
59735.795959
59771.804871
59807.721741
59843.836792
59879.834473
59915.747681
59951.903992
59987.835571
60023.798035
60059.725220
60095.766846
60131.669067
60167.505371
60203.594543
60239.588989
60275.589905
60311.560364
60347.683655
60383.679504
60419.591492
60455.709167
60491.716248
60527.619934
60563.613831
60599.684204
60635.675781
60671.547974
60707.618652
60743.615601
60779.496643
60815.450012
60851.589050
60887.502808
60923.470032
60959.493896
60995.424866
61031.320251
61067.264954
61103.295105
61139.288086
61175.187317
61211.351868
61247.262756
61283.150635
61319.221863
61355.196594
61391.143188
61427.069458
61463.147278
61499.138245
61535.024658
61571.077881
61607.111206
61643.014160
61679.004883
61715.060730
61750.959473
61786.962463
61823.054199
61858.938293
61894.895630
61930.789368
61966.880066
62002.731201
62038.588379
62074.748474
62110.629333
62146.500671
62182.500244
62218.515198
62254.388367
62290.305359
62326.213135
62362.338440
62398.195923
62434.138733
62470.186523
62506.231873
62542.151978
62578.064697
62614.226257
62650.183228
62686.157715
62722.248962
62758.200623
62794.194336
62830.127258
62866.235291
62902.237610
62938.179626
62974.299622
63010.293213
63046.188660
63082.194031
63118.243774
63154.224854
63190.129700
63226.215576
63262.210999
63298.102173
63334.078796
63370.142151
63406.017883
63441.881531
63477.967773
63513.856873
63549.826172
63585.796753
63621.809326
63657.802979
63693.726929
63729.826599
63765.829651
63801.741089
63837.795471
63873.858582
63909.749329
63945.720703
63981.873840
64017.754883
64053.678833
64089.856506
64125.791260
64161.781128
64197.706970
64233.802612
64269.765808
64305.689026
64341.794250
64377.847839
64413.788452
64449.768799
64485.835999
64521.817688
64557.713623
64593.832886
64629.785889
64665.684143
64701.661194
64737.680786
64773.523987
64809.475525
64845.548279
64881.476440
64917.473755
64953.470154
64989.604797
65025.555908
65061.499573
65097.643066
65133.573181
65169.486694
65205.567322
65241.590088
65277.608276
65313.529907
65349.603027
65385.603149
65421.533875
65457.692871
65493.692444
65529.672974
65565.724060
65601.831360
65637.825989
65673.765259
65709.916748
65745.999268
65781.990784
65817.994324
65854.178772
65890.067932
65925.989136
65962.117249
65998.159546
66034.181885
66070.175354
66106.372375
66142.322632
66178.301697
66214.515503
66250.463684
66286.452637
66322.417969
66358.628357
66394.594971
66430.574097
66466.827209
66502.812256
66538.847168
66574.839722
66610.972412
66647.042053
66683.028625
66719.245850
66755.212402
66791.185669
66827.280090
66863.348816
66899.410583
66935.404907
66971.561218
67007.546265
67043.445923
67079.480591
67115.517700
67151.514648
67187.517761
67223.517395
67259.783081
67295.774536
67331.789368
67367.937927
67403.926514
67439.950195
67475.886902
67512.003174
67548.052551
67584.023682
67620.243835
67656.207886
67692.188965
67728.254456
67764.390076
67800.396484
67836.366272
67872.499023
67908.513977
67944.458435
67980.520996
68016.523132
68052.629211
68088.593628
68124.671997
68160.665588
68196.569153
68232.642517
68268.713928
68304.648193
68340.694397
68376.821594
68412.847534
68448.869812
68484.940002
68521.087341
68557.074402
68593.044495
68629.279175
68665.225342
68701.212952
68737.437378
68773.383728
68809.395569
68845.353455
68881.550659
68917.516418
68953.492737
68989.749817
69025.668457
69061.584106
69097.617676
69133.705688
69169.739746
69205.721924
69242.031921
69278.033264
69313.998169
69350.051514
69386.177002
69422.143555
69458.205444
69494.321045
69530.324097
69566.270325
69602.287720
69638.504761
69674.426208
69710.479187
69746.610901
69782.553894
69818.565857
69854.617615
69890.738647
69926.670715
69962.547546
69998.635681
70034.536560
70070.549927
70106.590210
70142.691040
70178.736938
70214.667419
70250.948303
70286.943115
70322.914978
70359.065979
70395.106201
70431.196228
70467.208008
70503.447815
70539.461243
70575.471619
70611.735779
70647.743225
70683.823975
70719.869995
70756.021118
70792.120239
70828.122009
70864.386169
70900.339478
70936.243774
70972.251282
71008.399658
71044.447632
71080.453735
71116.669189
71152.671326
71188.677185
71224.830566
71260.990295
71297.023499
71333.095276
71369.316406
71405.371399
71441.293640
71477.312744
71513.523621
71549.529785
71585.536133
71621.752625
71657.726257
71693.800781
71729.896179
71766.035217
71802.025635
71837.964172
71874.167114
71910.081238
71946.129211
71982.195190
72018.229126
72054.190735
72090.183472
72126.296265
72162.471863
72198.540894
72234.549927
72270.844604
72306.884705
72342.877686
72378.933655
72415.110657
72451.161926
72487.169678
72523.366150
72559.413269
72595.389343
72631.515442
72667.651245
72703.619812
72739.705017
72775.841187
72811.893005
72847.853577
72883.902222
72920.043396
72956.059570
72992.108521
73028.269104
73064.266785
73100.209412
73136.262939
73172.428711
73208.425537
73244.507385
73280.705627
73316.711365
73352.751221
73388.834900
73424.944275
73460.903137
73496.907898
73533.093506
73569.044556
73605.052490
73641.163696
73677.206665
73713.206177
73749.278259
73785.430420
73821.428711
73857.461609
73893.651550
73929.720337
73965.718689
74001.741760
74037.942749
74073.910767
74109.951660
74146.162842
74182.167969
74218.201416
74254.203430
74290.397766
74326.405579
74362.427673
74398.670044
74434.660156
74470.723999
74506.744324
74542.871765
74578.911804
74614.884644
74651.104309
74687.029053
74723.027649
74759.044067
74795.177368
74831.244995
74867.245483
74903.505005
74939.511353
74975.557251
75011.632324
75047.749146
75083.805176
75119.787537
75155.985474
75191.973877
75227.954895
75264.153503
75300.221863
75336.320740
75372.345154
75408.494446
75444.554199
75480.527222
75516.767212
75552.767151
75588.761780
75624.882019
75661.041748
75697.094421
75733.097717
75769.274780
75805.308350
75841.307190
75877.446472
75913.606995
75949.673340
75985.680420
76021.860535
76057.938293
76093.914795
76130.081726
76166.197144
76202.223083
76238.306213
76274.492554
76310.568359
76346.576416
76382.754456
76418.844604
76454.927795
76490.967651
76527.125671
76563.219299
76599.184448
76635.397888
76671.408142
76707.458679
76743.484924
76779.621521
76815.672607
76851.661438
76887.836792
76923.878906
76959.881592
76995.957275
77032.058228
77068.231873
77104.209595
77140.226135
77176.433350
77212.490662
77248.530579
77284.622375
77320.688599
77356.750061
77392.778625
77428.921509
77464.999695
77500.977234
77537.216980
77573.191284
77609.240967
77645.257751
77681.418335
77717.502747
77753.514160
77789.743591
77825.727234
77861.710999
77897.815430
77933.921814
77969.954041
78005.959656
78042.112366
78078.175842
78114.127930
78150.208374
78186.410156
78222.429993
78258.527222
78294.659607
78330.710327
78366.655579
78402.746155
78438.833435
78474.851135
78510.938477
78547.043274
78583.127502
78619.067932
78655.158936
78691.300781
78727.232117
78763.266907
78799.408386
78835.395813
78871.373840
78907.474670
78943.575439
78979.579773
79015.599121
79051.889282
79087.865295
79123.886780
79159.942871
79196.023438
79231.979858
79267.952026
79304.171692
79340.138794
79376.147339
79412.371094
79448.369385
79484.388000
79520.368286
79556.507385
79592.559265
79628.534607
79664.786987
79700.752136
79736.679199
79772.746887
79808.858398
79844.884583
79880.899536
79917.045532
79953.095398
79989.082764
80025.135681
80061.200378
80097.108276
80133.049622
80169.216675
80205.219360
80241.193665
80277.295044
80313.413757
80349.388672
80385.457458
80421.597168
80457.685608
80493.638794
80529.722961
80565.921326
80601.916748
80637.972107
80674.106506
80710.177917
80746.196411
80782.322266
80818.513428
80854.535156
80890.671875
80926.859192
80962.901733
80998.966675
81035.132446
81071.236267
81107.243469
81143.249390
81179.527344
81215.499878
81251.589294
81287.800476
81323.815247
81359.901123
81395.959106
81432.192200
81468.158020
81504.229187
81540.372559
81576.363464
81612.413330
81648.467896
81684.632568
81720.612732
81756.639832
81792.721252
81828.672485
81864.757263
81900.751282
81936.945557
81973.051636
82009.038513
82045.105469
82081.283325
82117.362854
82153.319092
82189.429443
82225.494324
82261.485657
82297.434387
82333.594055
82369.623474
82405.601746
82441.775635
82477.864746
82513.907349
82549.923035
82586.110291
82622.109253
82658.080750
82694.307129
82730.270081
82766.229553
82802.289551
82838.427124
82874.440979
82910.411377
82946.615967
82982.615540
83018.619873
83054.676392
83090.813965
83126.874268
83162.835754
83198.966431
83234.985229
83270.924927
83307.040833
83343.166565
83379.128601
83415.222778
83451.431274
83487.518250
83523.528503
83559.616516
83595.768921
83631.779175
83667.845886
83704.036804
83740.109924
83776.091431
83812.188904
83848.325623
83884.296387
83920.346313
83956.525146
83992.494019
84028.508118
84064.584595
84100.703247
84136.686218
84172.744080
84208.937744
84244.910889
84280.983337
84317.133240
84353.132202
84389.179077
84425.161743
84461.331970
84497.291504
84533.246216
84569.472717
84605.453064
84641.442688
84677.513062
84713.609863
84749.657837
84785.647339
84821.761902
84857.835632
84893.789551
84929.901917
84965.955444
85001.953552
85037.986023
85074.119446
85110.151855
85146.088928
85182.136353
85218.250488
85254.174744
85290.179321
85326.404846
85362.389526
85398.478638
85434.625977
85470.642334
85506.694519
85542.701355
85578.913147
85614.882751
85650.861633
85687.064941
85723.035522
85759.086792
85795.086304
85831.221863
85867.287354
85903.243225
85939.427246
85975.412170
86011.413391
86047.554749
86083.784180
86119.783020
86155.879211
86192.062561
86228.087524
86264.128113
86300.174500
86336.183289
86372.194092
86408.149780
86444.372375
86480.327271
86516.333069
86552.388672
86588.449768
86624.509766
86660.515015
86696.813049
86732.715576
86768.680908
86804.740479
86840.935425
86876.966003
86913.045776
86949.127747
86985.332825
87021.328735
87057.316956
87093.533508
87129.544922
87165.562805
87201.597717
87237.683899
87273.709656
87309.706421
87345.924805
87381.862732
87417.807251
87453.994080
87490.068237
87526.134705
87562.140991
87598.262939
87634.320862
87670.270325
87706.343384
87742.449036
87778.406616
87814.497437
87850.615601
87886.670898
87922.619507
87958.773743
87994.835327
88030.818726
88066.896423
88103.031555
88138.973938
88175.009583
88211.092041
88247.087585
88283.013306
88318.993164
88355.147461
88391.079285
88427.095215
88463.222473
88499.217102
88535.184570
88571.158508
88607.352295
88643.323792
88679.275696
88715.476196
88751.429932
88787.436401
88823.492676
88859.583984
88895.672668
88931.634521
88967.789673
89003.797974
89039.726562
89075.846497
89111.930054
89147.968628
89183.964111
89220.081055
89256.102234
89292.068054
89328.227356
89364.261475
89400.265259
89436.228394
89472.379517
89508.428772
89544.384277
89580.616394
89616.604370
89652.578796
89688.602905
89724.707703
89760.695923
89796.653748
89832.793396
89868.884827
89904.889160
89941.002502
89977.134827
90013.220825
90049.262573
90085.423157
90121.508850
90157.456360
90193.571472
90229.730652
90265.798706
90301.763733
90337.902405
90374.014465
90409.977173
90445.996521
90482.178406
90518.114624
90554.132629
90590.272217
90626.220703
90662.272217
90698.351196
90734.477112
90770.444092
90806.500122
90842.644226
90878.639099
90914.699402
90950.825745
90986.961609
91022.963928
91059.030823
91095.219971
91131.190735
91167.228577
91203.395142
91239.513184
91275.528748
91311.514526
91347.775269
91383.771667
91419.774658
91455.916687
91491.985779
91528.083679
91564.097168
91600.417480
91636.253601
91672.252991
91708.350952
91744.548340
91780.656250
91816.614746
91852.648254
91888.854248
91924.832581
91960.876648
91997.038147
92033.027710
92069.088074
92105.118286
92141.267700
92177.213074
92213.237366
92249.316467
92285.262695
92321.265137
92357.307007
92393.370911
92429.292358
92465.309509
92501.402893
92537.343201
92573.384277
92609.541687
92645.629333
92681.621094
92717.671509
92753.860291
92789.810425
92825.820312
92861.963623
92897.934265
92933.994385
92969.995972
93006.155518
93042.100830
93078.052734
93114.201599
93150.163147
93186.176208
93222.249573
93258.331787
93294.329468
93330.308960
93366.466858
93402.444763
93438.417908
93474.569397
93510.650513
93546.687744
93582.657288
93618.827271
93654.729797
93690.583130
93726.646606
93762.704895
93798.702271
93834.662170
93870.881226
93906.835999
93942.762573
93978.872498
94014.927551
94050.885376
94086.904358
94123.007446
94159.024841
94194.953003
94231.092957
94267.038452
94302.919312
94338.923035
94374.990479
94410.977966
94446.917664
94483.039368
94519.056458
94555.005188
94590.977417
94627.148254
94663.119202
94699.170166
94735.274170
94771.166138
94807.143738
94843.106140
94879.250549
94915.109192
94951.151001
94987.313477
95023.241333
95059.220764
95095.287048
95131.305664
95167.305908
95203.240112
95239.410583
95275.363037
95311.320312
95347.517761
95383.488403
95419.456787
95455.483521
95491.638672
95527.602112
95563.649597
95599.786865
95635.845886
95671.794189
95707.842773
95743.908081
95779.874756
95815.899841
95852.066162
95887.985291
95923.974487
95959.910583
95996.088806
96032.015076
96067.955261
96104.105225
96140.015442
96175.942322
96212.015503
96248.085693
96284.132080
96320.097290
96356.238403
96392.195679
96428.176331
96464.280334
96500.267578
96536.231506
96572.253113
96608.229004
96644.435303
96680.378784
96716.308289
96752.570129
96788.514954
96824.527893
96860.471985
96896.496582
96932.480042
96968.396057
97004.574341
97040.512146
97076.399902
97112.503052
97148.523376
97184.486938
97220.395996
97256.458618
97292.454895
97328.349976
97364.427002
97400.421692
97436.343628
97472.313416
97508.398987
97544.345154
97580.333008
97616.412231
97652.413879
97688.419250
97724.410400
97760.606079
97796.567322
97832.517761
97868.743713
97904.683044
97940.690857
97976.657227
98012.767334
98048.774109
98084.753235
98120.909668
98156.943970
98192.887634
98228.922791
98265.011169
98300.959839
98336.987000
98373.066833
98409.090759
98445.030396
98481.026123
98517.203491
98553.127808
98589.164917
98625.354553
98661.301941
98697.297668
98733.392761
98769.483154
98805.525818
98841.484802
98877.690979
98913.651062
98949.671326
98985.728149
99021.764709
99057.769531
99093.708008
99129.856323
99165.800110
99201.740967
99237.882629
99273.918091
99309.837036
99345.825623
99381.924927
99417.915222
99453.831177
99489.936401
99525.962219
99561.878845
99597.939148
99634.034546
99670.023743
99705.958496
99742.066040
99778.063904
99814.001160
99850.015259
99886.156677
99922.118713
99958.041931
99994.116516
100029.968567
100065.951172
100101.935730
100138.117188
100174.060974
100209.992188
100246.183350
100282.136780
100318.138000
100354.178345
100390.198547
100426.222900
100462.167358
100498.251709
100534.238342
100570.169861
100606.285706
100642.287964
100678.195312
100714.245422
100750.414673
100786.357971
100822.321899
100858.311340
100894.445374
100930.408691
100966.364929
101002.576477
101038.504883
101074.517456
101110.570068
101146.567139
101182.612183
101218.552246
101254.714600
101290.679138
101326.638672
101362.846558
101398.691772
101434.708618
101470.755188
101506.812744
101542.901794
101578.891846
101614.878723
101651.143738
101687.117249
101723.124390
101759.095215
101795.237610
101831.173218
101867.126038
101903.336792
101939.335876
101975.353027
102011.468384
102047.527771
102083.576172
102119.558533
102155.773560
102191.751892
102227.753601
102263.940369
102299.906921
102335.939941
102371.931091
102408.069641
102444.111755
102480.079529
102516.211853
102552.269897
102588.228943
102624.366150
102660.494568
102696.481445
102732.580750
102768.721619
102804.724854
102840.623047
102876.669678
102912.854919
102948.882141
102984.950928
103021.127625
103057.121582
103093.167480
103129.189758
103165.300659
103201.418030
103237.440308
103273.716675
103309.753357
103345.821350
103381.947205
103417.999207
103454.036560
103490.042603
103526.296143
103562.325500
103598.383301
103634.583923
103670.677002
103706.715576
103742.698120
103778.853943
103814.872620
103850.831787
103887.073914
103923.101990
103959.144592
103995.210999
104031.376770
104067.503662
104103.524658
104139.720276
104175.844666
104211.855957
104247.919739
104284.095093
104320.085571
104356.174866
104392.340149
104428.349182
104464.415588
104500.443542
104536.628235
104572.580811
104608.611145
104644.846008
104680.807068
104716.865906
104752.965515
104789.045471
104825.079834
104861.036133
104897.261169
104933.248474
104969.245178
105005.480530
105041.481995
105077.571045
105113.609192
105149.832275
105185.825195
105221.890503
105258.049622
105294.042419
105330.139587
105366.155212
105402.273438
105438.260925
105474.326111
105510.465454
105546.551697
105582.519409
105618.601807
105654.782654
105690.762817
105726.803223
105762.923279
105798.961060
105834.894958
105870.934570
105907.117188
105943.117371
105979.071106
106015.303467
106051.285828
106087.318665
106123.391052
106159.408447
106195.484253
106231.448486
106267.813232
106303.576294
106339.593323
106375.665955
106411.817078
106447.848328
106483.829834
106519.898804
106556.138855
106592.071045
106628.092285
106664.178772
106700.182251
106736.215820
106772.293823
106808.462891
106844.417725
106880.402222
106916.626648
106952.602783
106988.590454
107024.773010
107060.820496
107096.856567
107132.872437
107168.977478
107205.000488
107240.958740
107277.108337
107313.111206
107349.055176
107385.083191
107421.203430
107457.179260
107493.189148
107529.344604
107565.370361
107601.338867
107637.444580
107673.576599
107709.527710
107745.565613
107781.728149
107817.725342
107853.757812
107889.779785
107925.970825
107961.923950
107997.913635
108034.149170
108070.146240
108106.139099
108142.320374
108178.413635
108214.513794
108250.532837
108286.693665
108322.773071
108358.750244
108394.833923
108431.016296
108467.019592
108503.119690
108539.257935
108575.299622
108611.291443
108647.377014
108683.586670
108719.625671
108755.731689
108791.938110
108827.940857
108864.010437
108900.135742
108936.233215
108972.261169
109008.288940
109044.535095
109080.517700
109116.716370
109152.914795
109188.945190
109225.003052
109261.032288
109297.268127
109333.225891
109369.316589
109405.525574
109441.526306
109477.625610
109513.685791
109549.863220
109585.842407
109621.814331
109657.903748
109693.820374
109729.816101
109765.802246
109801.976929
109837.969604
109873.964050
109910.228027
109946.258911
109982.359070
110018.461731
110054.552124
110090.622803
110126.621704
110162.862305
110198.832764
110234.813416
110270.989807
110307.069946
110343.124207
110379.108215
110415.254517
110451.269958
110487.260010
110523.498352
110559.549377
110595.647400
110631.631958
110667.902954
110703.952820
110739.928101
110776.170349
110812.199036
110848.275330
110884.340210
110920.498840
110956.596497
110992.598450
111028.845825
111064.884888
111100.896973
111137.073486
111173.151794
111209.143005
111245.097534
111281.153687
111317.293823
111353.379883
111389.394836
111425.525940
111461.759094
111497.775269
111533.810425
111569.915771
111605.954285
111641.902771
111678.018250
111714.100647
111750.071106
111786.126160
111822.278137
111858.270264
111894.316895
111930.468262
111966.508850
112002.457153
112038.500305
112074.618591
112110.597046
112146.683472
112182.887573
112219.002075
112255.005188
112291.127563
112327.243042
112363.224915
112399.338196
112435.527832
112471.583557
112507.628113
112543.771362
112579.940613
112615.964661
112652.070801
112688.242859
112724.268311
112760.206848
112796.283203
112832.435120
112868.455933
112904.541870
112940.687683
112976.692871
113012.710571
113048.820679
113084.981873
113121.015869
113157.047913
113193.297668
113229.301453
113265.374207
113301.607605
113337.676270
113373.798462
113409.834656
113446.045105
113482.049500
113518.090149
113554.263000
113590.279236
113626.351685
113662.397949
113698.655945
113734.669067
113770.661560
113806.911804
113842.897766
113878.950195
113914.981812
113951.189209
113987.209473
114023.191101
114059.410767
114095.415222
114131.471436
114167.546875
114203.682251
114239.768066
114275.831665
114312.106812
114348.156555
114384.156311
114420.336182
114456.429749
114492.557251
114528.641541
114564.862854
114601.003052
114637.062256
114673.369568
114709.447021
114745.526001
114781.602844
114817.701904
114853.807373
114889.914001
114926.094055
114962.180969
114998.176147
115034.258362
115070.369385
115106.324646
115142.406982
115178.568115
115214.665405
115250.662842
115286.765442
115322.911194
115358.883728
115394.893860
115431.201782
115467.204163
115503.211609
115539.407898
115575.479309
115611.515625
115647.624512
115683.786682
115719.892639
115755.880249
115792.026794
115828.121277
115864.137695
115900.149170
115936.449463
115972.460205
116008.569336
116044.709900
116080.669556
116116.742065
116152.735657
116188.956604
116225.058105
116261.087524
116297.221924
116333.485535
116369.518494
116405.600220
116441.745483
116477.878906
116513.889221
116549.910339
116586.163635
116622.193481
116658.263062
116694.342102
116730.344666
116766.434692
116802.451965
116838.598938
116874.703064
116910.684631
116946.928955
116982.923767
117018.864258
117054.998047
117091.177185
117127.260864
117163.281006
117199.422913
117235.507568
117271.414246
117307.498657
117343.679993
117379.684326
117415.763367
117451.957642
117488.021667
117524.018066
117560.068726
117596.180481
117632.166504
117668.153625
117704.373352
117740.354553
117776.413452
117812.521912
117848.497925
117884.564453
117920.587402
117956.747375
117992.795715
118028.779480
118065.018616
118101.026733
118136.959900
118173.066223
118209.249390
118245.308472
118281.306763
118317.438538
118353.497131
118389.477051
118425.415833
118461.637512
118497.621399
118533.602356
118569.878845
118605.844971
118641.940369
118677.942871
118714.148376
118750.165955
118786.142273
118822.362366
118858.325623
118894.307922
118930.429382
118966.558167
119002.601074
119038.616150
119074.794067
119110.867798
119146.868896
119183.053589
119219.141052
119255.151489
119291.221069
119327.348816
119363.304321
119399.342834
119435.423279
119471.493164
119507.517822
119543.479919
119579.681580
119615.679749
119651.561096
119687.745789
119723.706055
119759.739685
119795.779114
119831.943909
119868.002502
119903.947937
119940.171387
119976.161560
120012.190125
120048.205383
120084.335571
120120.381348
120156.379150
120192.607605
120228.570923
120264.520874
120300.604736
120336.756104
120372.742249
120408.704346
120444.812378
120480.869080
120516.803528
120552.773499
120588.926453
120624.859009
120660.880615
120696.962097
120732.878296
120768.901184
120804.928101
120841.021790
120876.951843
120912.966370
120949.118103
120984.923767
121020.965515
121056.859375
121093.023376
121128.940491
121164.979248
121200.994080
121237.118347
121273.046753
121309.082764
121345.243103
121381.257019
121417.205017
121453.191772
121489.375061
121525.325378
121561.339294
121597.452087
121633.408081
121669.430359
121705.481079
121741.650574
121777.633911
121813.575378
121849.775879
121885.722351
121921.739990
121957.780945
121993.826904
122029.838745
122065.801575
122101.976318
122137.960754
122173.837097
122209.935181
122245.932495
122281.931152
122317.883911
122354.044495
122389.965820
122425.935608
122462.119080
122498.059082
122534.061829
122570.040833
122606.161926
122642.224365
122678.169861
122714.354187
122750.280945
122786.195007
122822.226624
122858.305359
122894.301208
122930.235901
122966.318542
123002.295166
123038.159912
123074.190613
123110.245056
123146.116577
123182.105530
123218.196655
123254.189331
123290.084229
123326.079529
123362.164856
123398.024597
123433.910645
123470.087280
123505.994385
123541.978027
123577.936279
123613.931274
123649.949951
123685.873413
123722.025940
123757.946167
123793.938110
123830.028625
123865.894165
123901.853027
123937.753601
123973.906982
124009.821838
124045.728455
124081.906921
124117.816406
124153.722961
124189.713257
124225.811096
124261.842651
124297.812439
124333.922913
124369.913696
124405.800354
124441.859131
124477.859802
124513.850769
124549.785095
124585.921936
124621.854736
124657.732849
124693.822083
124729.806458
124765.776489
124801.714233
124837.794434
124873.723572
124909.567993
124945.621033
124981.626892
125017.542236
125053.516907
125089.621338
125125.623718
125161.589172
125197.685303
125233.712463
125269.620667
125305.653198
125341.741821
125377.712524
125413.721313
125449.850220
125485.811096
125521.829529
125557.788330
125593.929016
125629.862000
125665.879639
125702.024231
125737.982483
125773.980103
125810.008606
125846.148193
125882.113342
125918.022217
125954.079773
125990.186035
126026.261230
126062.225159
126098.501831
126134.530151
126170.481323
126206.515076
126242.627869
126278.588135
126314.593018
126350.717285
126386.805847
126422.755859
126458.730347
126494.917053
126530.871460
126566.911438
126603.060974
126639.090576
126675.055664
126711.080444
126747.208191
126783.130188
126819.139404
126855.235168
126891.209839
126927.208008
126963.246582
126999.365356
127035.325928
127071.267639
127107.478088
127143.427185
127179.407104
127215.516052
127251.481323
127287.518921
127323.467590
127359.628296
127395.604004
127431.588745
127467.780945
127503.752991
127539.720154
127575.673889
127611.782471
127647.789368
127683.715332
127719.905273
127755.830200
127791.795715
127827.881348
127863.927856
127899.888733
127935.918091
127972.112976
128008.033081
128044.067810
128080.103943
128116.136658
128152.055542
128188.061707
128224.133911
128260.141541
128296.048950
128332.050171
128368.165649
128404.112061
128440.059387
128476.204529
128512.150879
128548.145386
128584.176086
128620.204956
128656.246948
128692.229980
128728.415161
128764.354553
128800.266846
128836.472046
128872.410095
128908.340210
128944.410950
128980.568787
129016.618896
129052.598572
129088.702637
129124.714844
129160.642883
129196.704590
129232.774414
129268.825378
129304.749634
129340.854858
129376.836609
129412.775269
129448.889221
129484.910828
129520.853149
129556.874268
129592.967896
129628.911438
129664.946533
129701.054199
129736.990601
129773.006226
129808.950500
129845.142700
129881.106201
129917.029968
129953.238525
129989.179016
130025.210022
130061.246704
130097.380066
130133.421265
130169.382996
130205.517822
130241.564575
130277.519226
130313.570435
130349.707947
130385.652100
130421.718323
130457.807800
130493.768921
130529.772766
130565.801697
130601.937622
130637.942505
130673.914978
130710.187866
130746.052490
130782.108704
130818.095398
130854.271362
130890.309265
130926.311584
130962.418396
130998.552856
131034.543884
131070.572815
131106.735901
131142.737671
131178.784119
131214.763855
131250.890259
131286.925354
131322.881226
131359.102966
131395.036926
131431.060974
131467.041382
131503.135315
131539.152649
131575.095764
131611.228088
131647.259460
131683.204956
131719.321350
131755.350037
131791.309753
131827.321106
131863.447327
131899.520813
131935.498901
131971.682190
132007.740967
132043.691223
132079.759583
132115.897034
132151.881958
132187.865906
132223.980713
132259.959778
132295.865662
132331.844421
132368.039307
132403.965759
132439.933167
132476.161438
132512.089905
132548.130981
132584.116577
132620.154175
132656.159851
132692.111389
132728.343506
132764.321960
132800.252869
132836.338501
132872.451660
132908.411743
132944.458923
132980.533630
133016.450378
133052.461548
133088.462769
133124.558472
133160.556091
133196.510071
133232.739075
133268.707520
133304.630737
133340.726135
133376.782349
133412.821472
133448.779358
133484.992371
133520.954895
133556.911926
133593.070679
133629.087952
133665.038574
133701.018860
133737.117920
133773.118103
133809.014954
133845.053955
133881.193542
133917.162537
133953.177429
133989.287903
134025.235596
134061.258179
134097.377197
134133.324219
134169.359863
134205.296570
134241.459167
134277.402832
134313.333374
134349.552063
134385.493164
134421.484863
134457.539673
134493.604370
134529.656555
134565.619202
134601.753662
134637.782715
134673.706848
134709.812988
134745.860657
134781.785522
134817.796753
134853.921875
134889.957214
134925.907227
134961.995605
134998.145142
135034.161621
135070.232300
135106.383606
135142.345825
135178.372986
135214.481934
135250.556458
135286.558228
135322.564941
135358.748291
135394.735840
135430.703186
135466.927490
135502.904907
135538.934692
135574.920471
135611.167236
135646.964050
135682.889832
135718.933105
135755.077209
135791.132019
135827.083984
135863.122742
135899.366699
135935.362488
135971.327148
136007.507690
136043.498108
136079.567688
136115.630493
136151.722412
136187.807373
136223.819275
136260.056519
136296.071960
136332.063354
136368.226501
136404.315247
136440.307434
136476.419373
136512.605530
136548.600708
136584.513855
136620.586731
136656.663818
136692.652100
136728.709290
136764.932312
136800.916382
136836.926392
136873.078491
136909.153625
136945.165222
136981.169861
137017.385803
137053.371765
137089.285522
137125.484436
137161.453552
137197.464355
137233.491699
137269.662964
137305.729919
137341.716064
137377.913391
137413.890137
137449.921326
137485.968750
137522.117981
137558.155334
137594.170105
137630.400391
137666.370544
137702.334595
137738.473694
137774.600769
137810.640869
137846.613525
137882.767273
137918.845642
137954.815552
137990.906433
138027.053650
138063.061279
138099.119385
138135.279114
138171.292175
138207.374817
138243.450989
138279.575378
138315.576904
138351.557251
138387.717957
138423.702881
138459.716858
138495.949585
138531.938293
138567.996155
138603.973083
138640.184204
138676.171143
138712.125793
138748.333984
138784.283997
138820.331848
138856.312866
138892.417053
138928.452820
138964.409851
139000.654663
139036.638672
139072.610840
139108.709595
139144.738892
139180.761047
139216.740723
139252.923523
139288.899109
139324.873596
139360.980713
139396.987915
139432.994934
139468.963806
139505.094116
139541.119080
139577.091553
139613.335632
139649.346924
139685.359009
139721.413757
139757.557495
139793.520569
139829.558777
139865.731140
139901.798279
139937.773621
139973.769348
140009.941589
140045.901978
140081.953125
140117.975830
140153.939941
140189.952148
140225.927856
140262.117249
140298.058228
140334.040161
140370.242188
140406.275146
140442.316162
140478.384766
140514.403992
140550.521790
140586.485352
140622.536865
140658.644592
140694.633423
140730.696716
140766.864197
140802.930054
140838.984131
140874.945984
140911.074585
140947.142456
140983.102600
141019.315552
141055.294434
141091.302612
141127.362122
141163.520325
141199.593323
141235.521729
141271.856445
141307.833313
141343.932922
141379.989746
141416.119141
141452.163635
141488.140076
141524.327515
141560.412354
141596.362244
141632.498291
141668.606628
141704.576660
141740.630920
141776.661316
141812.685120
141848.726379
141884.807983
141920.954651
141956.937805
141992.907837
142029.120056
142065.039856
142100.997131
142137.184387
142173.167419
142209.114441
142245.034424
142281.137878
142317.112366
142353.026611
142389.139465
142425.155273
142461.071838
142497.133057
142533.306946
142569.243408
142605.254395
142641.405640
142677.536621
142713.498901
142749.471802
142785.682617
142821.657104
142857.596069
142893.795044
142929.751587
142965.796326
143001.797913
143037.901123
143073.940308
143109.938843
143146.130432
143182.134155
143218.056885
143254.021301
143290.208252
143326.171021
143362.216675
143398.383423
143434.342407
143470.408447
143506.434021
143542.657227
143578.621277
143614.592102
143650.814453
143686.813477
143722.838501
143758.888611
143794.944031
143831.006165
143867.003296
143903.251221
143939.257996
143975.250000
144011.418274
144047.514832
144083.507507
144119.578308
144155.711121
144191.749512
144227.727234
144263.942688
144299.931396
144335.882935
144371.844604
144408.059631
144444.024658
144480.045349
144516.214905
144552.229370
144588.288147
144624.242737
144660.460144
144696.460815
144732.488464
144768.697632
144804.646301
144840.693298
144876.677551
144912.921753
144948.899048
144984.806396
145021.029114
145056.948181
145092.878174
145128.987366
145165.090149
145201.153442
145237.100525
145273.227356
145309.277710
145345.222107
145381.290466
145417.360962
145453.268616
145489.334473
145525.292786
145561.489197
145597.472107
145633.479431
145669.674011
145705.730713
145741.673157
145777.728027
145813.861938
145849.904419
145885.892090
145922.087036
145958.027771
145994.016663
146030.063171
146066.184570
146102.233459
146138.234863
146174.440430
146210.443298
146246.418030
146282.520264
146318.621338
146354.577942
146390.621033
146426.782593
146462.768799
146498.794495
146534.825806
146570.993958
146606.977173
146642.955750
146679.158813
146715.163147
146751.224731
146787.316833
146823.399414
146859.480225
146895.506470
146931.722778
146967.671692
147003.705627
147039.796143
147075.830444
147111.835693
147147.831116
147183.976013
147220.025513
147255.979553
147292.190369
147328.156250
147364.138916
147400.174683
147436.302734
147472.293335
147508.235168
147544.397705
147580.459229
147616.407776
147652.394409
147688.600220
147724.548889
147760.613586
147796.781006
147832.794250
147868.764648
147904.711731
147940.874268
147976.876892
148012.876282
148049.127319
148085.145447
148121.200867
148157.277405
148193.494934
148229.477844
148265.509155
148301.669861
148337.626587
148373.668640
148409.727783
148445.799438
148481.839111
148517.827454
148554.016785
148590.011230
148625.968872
148662.131836
148698.173462
148734.242310
148770.266541
148806.424927
148842.473083
148878.456909
148914.690979
148950.701721
148986.667725
149022.797241
149058.931824
149094.997314
149130.974060
149167.211182
149203.222473
149239.213623
149275.235474
149311.306580
149347.342407
149383.316528
149419.569824
149455.589844
149491.560181
149527.600586
149563.692627
149599.739014
149635.716064
149671.896790
149707.942139
149743.914490
149779.916260
149816.071533
149852.036316
149888.105774
149924.257263
149960.304138
149996.295715
150032.366821
150068.484924
150104.466736
150140.470215
150176.603638
150212.582336
150248.615234
150284.770081
150320.826843
150356.817627
150392.770996
150428.869202
150464.947693
150500.993530
150536.966675
150573.171509
150609.246521
150645.194214
150681.200317
150717.259094
150753.271301
150789.246826
150825.372864
150861.391968
150897.342468
150933.346741
150969.445435
151005.341675
151041.340210
151077.439026
151113.403442
151149.433533
151185.531494
151221.640259
151257.587585
151293.545105
151329.739075
151365.690552
151401.690002
151437.805847
151473.751343
151509.764099
151545.774780
151581.946411
151617.870056
151653.805115
151689.966309
151725.872314
151761.901733
151797.864990
151833.917969
151869.905029
151905.829651
151941.982361
151977.860596
152013.709778
152049.738892
152085.794861
152121.801880
152157.755676
152193.938110
152229.902649
152265.839050
152301.920837
152338.021973
152373.948669
152409.980469
152446.121643
152482.158875
152518.106628
152554.104248
152590.249268
152626.219177
152662.228455
152698.356384
152734.358215
152770.318237
152806.317383
152842.451477
152878.403198
152914.346130
152950.503723
152986.404907
153022.381287
153058.444763
153094.400940
153130.416504
153166.341248
153202.554443
153238.510132
153274.411804
153310.555298
153346.496094
153382.511047
153418.480347
153454.570190
153490.559326
153526.427612
153562.506836
153598.548645
153634.446594
153670.445679
153706.542419
153742.476013
153778.487000
153814.629700
153850.660278
153886.598083
153922.610291
153958.716248
153994.611084
154030.615967
154066.700806
154102.608459
154138.596191
154174.597046
154210.596924
154246.573669
154282.478333
154318.527649
154354.533997
154390.445862
154426.513367
154462.500549
154498.416260
154534.386047
154570.509216
154606.429321
154642.435303
154678.463135
154714.393005
154750.278625
154786.193848
154822.391052
154858.330994
154894.232849
154930.410828
154966.338318
155002.278137
155038.256348
155074.356873
155110.373901
155146.313354
155182.375732
155218.315613
155254.223999
155290.204407
155326.218079
155362.290466
155398.167480
155434.058289
155470.262268
155506.198608
155542.151123
155578.261292
155614.228821
155650.237427
155686.191223
155722.382019
155758.341187
155794.285156
155830.454590
155866.386353
155902.342041
155938.283936
155974.366089
156010.371399
156046.271667
156082.440613
156118.385254
156154.287109
156190.327393
156226.415039
156262.440552
156298.362915
156334.424927
156370.458191
156406.365906
156442.405518
156478.429321
156514.407593
156550.334961
156586.435303
156622.471924
156658.387573
156694.468689
156730.503479
156766.495544
156802.410767
156838.494263
156874.460083
156910.343079
156946.468750
156982.464600
157018.365784
157054.412476
157090.564880
157126.524597
157162.534485
157198.668884
157234.737000
157270.668823
157306.660400
157342.718689
157378.660339
157414.673401
157450.730774
157486.855103
157522.844604
157558.867981
157595.009521
157630.944214
157666.968262
157703.105896
157739.163452
157775.133484
157811.106812
157847.324280
157883.301331
157919.343506
157955.520996
157991.552002
158027.497375
158063.464722
158099.694824
158135.667419
158171.653076
158207.776428
158243.749817
158279.761169
158315.754272
158351.902161
158387.888733
158423.917969
158459.973328
158495.970520
158531.919617
158567.948242
158604.096252
158640.053467
158676.035400
158712.229431
158748.212402
158784.214233
158820.249207
158856.340759
158892.273438
158928.253174
158964.402771
159000.326477
159036.251587
159072.398071
159108.351807
159144.379761
159180.344910
159216.518188
159252.477173
159288.405579
159324.603516
159360.510132
159396.524597
159432.503662
159468.634155
159504.633423
159540.613953
159576.796997
159612.741455
159648.740417
159684.752502
159720.845581
159756.856140
159792.795837
159828.979370
159864.915649
159900.924316
159936.912537
159972.976685
160008.996338
160044.943054
160081.130554
160116.947388
160152.868652
160188.714966
160224.793945
160260.793396
160296.733887
160332.768372
160368.969421
160404.960876
160440.998291
160477.093750
160513.130798
160549.094910
160585.055786
160621.251282
160657.202881
160693.196350
160729.285217
160765.210876
160801.154358
160837.102051
160873.260620
160909.203064
160945.197693
160981.293701
161017.238281
161053.158020
161089.180298
161125.303894
161161.279236
161197.306091
161233.422791
161269.384277
161305.413269
161341.455017
161377.539734
161413.491821
161449.446106
161485.598755
161521.502869
161557.510681
161593.500732
161629.600525
161665.604736
161701.571289
161737.801270
161773.786987
161809.714600
161845.862244
161881.898071
161917.905884
161953.850769
161989.996094
162026.026855
162061.998657
162098.176941
162134.158203
162170.093506
162206.133423
162242.306213
162278.351624
162314.286377
162350.370850
162386.420898
162422.395386
162458.369873
162494.528320
162530.477600
162566.473755
162602.548340
162638.479675
162674.458862
162710.418518
162746.558838
162782.434814
162818.367859
162854.460876
162890.420654
162926.411316
162962.371155
162998.511353
163034.481873
163070.426575
163106.586670
163142.501343
163178.480225
163214.554016
163250.664673
163286.769043
163322.787292
163358.929871
163394.969177
163430.953125
163467.089905
163503.147766
163539.239624
163575.224365
163611.369263
163647.413147
163683.364868
163719.564087
163755.551514
163791.508301
163827.561157
163863.754700
163899.769165
163935.707764
163971.823425
164007.885376
164043.769043
164079.896667
164115.982300
164151.962402
164188.003052
164224.137329
164260.178284
164296.173889
164332.234436
164368.415588
164404.387695
164440.373108
164476.601807
164512.543823
164548.545532
164584.547546
164620.604553
164656.628601
164692.540405
164728.724487
164764.678894
164800.611145
164836.721375
164872.740845
164908.702393
164944.745911
164980.956360
165016.865356
165052.826172
165088.743958
165124.940674
165160.905273
165196.951172
165232.992126
165269.134094
165305.194641
165341.161011
165377.343201
165413.292236
165449.246704
165485.330933
165521.382324
165557.362427
165593.412537
165629.521057
165665.579163
165701.567749
165737.650574
165773.676514
165809.618347
165845.681885
165881.814819
165917.828857
165953.760559
165989.847595
166025.882690
166061.821289
166097.763733
166133.938477
166169.896973
166205.917236
166242.028625
166277.980408
166314.010986
166350.043213
166386.280029
166422.256775
166458.253845
166494.493347
166530.439270
166566.373413
166602.411804
166638.434204
166674.439148
166710.382263
166746.591797
166782.531006
166818.401306
166854.459595
166890.493713
166926.495789
166962.436340
166998.567871
167034.625793
167070.613220
167106.669434
167142.856628
167178.829285
167214.787476
167250.992004
167286.946655
167322.970337
167358.985596
167394.993591
167430.980591
167466.911377
167503.091309
167539.024292
167574.919861
167610.996460
167646.991150
167683.014893
167718.937317
167755.023376
167791.046021
167826.955750
167863.132812
167899.115479
167935.054016
167971.081360
168007.164612
168043.148621
168079.093628
168115.214539
168151.235657
168187.172729
168223.252563
168259.370483
168295.287659
168331.270630
168367.400208
168403.456238
168439.419617
168475.445190
168511.589661
168547.490112
168583.511475
168619.664612
168655.664368
168691.697510
168727.739685
168763.775085
168799.797607
168835.743103
168871.905457
168907.836304
168943.767151
168979.927246
169015.892090
169051.851135
169087.894470
169123.965454
169159.958435
169195.886292
169232.005676
169268.064575
169304.035034
169340.098267
169376.238098
169412.188660
169448.228760
169484.352356
169520.316528
169556.351074
169592.323364
169628.507568
169664.474304
169700.445618
169736.606812
169772.581543
169808.621582
169844.663696
169881.003845
169916.777771
169952.694458
169988.767212
170024.751465
170060.739624
170096.910583
170132.890137
170168.891235
170205.049438
170241.080994
170277.011414
170312.983765
170349.136902
170385.091675
170421.059387
170457.152222
170493.097839
170529.155090
170565.157227
170601.277405
170637.210388
170673.160522
170709.339539
170745.307373
170781.362610
170817.435303
170853.455627
170889.521667
170925.502686
170961.705811
170997.666931
171033.614075
171069.740784
171105.737488
171141.728210
171177.670776
171213.849060
171249.789490
171285.736023
171321.923157
171357.853088
171393.832275
171429.794739
171465.907410
171501.940552
171537.921204
171574.118225
171610.040710
171646.012329
171681.991150
171718.110413
171754.044800
171790.036560
171826.094116
171862.112488
171898.041931
171934.104492
171970.264160
172006.205200
172042.299011
172078.496643
172114.471924
172150.521484
172186.560181
172222.686890
172258.692078
172294.624817
172330.775757
172366.744019
172402.676514
172438.771667
172474.796814
172510.802368
172546.753296
172582.868713
172618.910400
172654.854858
172690.968201
172726.977295
172762.893005
172798.927063
172835.032959
172871.044983
172906.961060
172943.141602
172979.092163
173015.026001
173051.055481
173087.170898
173123.177002
173159.104187
173195.216370
173231.220398
173267.128601
173303.167969
173339.318115
173375.337280
173411.390503
173447.549377
173483.600098
173519.578918
173555.626404
173591.816833
173627.825195
173663.884094
173700.039246
173736.109741
173772.078796
173808.167114
173844.324463
173880.298035
173916.270020
173952.420227
173988.398315
174024.418579
174060.453552
174096.592407
174132.537415
174168.548218
174204.683899
174240.643127
174276.655273
174312.705383
174348.734802
174384.773254
174420.712646
174456.919983
174492.877075
174528.901733
174565.018188
174600.976501
174636.952087
174672.981689
174709.194275
174745.158325
174781.089050
174817.281860
174853.117371
174889.150574
174925.061890
174961.078918
174997.189880
175033.135559
175069.161072
175105.320801
175141.324402
175177.267212
175213.272705
175249.380310
175285.263245
175321.211182
175357.411133
175393.380981
175429.359863
175465.376648
175501.402283
175537.284180
175573.226624
175609.388184
175645.339966
175681.368896
175717.466370
175753.488220
175789.397339
175825.335876
175861.499329
175897.387878
175933.315491
175969.527649
176005.426025
176041.384094
176077.318298
176113.395447
176149.384216
176185.279785
176221.375916
176257.396423
176293.303528
176329.327942
176365.392090
176401.325500
176437.353455
176473.463562
176509.410889
176545.404480
176581.417419
176617.572998
176653.523315
176689.487366
176725.722046
176761.668579
176797.628296
176833.621582
176869.653625
176905.656982
176941.580200
176977.830750
177013.767639
177049.671997
177085.719055
177121.828064
177157.864319
177193.811707
177229.906982
177265.939087
177301.836853
177337.854004
177374.024048
177409.978577
177445.998718
177482.107117
177518.044861
177554.069824
177590.090515
177626.228882
177662.194397
177698.202087
177734.404175
177770.328186
177806.328796
177842.392273
177878.481384
177914.448303
177950.441162
177986.638916
178022.583008
178058.565552
178094.695618
178130.660522
178166.693848
178202.685425
178238.858337
178274.778015
178310.646851
178346.819031
178382.736145
178418.734619
178454.730408
178490.816772
178526.832397
178562.775269
178598.963379
178634.912476
178670.840515
178706.928284
178742.963135
178778.885315
178814.896118
178851.023315
178887.005493
178922.967041
178959.061890
178995.107605
179031.039856
179067.070068
179103.227966
179139.290222
179175.281006
179211.322632
179247.449829
179283.415527
179319.366882
179355.543030
179391.486267
179427.528137
179463.665527
179499.647766
179535.691284
179571.639954
179607.831116
179643.760376
179679.693909
179715.908081
179751.803101
179787.832153
179823.782227
179859.794922
179895.913086
179931.893066
179967.927795
180004.151794
180040.139404
180076.105103
180112.153564
180148.269287
180184.221619
180220.263855
180256.356873
180292.297852
180328.316528
180364.452454
180400.459717
180436.405945
180472.401733
180508.506348
180544.443787
180580.466919
180616.591248
180652.526184
180688.502075
180724.476562
180760.573853
180796.597534
180832.525330
180868.711243
180904.647888
180940.597412
180976.629272
181012.700806
181048.606812
181084.628418
181120.763062
181156.768250
181192.672607
181228.689880
181264.786011
181300.698425
181336.600342
181372.765442
181408.689758
181444.726013
181480.802063
181516.797607
181552.805298
181588.743530
181624.872131
181660.834839
181696.761414
181732.912659
181768.904053
181804.903931
181840.841858
181877.008789
181913.035278
181948.947693
181985.054688
182021.072754
182056.970276
182092.958435
182129.042908
182164.974243
182200.953125
182237.045593
182273.050049
182308.989868
182344.907959
182381.010681
182416.920288
182452.902954
182489.009033
182524.945007
182560.901550
182596.839539
182632.915710
182668.809082
182704.707581
182740.858521
182776.788391
182812.764404
182848.727295
182884.781128
182920.748169
182956.632812
182992.760010
183028.683533
183064.572144
183100.636047
183136.633667
183172.615479
183208.513000
183244.657532
183280.566528
183316.477356
183352.560120
183388.545227
183424.439575
183460.413025
183496.506714
183532.483765
183568.387024
183604.515259
183640.460266
183676.395447
183712.403320
183748.499451
183784.508545
183820.427490
183856.529114
183892.545288
183928.476440
183964.448669
184000.623535
184036.541687
184072.540710
184108.676208
184144.658203
184180.613953
184216.594971
184252.648621
184288.497253
184324.365845
184360.487976
184396.409241
184432.375916
184468.316223
184504.451599
184540.382568
184576.314697
184612.482971
184648.283264
184684.294800
184720.211975
184756.312439
184792.330872
184828.237793
184864.235596
184900.408447
184936.312866
184972.277222
185008.359985
185044.367371
185080.319092
185116.341797
185152.412659
185188.426270
185224.353088
185260.465820
185296.435059
185332.329956
185368.356567
185404.428467
185440.380737
185476.422363
185512.498535
185548.488892
185584.387329
185620.425659
185656.522827
185692.395813
185728.282532
185764.457153
185800.357605
185836.346558
185872.336243
185908.419739
185944.292847
185980.155823
186016.290466
186052.194397
186088.094788
186124.193115
186160.188171
186196.203369
186232.118835
186268.224976
186304.261841
186340.155273
186376.260376
186412.248047
186448.136230
186484.147339
186520.250671
186556.165833
186592.126953
186628.208618
186664.150269
186700.136353
186736.040161
186772.246338
186808.164856
186844.092590
186880.306763
186916.253601
186952.251465
186988.144531
187024.189636
187060.130005
187095.975098
187132.097229
187168.117004
187204.049927
187240.060608
187276.176575
187312.117920
187348.123657
187384.247620
187420.204895
187456.220093
187492.226929
187528.398010
187564.311462
187600.325256
187636.458130
187672.376038
187708.400696
187744.389832
187780.565491
187816.551270
187852.473450
187888.672241
187924.617493
187960.621338
187996.651489
188032.669556
188068.735901
188104.705322
188140.895630
188176.870972
188212.819824
188248.975159
188285.029602
188321.009644
188357.068726
188393.213135
188429.257202
188465.196472
188501.433472
188537.406677
188573.343140
188609.387878
188645.505615
188681.526306
188717.478882
188753.656555
188789.725891
188825.702087
188861.805542
188897.940918
188933.904846
188969.923523
189006.039612
189042.064087
189077.993103
189113.940857
189150.146912
189186.107056
189222.195801
189258.350342
189294.350342
189330.372986
189366.430237
189402.595032
189438.568237
189474.538025
189510.792358
189546.628845
189582.669922
189618.620911
189654.815552
189690.745911
189726.661499
189762.684204
189798.853455
189834.875000
189870.811462
189906.908081
189942.924500
189978.856995
190014.887573
190050.974976
190086.950562
190122.955688
190159.048645
190195.089844
190230.995178
190266.988464
190303.120605
190339.056519
190375.057922
190411.146851
190447.109619
190483.105957
190519.157532
190555.263062
190591.232483
190627.176636
190663.385071
190699.316772
190735.311829
190771.421082
190807.531433
190843.552734
190879.525696
190915.726685
190951.725281
190987.715820
191023.840881
191059.899658
191095.852295
191131.841858
191168.047485
191204.012268
191240.018066
191276.136902
191312.075195
191348.114258
191384.151062
191420.357483
191456.317993
191492.301392
191528.553284
191564.558472
191600.595154
191636.619385
191672.835327
191708.818359
191744.788086
191780.999084
191816.998901
191852.937378
191889.026001
191925.124268
191961.157410
191997.126160
192033.164856
192069.233398
192105.205261
192141.296570
192177.403625
192213.406006
192249.352783
192285.496948
192321.510803
192357.434814
192393.558716
192429.612915
192465.577209
192501.600403
192537.710632
192573.755127
192609.702881
192645.775757
192681.884766
192717.849304
192753.876282
192789.951599
192825.935303
192861.858215
192898.001038
192933.970398
192969.981506
193006.037964
193042.133301
193078.135376
193114.064087
193150.172058
193186.200867
193222.141602
193258.133057
193294.313660
193330.267212
193366.276978
193402.369690
193438.404236
193474.310608
193510.288574
193546.417603
193582.340210
193618.327271
193654.373840
193690.287109
193726.255554
193762.277893
193798.433960
193834.362305
193870.316650
193906.488647
193942.447327
193978.428894
194014.536072
194050.568420
194086.611023
194122.590942
194158.716858
194194.712952
194230.615295
194266.790894
194302.731628
194338.692810
194374.722961
194410.935242
194446.809631
194482.817078
194518.767456
194554.968201
194590.870728
194626.815674
194662.835754
194698.923828
194734.908752
194770.839172
194806.957031
194842.926025
194878.832520
194914.929871
194950.952576
194986.906494
195022.893311
195058.969238
195094.949829
195130.846069
195166.875854
195202.914917
195238.836914
195274.849670
195310.959045
195347.011597
195382.946045
195418.997253
195455.085510
195491.031311
195527.081970
195563.231262
195599.262939
195635.222961
195671.317566
195707.342529
195743.256531
195779.219482
195815.390320
195851.332275
195887.335815
195923.457520
195959.380737
195995.390808
196031.337646
196067.419678
196103.414307
196139.300415
196175.494202
196211.431274
196247.359497
196283.371460
196319.464111
196355.481567
196391.423279
196427.561951
196463.576355
196499.504089
196535.556580
196571.629456
196607.551208
196643.572144
196679.644531
196715.578064
196751.545288
196787.526184
196823.621216
196859.518799
196895.501831
196931.613342
196967.592529
197003.644043
197039.652283
197075.718262
197111.631531
197147.558777
197183.718506
197219.615051
197255.546265
197291.709656
197327.613525
197363.526489
197399.514099
197435.560303
197471.558289
197507.473083
197543.573730
197579.590637
197615.474304
197651.478516
197687.562805
197723.483826
197759.509399
197795.606812
197831.558960
197867.424133
197903.394043
197939.499146
197975.427185
198011.485657
198047.619690
198083.521912
198119.505737
198155.484863
198191.616577
198227.541321
198263.502625
198299.591675
198335.489380
198371.407288
198407.455566
198443.474060
198479.460510
198515.391479
198551.524109
198587.456116
198623.413391
198659.562012
198695.631104
198731.697021
198767.630432
198803.755676
198839.792786
198875.747620
198911.902588
198947.922546
198983.905396
199019.946960
199056.038757
199092.037598
199127.973022
199164.067383
199200.051575
199235.970032
199272.022461
199308.230286
199344.087830
199380.110229
199416.059204
199452.235840
199488.208923
199524.155518
199560.284546
199596.312378
199632.306213
199668.235168
199704.311523
199740.344604
199776.299683
199812.456665
199848.480164
199884.550720
199920.461060
199956.591125
199992.614563
200028.523926
200064.714539
200100.706421
200136.646545
200172.728516
200208.858154
200244.797668
200280.803711
200316.939453
200352.939148
200388.910645
200424.920349
200461.073608
200496.964233
200532.959839
200569.041321
200604.989746
200640.990845
200676.963501
200713.153687
200749.080688
200784.982239
200821.186829
200857.085999
200893.096252
200929.103638
200965.243347
201001.204773
201037.164001
201073.357544
201109.304688
201145.264343
201181.248962
201217.199402
201253.161804
201289.104492
201325.304443
201361.252441
201397.167603
201433.251831
201469.344727
201505.373718
201541.296509
201577.414612
201613.446838
201649.382935
201685.474304
201721.465698
201757.387329
201793.389404
201829.510315
201865.525269
201901.426758
201937.456482
201973.473938
202009.362061
202045.352539
202081.398193
202117.285095
202153.290222
202189.389832
202225.403442
202261.321777
202297.274292
202333.430359
202369.370544
202405.363708
202441.468323
202477.414856
202513.395447
202549.345459
202585.461121
202621.424805
202657.368958
202693.563660
202729.526367
202765.561707
202801.574341
202837.639465
202873.634216
202909.573303
202945.739441
202981.691772
203017.617310
203053.739868
203089.733276
203125.730835
203161.692932
203197.720886
203233.680481
203269.601807
203305.717834
203341.682373
203377.662292
203413.598633
203449.684448
203485.601746
203521.579712
203557.749146
203593.724670
203629.746887
203665.679810
203701.755432
203737.763611
203773.699280
203809.877380
203845.792725
203881.723755
203917.781616
203953.843872
203989.869141
204025.833679
204061.966614
204097.987671
204133.885193
204169.930725
204206.035278
204241.934631
204277.996704
204313.957581
204350.184265
204386.136230
204422.112732
204458.345947
204494.352478
204530.337646
204566.354309
204602.459900
204638.467285
204674.437988
204710.573242
204746.612305
204782.571106
204818.600464
204854.703552
204890.641785
204926.660095
204962.806946
204998.782043
205034.780090
205070.827271
205106.951111
205142.925232
205178.942993
205215.101440
205251.060913
205287.089905
205323.109741
205359.212402
205395.208191
205431.189758
205467.328186
205503.250549
205539.189819
205575.271545
205611.302185
205647.337158
205683.290588
205719.480835
205755.407166
205791.343994
205827.455383
205863.477112
205899.483276
205935.413696
205971.454407
206007.434387
206043.322266
206079.440613
206115.473022
206151.499878
206187.462463
206223.597778
206259.619629
206295.571411
206331.752380
206367.773743
206403.791687
206439.714355
206475.815186
206511.856323
206547.740723
206583.776184
206619.786438
206655.779236
206691.818848
206727.943909
206763.908264
206799.972717
206836.114502
206872.146484
206908.063110
206943.973389
206980.174011
207016.075317
207052.123108
207088.290100
207124.289307
207160.354797
207196.334167
207232.555054
207268.529297
207304.549011
207340.694092
207376.708496
207412.697998
207448.642029
207484.810242
207520.751160
207556.706726
207592.936646
207628.877014
207664.895569
207700.903259
207736.979614
207772.976746
207808.980164
207845.101562
207881.160034
207917.096802
207953.137634
207989.278442
208025.198730
208061.097656
208097.237305
208133.178345
208169.185913
208205.318359
208241.277588
208277.282166
208313.210327
208349.385437
208385.325928
208421.246338
208457.456421
208493.478638
208529.530823
208565.501587
208601.589844
208637.588989
208673.519470
208709.641357
208745.653564
208781.629578
208817.703064
208853.810913
208889.795227
208925.806030
208961.944458
208997.979187
209033.959351
209069.984985
209106.224487
209142.049927
209178.084656
209214.000916
209250.118530
209286.155457
209322.081970
209358.221436
209394.346313
209430.297974
209466.276794
209502.363281
209538.352173
209574.334229
209610.388550
209646.514282
209682.457886
209718.470215
209754.529907
209790.368347
209826.293945
209862.305969
209898.323975
209934.301880
209970.265564
210006.457703
210042.381714
210078.326416
210114.565552
210150.515198
210186.434631
210222.465088
210258.541382
210294.458862
210330.450134
210366.538757
210402.418274
210438.427124
210474.346313
210510.452515
210546.375061
210582.378418
210618.447083
210654.316589
210690.292725
210726.257385
210762.396362
210798.316040
210834.304504
210870.518616
210906.456238
210942.382385
210978.480042
211014.517456
211050.509644
211086.447571
211122.562988
211158.612488
211194.535339
211230.681580
211266.728638
211302.712463
211338.726257
211374.770508
211410.713379
211446.677551
211482.685791
211518.743774
211554.657837
211590.626038
211626.809570
211662.731750
211698.713074
211734.800781
211770.757812
211806.730713
211842.698425
211878.838135
211914.773254
211950.655823
211986.840759
212022.774658
212058.755188
212094.693909
212130.778809
212166.760620
212202.694458
212238.897339
212274.871521
212310.783325
212346.808899
212382.890137
212418.864624
212454.889893
212490.992859
212527.002686
212562.903809
212598.944580
212634.965332
212670.869263
212706.891174
212742.976929
212778.958130
212814.880066
212850.990784
212887.004272
212922.934265
212958.953369
212995.065857
213030.993103
213066.999268
213103.096497
213139.119263
213175.076294
213211.000916
213247.158691
213283.076233
213318.990845
213355.099915
213391.051025
213427.033997
213462.947815
213499.111511
213535.020935
213570.936218
213607.121338
213643.060974
213678.956055
213714.976196
213751.056519
213787.011047
213822.938660
213859.010437
213894.977661
213930.924255
213966.955750
214003.026306
214038.946594
214074.898560
214110.822510
214146.983093
214182.897034
214218.791992
214254.950195
214290.946289
214326.947388
214362.892334
214399.062073
214435.025146
214470.942261
214507.151489
214543.122131
214579.089478
214615.092346
214651.206360
214687.164856
214723.072632
214759.295715
214795.254272
214831.233032
214867.305542
214903.421448
214939.446655
214975.432983
215011.568481
215047.569519
215083.517761
215119.568054
215155.691895
215191.653137
215227.616150
215263.820557
215299.802734
215335.833801
215371.912781
215408.004944
215443.988464
215479.962036
215516.152649
215552.087402
215588.100037
215624.162415
215660.234558
215696.180542
215732.119751
215768.320862
215804.276672
215840.208801
215876.397583
215912.309509
215948.322388
215984.285522
216020.407043
216056.390137
216092.330078
216128.538025
216164.515198
216200.443420
216236.466797
216272.592590
216308.599487
216344.541199
216380.629272
216416.593018
216452.524353
216488.598999
216524.708557
216560.714233
216596.761536
216632.915955
216668.968201
216704.889771
216740.957886
216777.076843
216813.002625
216849.035645
216885.135559
216921.119446
216957.053772
216993.013245
217029.130066
217065.073181
217101.079895
217137.210510
217173.189636
217209.199158
217245.222961
217281.376526
217317.331543
217353.313721
217389.482117
217425.434570
217461.438599
217497.501160
217533.575989
217569.528992
217605.472900
217641.671387
217677.632080
217713.569336
217749.802551
217785.718201
217821.612854
217857.620178
217893.677979
217929.625916
217965.539551
218001.642456
218037.648254
218073.553894
218109.515930
218145.623779
218181.494324
218217.429504
218253.515869
218289.443970
218325.468140
218361.407288
218397.567139
218433.446289
218469.353027
218505.530212
218541.414001
218577.385620
218613.348999
218649.470032
218685.421875
218721.331543
218757.487061
218793.403992
218829.319946
218865.395508
218901.326111
218937.344055
218973.249878
219009.201233
219045.363953
219081.291809
219117.253967
219153.347046
219189.326599
219225.303284
219261.231812
219297.396484
219333.275208
219369.124512
219405.245300
219441.086670
219477.026306
219512.901489
219549.072266
219585.004517
219620.936829
219657.141968
219693.045105
219729.026245
219764.996033
219801.071167
219837.091064
219873.038147
219909.236694
219945.204407
219981.199890
220017.242737
220053.284363
220089.291870
220125.230835
220161.375793
220197.312012
220233.179260
220269.260254
220305.272278
220341.253540
220377.170410
220413.261292
220449.299438
220485.206421
220521.335876
220557.289368
220593.180786
220629.218628
220665.275635
220701.222107
220737.197510
220773.304321
220809.305725
220845.242493
220881.251953
220917.363220
220953.280029
220989.277954
221025.403442
221061.395935
221097.440979
221133.442200
221169.642700
221205.594666
221241.553162
221277.783325
221313.714905
221349.718445
221385.697083
221421.787109
221457.785217
221493.691162
221529.859802
221565.821411
221601.687561
221637.750122
221673.801331
221709.770020
221745.765442
221781.925476
221817.930603
221853.862610
221889.895020
221926.011047
221961.999329
221998.004639
222034.135376
222070.094727
222106.104126
222142.156982
222178.208984
222214.155090
222250.180786
222286.263000
222322.193237
222358.234375
222394.371826
222430.337769
222466.363953
222502.358215
222538.532776
222574.492981
222610.450806
222646.698608
222682.666016
222718.675171
222754.688293
222790.771118
222826.809448
222862.777344
222899.006653
222934.973206
222970.925903
223007.074646
223043.122009
223079.098022
223115.170044
223151.466187
223187.474731
223223.524292
223259.662598
223295.781006
223331.746643
223367.822754
223403.987183
223440.042603
223476.027405
223512.164368
223548.265991
223584.294434
223620.350464
223656.506714
223692.515503
223728.595398
223764.759460
223800.805603
223836.774719
223872.811035
223908.835449
223945.025085
223980.998657
224017.027405
224053.272583
224089.290344
224125.320312
224161.396179
224197.486389
224233.557739
224269.570618
224305.795166
224341.829102
224377.847229
224414.038452
224450.099487
224486.066895
224522.128967
224558.275757
224594.338684
224630.340454
224666.584778
224702.567444
224738.539551
224774.635376
224810.795410
224846.844360
224882.841980
224919.021057
224955.120056
224991.101685
225027.128174
225063.357422
225099.339966
225135.335449
225171.601501
225207.587769
225243.696899
225279.756348
225315.905701
225351.985352
225388.002258
225424.236267
225460.261902
225496.255798
225532.402283
225568.523438
225604.529358
225640.477234
225676.725342
225712.699585
225748.728882
225784.875488
225821.010559
225857.075989
225893.105225
225929.293823
225965.364685
226001.325500
226037.459717
226073.611206
226109.600830
226145.670471
226181.822327
226217.859863
226253.844360
226289.918396
226326.102112
226362.124451
226398.110657
226434.348938
226470.349060
226506.353516
226542.440735
226578.530762
226614.547058
226650.594971
226686.752014
226722.715454
226758.764648
226794.816345
226830.957275
226866.918457
226902.913574
226939.126160
226975.131470
227011.213562
227047.366760
227083.351501
227119.390320
227155.393677
227191.659912
227227.646545
227263.660217
227299.936401
227335.903442
227371.989807
227408.010986
227444.204712
227480.184265
227516.157410
227552.372803
227588.275330
227624.197144
227660.220154
227696.303162
227732.352539
227768.290405
227804.411072
227840.482178
227876.398071
227912.487793
227948.555542
227984.492981
228020.521118
228056.696350
228092.753784
228128.716064
228164.838501
228200.935120
228236.904785
228272.951965
228309.063354
228345.112671
228381.077271
228417.173096
228453.317749
228489.297729
228525.364990
228561.529419
228597.495178
228633.532837
228669.647888
228705.596924
228741.559387
228777.587891
228813.604919
228849.710266
228885.756287
228921.745789
228958.022888
228993.990967
229029.958618
229066.057190
229102.152100
229138.166992
229174.128113
229210.278015
229246.283508
229282.229919
229318.356079
229354.429504
229390.392822
229426.404602
229462.527100
229498.583496
229534.546387
229570.618225
229606.754517
229642.692139
229678.753418
229714.910950
229750.858643
229786.900146
229823.017334
229859.041321
229895.011475
229930.965393
229967.136780
230003.078186
230039.100891
230075.262451
230111.252197
230147.312927
230183.276367
230219.482849
230255.426758
230291.389160
230327.581360
230363.519714
230399.545959
230435.524597
230471.643250
230507.684143
230543.663513
230579.811707
230615.854858
230651.826477
230687.903625
230723.976440
230759.895325
230795.884399
230832.005249
230867.991150
230903.904053
230939.955139
230976.020264
231011.990234
231047.996582
231084.092102
231120.088806
231156.019043
231191.998047
231228.110779
231264.024048
231300.078979
231336.160400
231372.097229
231408.093201
231444.124634
231480.207520
231516.090881
231552.017456
231588.159485
231624.057190
231659.989685
231696.111206
231732.124023
231768.126526
231804.078247
231840.255554
231876.206482
231912.122986
231948.309814
231984.247437
232020.258423
232056.214111
232092.363098
232128.297729
232164.257629
232200.434204
232236.367004
232272.370056
232308.356445
232344.469849
232380.412720
232416.367615
232452.559204
232488.490051
232524.437683
232560.528015
232596.559631
232632.635010
232668.619141
232704.767151
232740.837402
232776.779785
232812.822632
232848.884155
232884.825806
232920.863342
232957.010925
232992.873169
233028.849670
233064.797852
233100.937561
233136.885925
233172.824097
233209.009521
233244.939331
233280.944946
233316.992920
233353.122864
233389.047852
233424.997192
233461.183838
233497.136902
233533.117004
233569.228271
233605.151184
233641.074524
233676.951172
233712.972107
233749.023499
233785.013428
233820.940796
233857.107971
233893.157410
233929.114441
233965.174072
234001.242676
234037.145691
234073.167908
234109.287903
234145.236084
234181.135620
234217.187805
234253.214905
234289.141235
234325.132019
234361.205688
234397.199341
234433.088318
234469.196411
234505.191406
234541.105591
234577.095703
234613.118530
234649.187866
234685.066406
234721.082703
234757.217590
234793.173340
234829.141785
234865.278809
234901.208008
234937.194214
234973.276672
235009.267700
235045.274658
235081.243469
235117.349426
235153.338135
235189.277222
235225.483948
235261.444153
235297.435852
235333.453308
235369.589233
235405.640686
235441.524414
235477.745239
235513.650574
235549.582092
235585.594238
235621.690979
235657.695496
235693.554443
235729.664673
235765.591431
235801.463379
235837.441467
235873.552612
235909.520142
235945.508606
235981.628906
236017.636841
236053.546265
236089.475830
236125.627502
236161.589966
236197.553406
236233.733887
236269.650391
236305.643616
236341.594116
236377.690186
236413.699585
236449.622070
236485.807251
236521.730408
236557.688782
236593.717407
236629.830200
236665.777283
236701.752625
236737.997986
236773.956787
236809.922241
236846.052612
236882.092834
236918.136902
236954.075073
236990.205139
237026.229919
237062.201599
237098.380615
237134.398315
237170.391968
237206.350159
237242.471313
237278.566528
237314.500061
237350.718628
237386.718567
237422.654724
237458.689026
237494.828308
237530.803955
237566.829407
237602.978882
237639.024780
237675.000671
237711.015564
237747.212463
237783.202087
237819.188904
237855.484253
237891.434021
237927.483337
237963.470276
237999.546448
238035.566345
238071.430725
238107.577209
238143.593994
238179.509338
238215.545593
238251.676636
238287.590027
238323.617310
238359.701782
238395.593872
238431.583130
238467.623779
238503.672241
238539.610657
238575.637390
238611.618225
238647.765076
238683.821594
238719.778381
238756.068970
238792.064636
238828.132690
238864.160767
238900.234924
238936.273743
238972.222961
239008.368652
239044.419373
239080.362305
239116.414551
239152.483521
239188.406799
239224.445984
239260.548523
239296.572205
239332.527344
239368.569763
239404.715149
239440.639099
239476.641663
239512.767578
239548.721008
239584.747070
239620.830688
239656.830383
239692.899902
239728.888489
239765.059692
239801.047180
239837.027222
239873.250916
239909.235535
239945.266052
239981.238403
240017.384277
240053.407288
240089.361145
240125.582397
240161.549316
240197.507690
240233.592285
240269.699219
240305.721619
240341.663330
240377.758850
240413.791809
240449.713501
240485.749207
240521.904419
240557.824951
240593.831665
240629.976074
240665.916626
240701.873413
240737.766541
240773.902039
240809.844360
240845.747742
240881.898254
240917.852051
240953.754211
240989.780212
241025.851257
241061.849182
241097.805176
241133.920654
241169.915222
241205.836731
241241.867920
241277.991211
241313.966309
241350.005981
241386.123108
241422.083618
241458.110779
241494.153564
241530.214417
241566.140381
241602.070068
241638.210693
241674.134644
241710.109375
241746.204651
241782.198059
241818.104248
241854.062012
241890.218689
241926.160156
241962.151001
241998.283569
242034.229614
242070.265991
242106.263916
242142.335754
242178.372620
242214.302673
242250.493652
242286.406555
242322.424255
242358.431641
242394.485413
242430.493225
242466.448181
242502.562988
242538.588440
242574.511230
242610.542908
242646.639465
242682.591614
242718.576294
242754.719971
242790.673950
242826.703125
242862.720581
242898.821106
242934.784851
242970.813538
243006.912720
243042.865723
243078.893372
243115.010864
243151.016113
243186.955139
243222.858582
243259.078430
243295.060364
243331.106628
243367.245789
243403.266785
243439.252197
243475.197571
243511.306030
243547.312683
243583.331543
243619.267090
243655.386353
243691.390137
243727.322998
243763.300232
243799.378296
243835.303467
243871.316772
243907.429626
243943.378723
243979.386719
244015.432678
244051.507324
244087.452332
244123.460266
244159.620605
244195.558716
244231.589844
244267.752625
244303.804810
244339.744507
244375.726501
244411.906860
244447.869019
244483.865784
244519.968872
244555.918030
244591.896790
244627.852661
244663.949585
244699.856567
244735.775757
244771.912659
244807.805847
244843.799683
244879.796143
244915.833069
244951.791809
244987.739014
245023.869995
245059.804626
245095.766541
245131.892090
245167.862000
245203.922668
245239.860901
245275.969299
245311.965454
245347.904236
245383.986206
245419.999756
245455.923828
245491.945740
245528.063965
245564.031372
245600.041809
245636.117737
245672.178101
245708.124146
245744.053894
245780.182007
245816.095520
245852.097412
245888.200989
245924.144958
245960.148743
245996.111694
246032.315430
246068.277222
246104.209290
246140.340820
246176.243835
246212.252869
246248.207764
246284.296997
246320.270996
246356.141541
246392.279907
246428.136658
246464.058228
246500.029297
246536.057983
246572.046204
246607.920288
246644.000488
246679.987000
246715.883362
246751.865234
246787.961853
246823.884155
246859.893127
246895.997742
246931.995361
246967.878601
247003.878723
247039.936829
247075.841125
247111.820801
247147.896790
247183.817444
247219.787720
247255.831787
247291.869263
247327.772217
247363.744690
247399.880005
247435.813477
247471.772522
247507.882812
247543.888733
247579.773987
247615.784546
247651.939148
247687.848083
247723.867859
247759.951233
247795.895203
247831.892334
247867.794373
247903.891479
247939.883545
247975.775635
248011.935486
248047.861572
248083.770508
248119.784729
248155.823914
248191.862671
248227.751831
248263.897339
248299.894531
248335.860107
248371.793762
248407.962463
248443.885376
248479.902039
248515.875793
248552.177429
248588.130798
248624.074219
248660.218750
248696.163208
248732.090210
248768.115601
248804.194885
248840.157593
248876.090149
248912.219299
248948.247131
248984.168762
249020.136658
249056.321716
249092.278015
249128.262695
249164.338196
249200.297852
249236.158691
249272.086609
249308.239380
249344.165771
249380.085266
249416.264954
249452.180969
249488.180176
249524.132141
249560.196533
249596.202759
249632.134399
249668.321167
249704.249207
249740.202148
249776.296936
249812.358154
249848.358765
249884.325500
249920.460693
249956.462341
249992.393799
250028.530884
250064.523987
250100.389648
250136.318542
250172.392273
250208.301331
250244.299011
250280.335571
250316.531067
250352.513306
250388.467773
250424.689758
250460.658569
250496.667786
250532.712158
250568.757385
250604.789246
250640.759094
250676.965332
250712.922668
250748.984375
250785.040710
250821.075684
250857.114136
250893.079773
250929.307983
250965.235962
251001.140991
251037.293884
251073.270874
251109.293640
251145.211182
251181.382935
251217.317322
251253.231384
251289.439209
251325.426147
251361.461548
251397.429993
251433.564331
251469.627869
251505.604675
251541.858765
251577.804688
251613.777710
251649.850708
251685.933960
251721.951355
251757.922119
251794.056885
251830.086914
251866.033020
251902.117859
251938.157776
251974.057739
252010.099304
252046.235229
252082.150635
252118.174561
252154.195862
252190.339233
252226.305359
252262.328674
252298.451660
252334.458679
252370.441528
252406.498230
252442.563721
252478.512817
252514.475220
252550.675903
252586.619507
252622.617004
252658.754761
252694.804749
252730.777649
252766.761108
252802.958740
252838.956238
252874.960022
252911.169739
252947.114624
252983.143188
253019.118164
253055.240662
253091.278137
253127.235779
253163.405090
253199.415955
253235.343933
253271.459961
253307.503601
253343.538330
253379.511475
253415.483948
253451.743591
253487.742554
253523.739624
253559.822693
253595.845825
253631.861145
253667.800903
253703.958801
253739.935913
253775.847778
253812.026611
253847.965698
253883.943542
253919.901794
253956.089600
253992.051147
254028.059509
254064.181946
254100.115417
254136.111389
254172.066467
254208.230408
254244.176331
254280.189819
254316.344543
254352.354858
254388.369080
254424.411865
254460.575439
254496.533325
254532.494019
254568.594604
254604.524475
254640.526855
254676.563599
254712.625977
254748.632446
254784.645081
254820.850952
254856.824768
254892.826294
254928.992554
254965.071960
255001.069946
255037.099915
255073.219177
255109.263977
255145.203796
255181.273071
255217.417419
255253.349426
255289.377014
255325.559692
255361.544922
255397.591858
255433.654846
255469.768311
255505.746399
255541.756836
255577.877625
255613.816040
255649.789734
255685.895325
255721.917358
255757.886353
255793.899597
255830.049255
255865.958008
255901.947021
255938.049805
255974.037842
256010.080688
256046.032715
256082.242004
256118.210815
256154.130920
256190.318970
256226.278931
256262.256775
256298.191833
256334.279968
256370.288086
256406.216431
256442.386292
256478.371277
256514.303467
256550.373718
256586.436096
256622.440613
256658.370056
256694.519653
256730.566956
256766.499878
256802.575317
256838.682251
256874.618591
256910.641968
256946.780884
256982.724060
257018.710815
257054.743042
257090.737793
257126.740906
257162.675598
257198.885681
257234.835632
257270.864563
257306.972839
257342.945251
257378.857910
257414.770630
257450.987488
257486.951111
257522.945618
257559.045959
257595.038879
257631.011963
257666.996399
257703.196777
257739.132629
257775.130188
257811.275818
257847.242004
257883.261414
257919.189636
257955.363525
257991.332581
258027.288513
258063.497742
258099.365173
258135.360291
258171.313049
258207.336914
258243.435730
258279.352600
258315.314819
258351.548767
258387.518677
258423.524719
258459.507996
258495.515808
258531.554932
258567.492493
258603.665527
258639.628418
258675.613831
258711.820496
258747.826904
258783.844116
258819.841431
258855.941650
258891.926025
258927.858765
258963.953674
258999.975769
259036.001343
259072.045715
259108.143677
259144.160828
259180.133484
259216.249939
259252.315918
259288.260315
259324.238220
259360.382019
259396.311462
259432.311462
259468.435669
259504.426208
259540.460083
259576.510986
259612.606812
259648.512329
259684.575500
259720.711792
259756.687256
259792.689697
259828.738831
259864.851013
259900.770996
259936.675842
259972.825134
260008.646423
260044.474182
260080.473816
260116.535950
260152.462158
260188.481689
260224.631653
260260.617798
260296.549805
260332.498901
260368.674683
260404.614380
260440.544006
260476.726135
260512.658447
260548.649780
260584.648987
260620.80053