41729.357849
41753.776733
41783.182739
41812.753052
41842.183716
41871.597656
41901.126587
41930.528870
41960.011169
41989.515076
42018.972656
42048.351807
42077.808533
42107.227173
42136.659546
42166.118958
42195.481567
42224.939575
42254.438660
42283.922791
42313.343689
42342.934448
42372.347900
42401.848328
42431.374756
42460.925171
42490.381775
42519.908447
42549.413269
42578.913757
42608.586121
42638.071533
42667.675842
42697.276550
42726.868591
42756.419434
42786.025696
42815.619751
42845.215515
42874.859009
42904.454407
42934.104187
42963.713745
42993.389771
43022.968750
43052.598389
43082.283508
43111.945312
43141.546204
43171.239929
43200.899170
43230.484192
43260.203308
43289.829834
43319.514954
43349.151245
43378.850952
43408.463867
43438.201538
43467.838684
43497.527649
43527.235901
43556.896362
43586.601257
43616.294922
43646.075806
43675.745972
43705.569336
43735.261536
43765.027527
43794.764221
43824.465881
43854.263367
43884.124329
43913.805603
43943.558533
43973.254761
44003.010498
44032.780884
44062.509460
44092.235718
44121.897888
44151.656311
44181.294983
44211.001648
44240.666626
44270.379761
44300.011963
44329.668274
44359.378723
44388.992615
44418.754272
44448.349060
44478.022644
44507.677246
44537.408508
44567.049927
44596.727112
44626.432617
44656.098389
44685.843018
44715.580383
44745.313477
44775.019226
44804.809814
44834.472778
44864.174316
44893.934937
44923.688843
44953.364014
44983.112366
45012.894958
45042.582825
45072.434326
45102.146912
45131.926453
45161.708679
45191.490295
45221.188049
45250.966980
45280.749756
45310.438354
45340.260864
45369.981506
45399.771545
45429.571472
45459.389160
45489.067993
45518.896484
45548.599365
45578.336792
45608.082642
45637.839294
45667.514526
45697.259216
45726.991394
45756.719971
45786.485718
45816.197083
45845.958130
45875.693848
45905.448364
45935.118103
45964.870850
45994.534363
46024.260620
46053.950989
46083.734802
46113.363281
46143.100037
46172.863586
46202.514038
46232.247314
46262.019958
46291.812073
46321.548035
46351.375122
46381.055298
46410.902954
46440.729370
46470.531982
46500.311401
46530.176208
46559.942566
46589.703247
46619.584106
46649.384705
46679.254456
46709.063110
46738.912781
46768.685242
46798.568848
46828.326721
46858.144104
46887.976135
46917.765869
46947.640503
46977.529541
47007.376892
47037.160522
47067.077026
47096.855652
47126.745117
47156.582031
47186.380920
47216.153687
47246.036621
47275.812988
47305.692993
47335.546448
47365.359741
47395.215088
47425.128296
47455.022644
47484.791931
47514.708008
47544.532898
47574.458130
47604.306213
47634.275085
47664.162781
47694.115723
47724.054626
47753.906738
47783.800842
47813.676453
47843.580139
47873.477661
47903.450684
47933.348572
47963.222229
47993.132935
48023.083374
48052.942627
48082.941711
48112.816528
48142.740723
48172.701172
48202.652893
48232.539185
48262.529297
48292.459595
48322.337891
48352.311462
48382.187012
48412.107666
48442.072083
48471.999573
48501.852722
48531.869446
48561.750122
48591.665283
48621.570251
48651.447510
48681.376038
48711.336853
48741.285461
48771.202698
48801.211426
48831.056763
48860.989807
48890.900208
48920.841370
48950.684082
48980.665405
49010.566406
49040.509094
49070.473816
49100.454224
49130.439575
49160.341125
49190.400940
49220.318970
49250.264038
49280.243225
49310.208252
49340.116882
49370.190735
49400.154846
49430.136169
49460.116760
49490.072754
49520.073059
49550.089722
49580.102600
49610.047424
49640.108521
49669.998413
49699.941467
49729.923157
49759.906555
49789.846436
49819.891541
49849.829346
49879.822693
49909.815430
49939.783691
49969.776489
49999.788635
50029.795959
50059.754395
50089.830322
50119.783081
50149.789062
50179.788452
50209.716919
50239.621155
50269.643921
50299.555786
50329.467224
50359.497253
50389.349365
50419.266846
50449.264526
50479.256592
50509.166626
50539.144531
50569.128052
50598.985962
50628.968811
50658.878357
50688.780762
50718.656189
50748.650391
50778.520142
50808.422607
50838.418640
50868.298767
50898.257812
50928.230896
50958.202637
50988.071838
51018.107178
51048.008118
51077.969482
51107.968811
51137.932678
51167.863525
51197.808044
51227.757996
51257.632385
51287.642212
51317.537720
51347.440857
51377.358215
51407.279480
51437.148987
51467.107605
51496.966858
51526.890137
51556.821594
51586.686401
51616.635742
51646.590454
51676.560669
51706.453613
51736.460999
51766.337585
51796.283813
51826.166260
51856.084900
51885.985962
51915.917114
51945.790710
51975.622314
52005.598267
52035.396057
52065.312134
52095.209290
52125.141968
52155.034363
52184.946350
52214.889465
52244.774353
52274.708008
52304.672424
52334.622009
52364.496155
52394.502258
52424.369019
52454.279663
52484.231201
52514.160034
52543.990417
52573.920288
52603.835388
52633.683228
52663.671875
52693.539062
52723.457458
52753.389832
52783.300476
52813.164856
52843.196228
52873.108032
52903.021851
52933.033875
52962.978821
52992.924805
53022.846008
53052.761414
53082.651794
53112.619446
53142.493042
53172.427673
53202.371460
53232.250244
53262.219421
53292.160767
53322.110596
53352.004517
53381.987793
53411.949524
53441.909119
53472.002075
53501.918274
53531.899353
53561.884644
53591.848450
53621.778381
53651.727905
53681.749817
53711.704712
53741.694885
53771.665710
53801.673462
53831.560059
53861.641968
53891.543152
53921.532715
53951.476440
53981.384216
54011.342834
54041.330872
54071.339050
54101.252014
54131.299255
54161.231445
54191.227600
54221.199036
54251.200806
54281.095825
54311.114624
54340.995422
54371.002014
54401.007629
54430.917114
54460.982849
54490.993286
54521.006165
54550.913025
54581.007568
54610.938599
54640.973572
54670.975769
54700.892395
54730.920593
54760.909607
54790.908752
54820.810791
54850.869568
54880.833130
54910.841492
54940.873840
54970.883301
55000.855103
55030.931335
55060.855103
55090.855591
55120.878357
55150.867554
55180.812927
55210.810120
55240.895020
55270.844299
55300.908142
55330.975830
55361.022705
55390.973206
55421.052612
55451.036560
55481.067261
55511.109253
55541.137695
55571.078369
55601.192627
55631.187744
55661.205566
55691.222351
55721.180420
55751.161377
55781.150024
55811.182068
55841.155090
55871.240173
55901.203003
55931.224731
55961.261169
55991.312988
56021.314758
56051.429810
56081.438904
56111.509155
56141.580383
56171.608093
56201.588684
56231.706726
56261.661316
56291.655029
56321.753601
56351.721924
56381.761780
56411.817139
56441.907776
56471.879944
56501.980408
56531.957214
56561.995422
56592.012939
56622.057007
56652.069397
56682.123169
56712.175537
56742.163757
56772.244629
56802.270142
56832.327820
56862.330261
56892.453247
56922.467651
56952.507080
56982.552429
57012.565857
57042.650757
57072.694397
57102.749390
57132.768494
57162.896301
57192.902222
57222.947754
57252.998657
57283.059753
57313.033142
57343.141907
57373.142090
57403.177246
57433.214783
57463.251831
57493.203735
57523.251648
57553.316956
57583.273376
57613.358765
57643.355408
57673.410339
57703.426758
57733.460205
57763.431885
57793.542419
57823.509766
57853.536011
57883.564331
57913.582275
57943.548340
57973.624451
58003.568726
58033.481750
58063.575073
58093.571106
58123.569580
58153.594482
58183.610474
58213.569763
58243.659790
58273.660583
58303.705200
58333.653931
58363.733643
58393.712158
58423.726196
58453.770630
58483.826111
58513.806396
58543.865051
58573.931091
58603.931030
58634.059814
58664.035583
58694.063660
58724.085938
58754.084412
58784.089905
58814.169495
58844.161560
58874.218811
58904.294128
58934.383179
58964.422180
58994.474548
59024.512817
59054.458862
59084.557129
59114.576233
59144.600952
59174.692871
59204.755493
59234.725586
59264.840027
59294.838928
59324.922485
59354.975464
59385.029602
59414.983765
59445.022888
59475.038757
59505.019653
59535.108215
59565.081665
59595.157776
59625.197632
59655.239746
59685.233765
59715.373108
59745.333008
59775.383972
59805.411194
59835.489990
59865.495972
59895.542480
59925.627075
59955.627625
59985.644226
60015.692200
60045.735840
60075.710999
60105.805481
60135.807068
60165.855652
60195.857483
60225.884155
60255.845276
60285.906921
60315.950378
60345.920959
60375.987366
60405.954224
60435.990479
60466.033813
60496.080811
60526.083923
60556.182739
60586.150818
60616.195801
60646.221741
60676.184875
60706.219421
60736.339905
60766.438110
60796.479675
60826.676636
60857.355591
60888.501465
60919.631104
60950.766357
60981.820312
61012.979004
61044.114258
61075.242310
61106.396606
61137.473267
61168.596924
61199.735291
61230.887268
61261.956482
61293.127441
61324.240234
61355.347412
61385.305847
61415.374695
61445.259705
61475.128723
61505.182617
61535.088623
61565.057434
61595.018250
61624.961792
61654.826538
61684.876343
61714.763306
61744.633057
61774.675049
61804.582642
61834.561584
61864.538940
61894.422180
61924.280396
61954.313904
61984.173462
62014.101135
62044.079651
62073.993958
62103.991089
62133.992737
62163.959167
62193.845825
62223.923462
62253.836609
62283.812744
62313.829407
62343.798462
62373.672485
62403.582764
62433.495239
62463.351990
62493.366333
62523.238220
62553.161743
62583.091614
62613.071106
62642.973572
62672.844116
62702.884949
62732.783142
62762.762451
62792.784607
62822.752930
62852.639587
62882.624084
62912.601501
62942.524292
62972.601868
63002.498474
63032.491089
63062.482117
63092.470398
63122.315369
63152.290894
63182.224915
63212.152039
63242.194885
63272.113159
63302.096008
63332.115845
63362.075745
63391.971130
63421.935242
63451.906311
63481.803162
63511.869202
63541.742615
63571.702637
63601.671997
63631.511597
63661.420349
63691.337463
63721.274048
63751.138184
63781.145264
63811.016296
63840.923828
63870.838013
63900.767212
63930.694275
63961.083435
63991.335754
64021.493286
64051.691284
64081.784729
64111.765259
64141.486206
64171.352905
64201.028809
64230.689697
64260.521057
64290.168274
64319.864990
64349.608643
64379.341309
64409.014343
64438.793213
64468.530334
64498.250488
64528.158508
64557.906921
64587.662109
64617.507446
64647.314697
64677.029480
64706.905334
64736.610718
64766.369690
64796.209534
64825.904907
64855.676636
64885.447632
64915.211853
64944.858154
64974.689209
65004.394348
65034.150818
65064.007874
65093.735474
65123.477295
65153.233826
65183.043152
65212.771790
65242.648560
65272.390015
65302.150635
65331.943726
65361.740051
65391.461243
65421.174500
65451.012634
65480.683472
65510.420837
65540.221558
65569.984131
65599.630432
65629.447876
65659.097717
65688.739746
65718.571838
65748.242859
65777.978149
65807.762390
65837.533325
65867.255554
65897.106567
65926.761536
65956.452271
65986.252075
66015.960388
66045.625793
66075.426392
66105.174072
66134.797913
66164.630310
66194.307129
66224.059509
66253.841064
66283.567993
66313.244324
66343.052917
66372.716370
66402.530823
66432.348572
66462.150879
66491.853516
66521.669067
66551.526306
66581.259277
66611.096191
66640.814331
66670.565491
66700.332947
66730.116943
66759.809570
66789.636536
66819.397461
66849.069519
66878.841309
66908.688660
66938.441650
66968.129700
66998.039734
67027.739807
67057.443420
67087.230530
67117.027710
67146.743591
67176.585510
67206.413513
67236.143066
67266.027222
67295.781311
67325.533691
67355.380310
67385.121399
67414.776917
67444.633118
67474.332825
67504.079224
67533.878479
67563.617920
67593.330139
67623.154602
67652.925781
67682.640259
67712.514038
67742.233337
67772.048096
67801.833862
67831.611572
67861.300171
67891.139587
67920.855774
67950.588928
67980.399719
68010.125305
68039.856323
68069.604431
68099.389160
68129.006653
68158.756531
68188.477417
68218.200928
68247.825867
68277.630310
68307.371826
68337.152832
68366.948975
68396.596130
68426.288696
68456.119446
68485.866516
68515.545227
68545.393372
68575.072693
68604.814819
68634.592834
68664.351501
68694.038025
68723.818542
68753.567139
68783.230469
68813.058044
68842.760315
68872.449829
68902.177551
68931.880005
68961.540649
68991.364685
69021.042603
69050.752258
69080.476807
69110.181030
69139.903503
69169.709961
69199.487793
69229.204468
69259.093384
69288.786865
69318.541260
69348.294067
69378.047119
69407.732544
69437.507324
69467.152710
69496.807739
69526.521790
69556.220459
69585.895813
69615.527466
69645.370117
69674.986633
69704.648560
69734.395813
69764.056030
69793.684143
69823.515625
69853.230591
69882.922546
69912.778198
69942.479614
69972.226624
70002.007568
70031.721252
70061.397766
70091.176819
70120.891052
70150.570007
70180.441467
70210.099854
70239.803711
70269.521790
70299.260620
70328.949585
70358.812927
70388.446594
70418.154297
70447.945435
70477.583618
70507.321228
70537.112244
70566.845398
70596.504211
70626.372498
70656.044800
70685.777222
70715.549561
70745.337830
70774.995361
70804.809570
70834.489563
70864.179504
70893.913574
70923.593262
70953.248779
70982.885071
71012.694214
71042.307007
71072.017456
71101.765747
71131.510376
71161.142273
71190.995972
71220.660400
71250.425476
71280.235840
71309.951965
71339.666870
71369.439331
71399.188660
71428.803284
71458.621277
71488.253174
71517.989380
71547.769531
71577.506714
71607.118713
71636.945557
71666.603271
71696.293884
71726.044312
71755.662659
71785.356445
71815.106323
71844.837830
71874.537964
71904.374939
71934.062500
71963.789490
71993.564941
72023.278442
72053.026794
72082.829651
72112.664795
72142.383728
72172.233032
72201.983459
72231.701660
72261.496826
72291.237366
72320.933838
72350.598083
72380.439575
72410.117249
72439.813477
72469.564697
72499.305298
72528.963684
72558.759033
72588.526917
72618.216919
72648.042358
72677.707764
72707.502869
72737.277405
72766.997742
72796.688232
72826.593140
72856.312561
72885.977539
72915.824280
72945.518188
72975.262085
73005.048096
73034.769897
73064.459290
73094.222168
73123.924622
73153.545288
73183.372437
73212.971558
73242.696472
73272.475281
73302.257812
73331.941345
73361.808228
73391.487000
73421.231201
73451.017395
73480.695068
73510.432556
73540.258728
73569.998352
73599.707336
73629.523926
73659.196533
73688.917908
73718.543579
73748.349121
73778.033020
73807.715515
73837.444153
73867.040527
73896.744629
73926.480164
73956.182129
73985.773010
74015.545959
74045.145630
74074.856262
74104.579102
74134.266541
74163.898804
74193.646606
74223.356628
74253.015320
74282.827759
74312.474976
74342.178406
74371.918579
74401.543701
74431.201538
74460.944031
74490.690186
74520.300110
74550.100586
74579.755798
74609.445618
74639.187500
74668.883118
74698.540100
74728.308289
74758.076477
74787.771240
74817.578430
74847.268127
74877.013794
74906.789185
74936.511658
74966.211182
74995.952454
75025.702759
75055.331482
75084.966187
75114.695923
75144.349609
75173.972046
75203.788696
75233.421875
75263.093811
75292.786499
75322.402161
75352.068787
75381.750854
75411.436829
75441.095520
75470.949341
75500.597229
75530.258728
75559.976929
75589.629028
75619.556274
75649.301880
75679.059631
75708.758362
75738.559570
75768.248474
75797.932617
75827.790771
75857.488708
75887.209167
75916.923096
75946.579773
75976.275146
76006.009644
76035.709351
76065.361755
76095.100891
76124.814636
76154.458374
76184.238953
76213.854980
76243.517639
76273.237244
76302.920959
76332.508057
76362.167603
76391.908447
76421.540771
76451.249817
76480.929077
76510.588745
76540.218323
76569.930786
76599.601868
76629.225708
76658.950378
76688.572083
76718.195190
76747.955444
76777.576843
76807.252625
76836.969727
76866.627380
76896.326233
76926.072144
76955.826965
76985.491760
77015.212891
77044.913757
77074.548157
77104.353577
77133.988464
77163.663330
77193.435425
77223.041138
77252.695190
77282.398193
77312.097046
77341.733093
77371.477539
77401.087708
77430.723511
77460.471191
77490.103638
77519.778931
77549.464355
77579.226440
77608.836731
77638.639465
77668.311035
77697.937805
77727.731445
77757.412231
77787.147888
77816.866821
77846.532288
77876.215820
77905.856812
77935.588562
77965.192200
77994.881348
78024.595581
78054.228210
78083.895508
78113.570068
78143.263489
78172.908508
78202.697327
78232.329773
78261.973389
78291.745850
78321.389832
78351.070862
78380.757629
78410.356445
78440.041687
78469.790955
78499.485718
78529.109619
78558.867981
78588.563477
78618.225098
78648.032837
78677.737976
78707.416565
78737.174011
78766.860168
78796.524902
78826.294067
78855.940186
78885.623169
78915.432800
78945.088562
78974.795715
79004.538452
79034.228821
79063.934448
79093.683350
79123.416077
79153.065552
79182.889709
79212.524963
79242.192871
79271.926758
79301.602966
7933