130593.393799
130623.623718
130653.590881
130683.516724
130713.538330
130743.497192
130773.515259
130803.550842
130833.580017
130863.530212
130893.590881
130923.526428
130953.459778
130983.514526
131013.454712
131043.456726
131073.460327
131103.447083
131133.387695
131163.456787
131193.388550
131223.394592
131253.359680
131283.316650
131313.237793
131343.272766
131373.162903
131403.066895
131433.104492
131463.011353
131492.954834
131522.931946
131552.897095
131582.790283
131612.765808
131642.733276
131672.654480
131702.697327
131732.622070
131762.586060
131792.528564
131822.480957
131852.378906
131882.266174
131912.258545
131942.169373
131972.153564
132002.118713
132032.101562
132062.054382
132092.055420
132122.035034
132151.970886
132182.009277
132211.942322
132241.920410
132271.891968
132301.788940
132331.741272
132361.700256
132391.660828
132421.542236
132451.583862
132481.495178
132511.462463
132541.472290
132571.388855
132601.358276
132631.350830
132661.301880
132691.231384
132721.262573
132751.179993
132781.108459
132811.107239
132840.986816
132870.957764
132900.942932
132930.927917
132960.874146
132990.873291
133020.855469
133050.747131
133080.800415
133110.746826
133140.694458
133170.662842
133200.632324
133230.558105
133260.555786
133290.524292
133320.445740
133350.387268
133380.439636
133410.434692
133440.351501
133470.290771
133500.277344
133530.175476
133560.217407
133590.182983
133620.131226
133650.123413
133680.091675
133710.016052
133740.043518
133769.935486
133799.882080
133829.851257
133859.780884
133889.645203
133919.601624
133949.539124
133979.471191
134009.487122
134039.364136
134069.323547
134099.306030
134129.228638
134159.198730
134189.282471
134219.259827
134249.278381
134279.321411
134309.274231
134339.248718
134369.268250
134399.254028
134429.193665
134459.277405
134489.217773
134519.228455
134549.231567
134579.218750
134609.164429
134639.160461
134669.166504
134699.111938
134729.154785
134759.083679
134789.104431
134819.040771
134849.137573
134879.081787
134909.027344
134939.057739
134968.984802
134998.991516
135029.039062
135059.089050
135089.080811
135119.581787
135150.628784
135181.703552
135212.126892
135241.861938
135271.656311
135301.524353
135331.341309
135361.075134
135391.019226
135420.792236
135450.536133
135480.469299
135510.255310
135540.042969
135569.912842
135599.759155
135629.943542
135659.929810
135689.518433
135719.181763
135748.829956
135778.485657
135808.068115
135837.814026
135867.400269
135897.048462
135926.740051
135956.334717
135985.945435
136015.610535
136045.222656
136074.807373
136104.533325
136134.149048
136163.751221
136193.354370
136223.086060
136252.671631
136282.375122
136312.121033
136341.727295
136371.418274
136401.153015
136430.857117
136460.491760
136490.285706
136519.826538
136549.496704
136579.191162
136608.850037
136638.460022
136668.224060
136697.800171
136727.466309
136757.157227
136786.806458
136816.370544
136846.039307
136875.693726
136905.236816
136934.996826
136964.536987
136994.181580
137023.845459
137053.499695
137083.095276
137112.803711
137142.374756
137171.984619
137201.689331
137231.273743
137260.950256
137290.628296
137320.307678
137349.923035
137379.635010
137409.279480
137438.956421
137468.632874
137498.334961
137527.963989
137557.684998
137587.357300
137617.044067
137646.635803
137676.320679
137705.922729
137735.455322
137765.165894
137794.748108
137824.480164
137854.244690
137883.943176
137913.647949
137943.406128
137973.131897
138002.788208
138032.586304
138062.236694
138091.939087
138121.668274
138151.381165
138181.029968
138210.824341
138240.525574
138270.223328
138299.943420
138329.615112
138359.350220
138389.093689
138418.844788
138448.469543
138478.262390
138507.947327
138537.563599
138567.383362
138597.068298
138626.841370
138656.606079
138686.354797
138716.051025
138745.911804
138775.636353
138805.460449
138835.251160
138865.027039
138895.309998
138925.844666
138956.177307
138986.465210
139016.782043
139047.153320
139077.496521
139107.819458
139138.277893
139168.526428
139199.166260
139229.855957
139260.508789
139291.085388
139321.7