150400.593567
150430.668396
150460.694397
150490.578918
150520.563660
150550.549194
150580.537598
150610.467590
150640.537537
150670.478027
150700.458557
150730.447510
150760.367310
150790.340515
150820.336853
150850.315552
150880.259094
150910.287354
150940.199402
150970.170044
151000.145142
151030.091553
151059.981873
151089.993103
151119.859802
151149.817017
151179.733337
151209.660950
151239.520691
151269.476807
151299.377380
151329.305908
151359.227417
151389.168823
151419.110840
151449.014221
151479.014282
151508.896851
151538.810120
151568.756958
151598.699036
151628.580200
151658.588684
151688.477905
151718.412048
151748.363220
151778.287109
151808.148132
151838.105957
151868.017761
151897.924072
151927.918518
151957.813232
151987.770386
152017.721680
152047.689392
152077.565125
152107.593384
152137.501831
152167.448059
152197.395142
152227.306213
152257.273438
152287.270020
152317.219360
152347.118103
152377.127136
152407.047668
152437.033569
152466.983704
152496.940308
152526.863831
152556.894958
152586.810791
152616.778870
152646.742432
152676.661194
152706.644165
152736.598816
152766.563354
152796.467834
152826.462769
152856.441101
152886.420898
152916.323669
152946.299194
152976.247498
153006.151428
153036.194885
153066.136841
153096.080933
153126.042480
153156.032410
153185.946411
153216.010254
153245.936523
153275.853516
153305.871216
153335.793823
153365.769470
153395.787476
153425.805237
153455.800049
153485.786804
153515.712646
153545.705688
153575.705811
153605.713928
153635.686401
153665.753723
153695.694336
153725.685608
153755.685059
153785.617737
153815.607544
153845.612610
153875.628296
153905.574829
153935.627563
153965.581970
153995.618652
154025.612183
154055.617798
154085.575378
154115.643188
154145.564575
154175.500977
154205.502991
154235.469849
154265.468872
154295.414795
154325.453613
154355.388611
154385.390503
154415.374817
154445.362671
154475.254517
154505.271240
154535.177246
154565.117004
154595.068604
154624.994690
154654.886719
154684.899353
154714.833862
154744.747620
154774.804871
154804.711060
154834.683472
154864.647156
154894.588989
154924.513550
154954.581299
154984.515625
155014.809143
155045.938171
155077.039001
155107.394287
155137.156799
155166.856934
155196.476807
155226.270142
155255.966309
155285.703125
155315.456421
155345.203369
155374.855225
155404.624390
155434.282104
155463.916809
155493.837646
155523.920532
155553.592529
155583.172729
155612.747314
155642.274231
155671.831909
155701.453125
155730.995239
155760.500916
155790.195618
155819.687988
155849.261719
155878.897522
155908.497681
155938.019775
155967.706665
155997.233887
156026.731628
156056.429016
156085.965942
156115.533142
156145.188293
156174.770691
156204.312927
156234.011536
156263.562744
156293.160400
156322.800415
156352.344910
156381.877502
156411.502014
156441.042847
156470.583862
156500.300781
156529.805298
156559.364075
156588.953674
156618.560303
156648.065369
156677.737854
156707.262207
156736.774902
156766.505005
156796.016052
156825.612610
156855.182373
156884.740784
156914.255005
156943.853088
156973.423523
157002.978333
157032.461487
157062.156311
157091.670654
157121.219604
157150.865112
157180.443298
157209.994751
157239.596069
157269.184875
157298.704102
157328.391663
157357.907471
157387.445862
157417.076965
157446.666565
157476.227783
157505.901978
157535.427795
157564.959900
157594.628784
157624.186096
157653.754883
157683.364380
157713.054382
157742.639771
157772.444336
157802.122498
157831.792053
157861.553162
157891.161133
157920.854980
157950.577820
157980.264282
158009.917358
158039.631042
158069.323792
158098.942627
158128.720215
158158.346558
158188.013062
158217.722778
158247.401855
158277.012451
158306.700195
158336.393616
158366.035156
158395.744507
158425.475220
158455.156006
158484.817139
158514.543396
158544.280212
158573.925537
158603.741638
158633.444885
158663.177490
158692.938110
158722.677490
158752.362793
158782.185303
158812.640381
158842.991333
158873.757996
158904.389099
158935.150940
158965.965271
158996.716187
159027.431641
159058.279785
159089.030090
159119.7