42048.572693
42083.945496
42119.304077
42153.291687
42185.723450
42220.696167
42257.294373
42293.999390
42329.566162
42365.073792
42400.686035
42436.992065
42472.725464
42508.339111
42543.871826
42579.498718
42616.014282
42651.612488
42687.113831
42722.686523
42759.410278
42795.120544
42830.735229
42866.266724
42901.920837
42938.154663
42974.390015
43009.921387
43045.466187
43081.049316
43116.631775
43152.247070
43188.477051
43225.010437
43260.480896
43296.051819
43331.586365
43367.191772
43402.732971
43438.254517
43474.328735
43511.008423
43546.578003
43582.074524
43617.707458
43653.252502
43688.794617
43724.384277
43759.898743
43795.502747
43831.041443
43867.108276
43903.827942
43939.296082
43974.857117
44010.328674
44045.912231
44081.337219
44117.000488
44152.504395
44188.093811
44223.617004
44259.163391
44294.751282
44331.303101
44367.814514
44403.319153
44438.921509
44474.470642
44510.027649
44545.645447
44581.158020
44616.748535
44652.284180
44687.908997
44723.433411
44759.106140
44796.031372
44832.003967
44867.576355
44903.089844
44938.661255
44974.197144
45009.786743
45045.307007
45080.924194
45116.465332
45151.986816
45187.588562
45223.543457
45260.480103
45296.471130
45332.057922
45367.600769
45403.129822
45438.729553
45474.318604
45509.928345
45545.456665
45581.075439
45616.653503
45652.286804
45689.335876
45725.553589
45761.142090
45796.676758
45832.272461
45867.807129
45903.449646
45938.988159
45974.497620
46010.100403
46045.668701
46081.645386
46118.520203
46154.575073
46190.095337
46225.624512
46261.218933
46296.730774
46332.327820
46367.870422
46403.452942
46439.018433
46476.065063
46512.386719
46547.980042
46583.461853
46619.104736
46654.648376
46690.220947
46726.400024
46763.358276
46799.428406
46834.925049
46870.566284
46906.116516
46942.602905
46979.564941
47015.273254
47050.900269
47087.092102
47124.122375
47160.383179
47196.250061
47233.141235
47270.242065
47306.400940
47343.392456
47380.278748
47416.818909
47453.748718
47490.242615
47527.288391
47564.240662
47600.836121
47637.832031
47674.483643
47711.427002
47748.475220
47785.054626
47822.075806
47858.796021
47895.662842
47932.735168
47969.302124
48006.336121
48042.934631
48079.955994
48116.741150
48153.480530
48190.477051
48227.008667
48264.030151
48300.584839
48337.609619
48374.456360
48411.112183
48448.163391
48484.723083
48521.749573
48558.340332
48595.352356
48631.950867
48668.934937
48705.535950
48742.414124
48779.073425
48816.050903
48852.760193
48889.673584
48926.197266
48963.194092
49000.072571
49036.790344
49073.832764
49110.389709
49147.458984
49184.013306
49220.996399
49257.519958
49294.504089
49331.146423
49368.082520
49405.097290
49441.682251
49478.709412
49515.271118
49552.250854
49588.910889
49625.940369
49662.473938
49699.478638
49736.461731
49773.142822
49810.173584
49846.851929
49883.832703
49920.611633
49957.431396
49994.522888
50031.153015
50068.167969
50105.114990
50141.666504
50178.719788
50215.252869
50252.249634
50288.941528
50325.816345
50362.572083
50399.430054
50436.254761
50473.054871
50510.144592
50546.667969
50583.718933
50620.267578
50657.271729
50694.319641
50730.822021
50767.930359
50804.556152
50841.614563
50878.626526
50915.167908
50952.263306
50988.762390
51025.779480
51062.525208
51099.281921
51136.328003
51172.827637
51209.859558
51246.383850
51283.420288
51320.034302
51357.019897
51393.691589
51430.466919
51467.522156
51504.067200
51541.125244
51577.738464
51614.784607
51651.367432
51688.336548
51725.375610
51761.941162
51799.025452
51835.613525
51872.695923
51909.313171
51946.286682
51982.953918
52019.846863
52056.652710
52093.545593
52130.557983
52167.130676
52204.138672
52240.782349
52277.787537
52314.525269
52351.460632
52388.229919
52425.081421
52462.064148
52497.354004
52533.963501
52570.758728
52606.395996
52642.078064
52678.524292
52714.262695
52749.905762
52785.496765
52821.616760
52857.726746
52893.356262
52928.944092
52964.599915
53000.753479
53037.079407
53072.625122
53108.262207
53143.867188
53179.458435
53215.478943
53252.019226
53287.648560
53323.177673
53358.851929
53394.414612
53430.087097
53465.670959
53501.685303
53538.494934
53574.023865
53609.634888
53645.190491
53680.812500
53716.371338
53751.990784
53787.556580
53823.751892
53860.397400
53895.894775
53931.498108
53966.995056
54002.604797
54038.158752
54073.723938
54109.345032
54144.891235
54180.482239
54216.800659
54253.308533
54288.807129
54324.417542
54359.963745
54395.489929
54431.107666
54466.669739
54502.271790
54537.805908
54573.346619
54608.909912
54645.140869
54681.950745
54717.440063
54752.929626
54788.538147
54824.063416
54859.667786
54895.201172
54930.819946
54966.364685
55001.894348
55037.540100
55073.055359
55109.953613
55146.076599
55181.650146
55217.188049
55252.723816
55288.314880
55323.814209
55359.427673
55394.957886
55430.530640
55466.083008
55501.590271
55537.565552
55574.465271
55610.235535
55645.731262
55681.317017
55716.786011
55752.383118
55787.915466
55823.486145
55859.011963
55894.578247
55930.102234
55965.612366
56002.148743
56038.889465
56074.454712
56109.975708
56145.530701
56181.013672
56216.582764
56252.093750
56287.640625
56323.172546
56358.703491
56394.289551
56431.061218
56467.546692
56503.041382
56538.613586
56574.108887
56609.610962
56645.213318
56680.731140
56716.324341
56751.851868
56787.592163
56824.458252
56860.672363
56896.198181
56931.781433
56967.323120
57002.864258
57038.375061
57073.904297
57110.013123
57146.939453
57182.767273
57218.278259
57253.870605
57289.370361
57324.965576
57361.254028
57398.225891
57434.064758
57469.623962
57505.227417
57541.584106
57578.571350
57614.252380
57649.881775
57686.859009
57723.772644
57759.337280
57796.306641
57833.284607
57869.587158
57906.511475
57943.169434
57980.015076
58017.002502
58053.609314
58090.573547
58127.207520
58164.134216
58201.143921
58237.766541
58274.788635
58311.476135
58348.412354
58385.485535
58422.075256
58459.082886
58495.705322
58532.686523
58569.395020
58606.203613
58643.221069
58679.797607
58716.819946
58753.323669
58790.441345
58827.035400
58863.993469
58900.663208
58937.653564
58974.640930
59011.171387
59048.252075
59084.774048
59121.826904
59158.384888
59195.430664
59231.953735
59269.004150
59305.542297
59342.522827
59379.097717
59415.970581
59452.700195
59489.671143
59526.237549
59563.214233
59599.830444
59636.781555
59673.416077
59710.306396
59746.914612
59783.877563
59820.495972
59857.455261
59894.021423
59931.055847
59967.596436
60004.665466
60041.285950
60078.228882
60115.241760
60151.854065
60188.927551
60225.512512
60262.451721
60299.131042
60336.077332
60372.682129
60409.691040
60446.692932
60483.353821
60520.458008
60556.971924
60594.061707
60630.765259
60667.715271
60704.733337
60741.392212
60778.376465
60814.923096
60851.998169
60888.617615
60925.604675
60962.601135
60999.098816
61036.195068
61072.817383
61109.787415
61146.727112
61183.363403
61220.373962
61256.957214
61294.015198
61331.060791
61367.717041
61404.651123
61441.393311
61478.323975
61515.164551
61551.920959
61588.943115
61625.547241
61662.517395
61699.180237
61736.199890
61772.701782
61809.779358
61846.638184
61883.498230
61920.557495
61957.118225
61994.224854
62030.738586
62067.750366
62104.332031
62141.260315
62178.074158
62214.879883
62251.940613
62288.517944
62325.602905
62362.189453
62399.272156
62435.907288
62472.905212
62509.603516
62546.442810
62583.520447
62620.096252
62657.123291
62693.674622
62730.744934
62767.436218
62804.380615
62841.167236
62878.084717
62915.175476
62951.778015
62988.878845
63025.480286
63062.506042
63099.226562
63136.247681
63172.924011
63209.928345
63246.593628
63283.692078
63320.574890
63357.403564
63394.389038
63431.166565
63468.138855
63504.860229
63541.879211
63578.533203
63615.629639
63652.222534
63689.362366
63725.915955
63763.036377
63799.560242
63836.664185
63873.276733
63910.297058
63946.976929
63984.052063
64020.780334
64057.810425
64094.517822
64131.508423
64168.154236
64205.180542
64241.868958
64278.883545
64315.518188
64352.498535
64389.139465
64426.191650
64462.764282
64499.784851
64536.456848
64573.499023
64610.557739
64647.159424
64684.262573
64720.899536
64757.823914
64794.529602
64831.520264
64868.597107
64905.196777
64942.204102
64978.830994
65015.828186
65052.491943
65089.506409
65126.196228
65163.155090
65199.863586
65236.815491
65273.456665
65310.491699
65347.123535
65384.157166
65420.835693
65457.838989
65494.580994
65531.497559
65568.344360
65605.122803
65642.090271
65678.761169
65715.880432
65752.451050
65789.559998
65826.149414
65863.250854
65899.765564
65936.807190
65973.471802
66010.478455
66047.124695
66084.121155
66120.773010
66157.726318
66194.295044
66231.344666
66267.932068
66304.951599
66341.615356
66378.641724
66415.255737
66452.174622
66488.924377
66525.832642
66562.536316
66599.468872
66636.188416
66673.135925
66708.882751
66745.243286
66781.843872
66817.500549
66853.078918
66889.153992
66925.251831
66960.904663
66996.882996
67033.272766
67068.825806
67104.420898
67140.082458
67176.050720
67212.458435
67248.033630
67283.685425
67319.270813
67354.927124
67391.350891
67427.388245
67462.960449
67498.656616
67534.239136
67569.845459
67605.486023
67641.626404
67678.281860
67713.841125
67749.472229
67785.053711
67820.676758
67856.274170
67891.892700
67927.967773
67964.582520
68000.139893
68035.762207
68071.349426
68106.958130
68142.527893
68178.132751
68213.709778
68249.264709
68285.591125
68321.935425
68357.533142
68393.073120
68428.723328
68464.205383
68499.893250
68535.450134
68571.092590
68606.676514
68642.925659
68679.413330
68714.957703
68750.564392
68786.132751
68821.775879
68857.355408
68892.979370
68928.560852
68964.220764
69000.088745
69037.004883
69072.817810
69108.391174
69144.041138
69179.639648
69215.296509
69250.870361
69286.442017
69322.050842
69357.647766
69393.288269
69429.219788
69466.174805
69501.694397
69537.309570
69572.859985
69608.455933
69643.998474
69679.532837
69715.163208
69750.735901
69786.395508
69821.972290
69858.243164
69895.089111
69930.695618
69966.244141
70001.815063
70037.431335
70073.026672
70108.668701
70144.244019
70179.879272
70215.450867
70251.584839
70288.523254
70324.197632
70359.826843
70395.374695
70430.992737
70466.558594
70502.208435
70537.772034
70573.405518
70608.977783
70645.653259
70682.171997
70717.723267
70753.347168
70788.909546
70824.570496
70860.139099
70895.729370
70931.371033
70967.772888
71004.531433
71040.053955
71075.681213
71111.261841
71146.876038
71182.450989
71218.254700
71255.177673
71291.501892
71327.058960
71362.641663
71398.319031
71434.429688
71471.470886
71507.329956
71542.979675
71578.815125
71615.791748
71652.277161
71687.889709
71724.628296
71761.531921
71797.479187
71834.402649
71870.894897
71907.751770
71944.567932
71981.266541
72018.233948
72054.851562
72091.832458
72128.504944
72165.504944
72202.177795
72239.100342
72275.955017
72312.609253
72349.641907
72386.205261
72423.230469
72459.799194
72496.731567
72533.389954
72570.359070
72607.122131
72643.875183
72680.769653
72717.452637
72754.422668
72791.031250
72827.969177
72864.623352
72901.582458
72938.211853
72975.132751
73011.761475
73048.701050
73085.245972
73122.293701
73158.856445
73195.927246
73232.494141
73269.457703
73306.067078
73343.038940
73379.638611
73416.582947
73453.239075
73490.187866
73526.756470
73563.775146
73600.442078
73637.482117
73674.013245
73710.719482
73747.694092
73784.398193
73821.342712
73858.004028
73894.998535
73931.608643
73968.654541
74005.259033
74042.278015
74078.853088
74115.847900
74152.523560
74189.521301
74226.187561
74263.145874
74299.818604
74336.824829
74373.465393
74410.460999
74447.049316
74484.100586
74520.710876
74557.736206
74594.701782
74631.376160
74668.377930
74705.129639
74742.068054
74778.738708
74815.734131
74852.244934
74889.281799
74925.894287
74962.888306
74999.483521
75036.477295
75073.059570
75110.000732
75146.630249
75183.609802
75220.226624
75257.131897
75293.781433
75330.774963
75367.364929
75404.371277
75440.899963
75477.943970
75514.517395
75551.614746
75588.204712
75625.231323
75661.836182
75698.852295
75735.429382
75772.361145
75809.033081
75845.926636
75882.682800
75919.565186
75956.227051
75993.113708
76029.741699
76066.673279
76103.234070
76140.254333
76176.883606
76213.814941
76250.528687
76287.361572
76324.184998
76360.930847
76397.877930
76434.413940
76471.458557
76507.996826
76545.006409
76581.533508
76618.511719
76655.033630
76692.003540
76728.537476
76765.595398
76802.197815
76839.141357
76875.884705
76912.724060
76949.441284
76986.347229
77023.021667
77059.934692
77096.580139
77133.507446
77170.063965
77207.076660
77243.592773
77280.640381
77317.182312
77354.146667
77390.743774
77427.561340
77464.343201
77500.993164
77537.898315
77574.454468
77611.458252
77648.149658
77685.137756
77721.749634
77758.671814
77795.205444
77832.227844
77868.821045
77905.844971
77942.403198
77979.369141
78015.967590
78052.945435
78089.554749
78126.523499
78163.148926
78200.120300
78236.704041
78273.673462
78310.187256
78347.141052
78383.729858
78420.704651
78457.230103
78494.243042
78529.499512
78566.042969
78602.704041
78638.240967
78673.863525
78709.467529
78746.009521
78781.592712
78817.209412
78852.792603
78889.521423
78925.218628
78960.849854
78996.928162
79033.245728
79068.856140
79104.434814
79140.083130
79175.669128
79212.274414
79248.078552
79283.684814
79319.301208
79354.910156
79391.322021
79427.650024
79463.268188
79498.810669
79534.431274
79569.994629
79605.571350
79641.594177
79678.381409
79713.970825
79749.550781
79785.162109
79820.720276
79856.363586
79892.312195
79929.107483
79964.696594
80000.254211
80035.889099
80071.457458
80107.096741
80142.672241
80178.690308
80215.596008
80251.327454
80286.893372
80322.442383
80358.020996
80393.576721
80429.232483
80464.810852
80500.516907
80537.434814
80573.405334
80609.033508
80644.593262
80680.186707
80715.724854
80751.355103
80786.927185
80822.591187
80858.178223
80894.463196
80931.461121
80967.099976
81002.667297
81038.262695
81073.817322
81109.363647
81145.010132
81180.559204
81216.198364
81251.750916
81287.768921
81324.638306
81360.717346
81396.230286
81431.786560
81467.398193
81502.955505
81538.560425
81574.132446
81609.791626
81645.336609
81680.967834
81717.182739
81754.289673
81789.861511
81825.410217
81861.026306
81896.581848
81932.216736
81967.762512
82003.399902
82038.962708
82074.538757
82110.189758
82146.633728
82183.603394
82219.223206
82254.823853
82290.373413
82325.935303
82361.564331
82397.105408
82432.729004
82468.367432
82503.964172
82539.497131
82575.156982
82611.575684
82648.570190
82684.292725
82719.903442
82755.440674
82790.998352
82826.655945
82862.241638
82897.877991
82933.444763
82969.030884
83004.694763
83040.275452
83077.205994
83113.877808
83149.493042
83185.048401
83220.611938
83256.257202
83291.830078
83327.487305
83363.055054
83398.717285
83434.334167
83470.004944
83506.493774
83543.456238
83579.477905
83615.046936
83650.711243
83686.289917
83721.964355
83757.526245
83793.186768
83828.765381
83864.377808
83900.407471
83937.322632
83973.913513
84009.478699
84045.105286
84080.643250
84116.286072
84151.851746
84187.434631
84223.096741
84258.642456
84295.605042
84332.592529
84368.425415
84403.990173
84439.635620
84475.223633
84510.882202
84546.482605
84582.285706
84619.237000
84656.281189
84691.845093
84727.389648
84763.047180
84798.599854
84834.256104
84870.745422
84907.774170
84943.689514
84979.274475
85014.823669
85050.471313
85087.166992
85124.191406
85160.118103
85195.723022
85231.308350
85268.063904
85305.090759
85340.697327
85376.358276
85413.189514
85450.216919
85486.045471
85522.187805
85559.207581
85595.463379
85631.906677
85668.826965
85705.172241
85741.899841
85778.927917
85815.327698
85852.229370
85888.949951
85925.683533
85962.697144
85999.217712
86036.286072
86072.894409
86109.868408
86146.847961
86183.470032
86220.443420
86257.184631
86294.090271
86330.882080
86367.684631
86404.639221
86441.214783
86478.128784
86514.721069
86551.688599
86588.714172
86625.310791
86662.216309
86698.898071
86735.824585
86772.545044
86809.336487
86846.332703
86882.874695
86919.890320
86956.484558
86993.497803
87030.067200
87066.967407
87103.688416
87140.563049
87177.589722
87214.141968
87251.131653
87287.679443
87324.715454
87361.350403
87398.271729
87434.949219
87471.863403
87508.577026
87545.433594
87582.464539
87618.976746
87656.015198
87692.581482
87729.518311
87766.207214
