5192.758240
5227.057251
5262.476440
5296.723206
5331.545654
5367.193359
5400.752075
5432.155762
5466.007751
5499.011719
5534.629456
5570.270630
5606.137207
5642.465576
5678.784241
5714.835693
5751.031067
5787.016113
5823.155334
5859.158813
5895.200806
5931.259277
5967.249878
6003.220520
6039.228027
6075.216858
6111.141296
6147.231750
6183.173828
6219.113953
6255.221069
6291.145264
6327.100281
6363.127258
6399.021545
6435.073792
6471.092224
6507.035950
6542.990479
6579.021912
6615.019470
6650.885254
6686.937012
6722.936218
6758.802368
6794.909485
6830.884644
6866.786804
6902.857483
6938.880310
6974.866638
7010.888000
7046.919434
7082.844849
7118.846741
7154.846863
7190.838257
7226.716980
7262.775330
7298.817871
7334.680115
7370.735107
7406.637634
7442.485779
7478.513062
7514.466553
7550.347107
7586.187927
7622.248779
7658.141113
7693.999329
7729.996826
7765.973206
7801.857727
7837.805725
7873.813660
7909.810486
7945.698914
7981.713745
8017.658081
8053.551514
8089.474487
8125.413574
8161.420227
8197.356750
8233.298462
8269.313416
8305.207153
8341.063354
8377.091187
8413.019409
8448.993103
8484.865051
8520.821167
8556.843506
8592.756531
8628.702942
8664.640076
8700.616150
8736.526367
8772.377197
8808.405701
8844.384216
8880.192505
8916.128845
8952.084473
8988.147644
9024.010376
9059.972961
9096.002380
9131.824890
9167.769287
9203.713501
9239.587891
9275.567688
9311.451355
9347.390198
9383.403381
9419.325867
9455.288574
9491.190918
9527.173157
9563.187439
9599.031128
9634.902527
9671.003540
9706.958618
9742.869873
9778.716919
9814.696106
9850.790466
9886.608459
9922.763428
9958.709534
9994.658691
10030.602844
10066.487793
10102.506470
10138.398438
10174.265137
10210.191895
10246.190186
10282.237915
10318.053528
10353.960571
10389.884033
10425.860962
10461.787598
10497.668335
10533.695557
10569.591675
10605.502136
10641.417358
10677.277893
10713.315857
10749.245911
10785.157959
10821.214233
10857.170715
10893.148438
10929.015076
10964.996338
11000.930420
11036.930908
11072.832458
11108.698242
11144.816284
11180.800781
11216.720825
11252.615051
11288.566589
11324.641663
11360.507385
11396.414551
11432.437256
11468.372131
11504.367310
11540.268982
11576.182373
11612.267700
11648.202881
11684.124390
11720.220215
11756.104614
11792.071167
11827.924438
11863.911621
11899.878845
11935.792419
11971.732544
12007.585449
12043.638123
12079.622559
12115.498108
12151.417114
12187.422729
12223.448853
12259.350159
12295.362366
12331.347778
12367.367188
12403.303284
12439.211548
12475.166260
12511.193909
12547.216492
12583.083923
12619.242798
12655.153870
12691.052490
12727.029541
12762.988037
12799.013550
12835.016357
12870.855103
12906.748596
12942.780518
12978.740295
13014.614197
13050.492432
13086.535645
13122.400879
13158.326660
13194.291382
13230.224670
13266.197876
13302.225220
13338.119080
13374.078430
13410.075806
13446.091248
13481.981567
13518.036743
13554.033203
13589.932983
13625.819214
13661.774353
13697.774475
13733.836365
13769.666687
13805.506042
13841.541992
13877.515869
13913.433655
13949.336914
13985.302368
14021.319092
14057.256775
14093.138794
14129.099609
14165.107056
14201.195251
14237.046570
14272.947998
14309.042847
14344.969299
14380.947815
14416.919434
14452.921814
14489.009644
14524.811646
14560.712097
14596.781494
14632.709351
14668.667297
14704.560364
14740.433105
14776.493164
14812.469299
14848.364014
14884.271790
14920.262024
14956.223694
14992.132141
15028.043030
15063.911926
15099.900940
15135.938477
15171.808228
15207.670349
15243.740356
15279.670654
15315.731262
15351.618225
15387.664307
15423.639038
15459.505798
15495.442627
15531.328308
15567.284363
15603.260315
15639.070129
15675.036438
15710.958740
15746.875305
15782.876465
15818.693787
15854.596680
15890.646240
15926.533997
15962.483337
15998.405273
16034.285522
16070.291321
16106.246338
16142.055176
16177.963440
16213.907227
16249.985413
16285.823608
16321.684937
16357.679688
16393.598328
16429.473633
16465.360413
16501.219299
16537.188171
16573.144226
16609.082581
16644.951294
16680.831848
16716.800354
16752.747742
16788.667236
16824.512634
16860.429382
16896.415344
16932.346924
16968.314941
17004.083252
17039.988953
17075.938354
17111.827271
17147.884644
17183.810486
17219.847656
17255.787415
17291.781616
17327.604065
17363.504150
17399.517151
17435.413757
17471.402771
17507.283569
17543.143494
17579.027771
17614.932312
17650.865967
17686.766296
17722.625427
17758.518860
17794.461609
17830.304260
17866.255493
17902.092102
17938.039917
17973.952759
18009.907104
18045.800964
18081.759277
18117.681824
18153.529602
18189.419617
18225.335693
18261.119995
18296.993835
18332.971680
18368.837708
18404.779846
18440.511292
18476.415344
18512.262329
18548.181458
18584.126038
18620.012024
18655.879089
18691.734131
18727.713745
18763.603760
18799.549377
18835.445068
18871.258362
18907.142883
18943.086975
18978.946045
19014.970947
19050.852783
19086.791016
19122.774292
19158.628662
19194.619141
19230.448914
19266.302246
19302.329346
19338.214294
19374.143677
19409.877441
19445.689514
19481.559326
19517.504639
19553.439636
19589.288330
19625.075867
19660.919189
19696.753967
19732.780579
19768.602112
19804.465027
19840.278442
19876.067139
19911.914795
19947.882446
19983.981750
20019.795166
20055.595093
20091.545776
20127.465332
20163.382080
20199.260376
20234.992981
20270.872192
20306.659302
20342.686646
20378.510864
20414.363708
20450.195190
20485.994446
20521.818909
20557.785034
20593.644043
20629.600891
20665.372498
20701.203918
20737.083984
20772.995056
20808.892883
20844.738953
20880.593872
20916.539001
20952.436401
20988.318909
21024.181335
21060.013184
21095.830383
21131.620239
21167.586914
21203.418152
21239.308167
21275.045227
21310.911377
21346.724609
21382.660095
21418.545654
21454.355957
21490.091125
21525.968384
21561.781799
21597.778625
21633.578857
21669.429504
21705.255005
21741.012146
21776.949158
21812.885925
21848.906799
21884.810974
21920.738159
21956.576416
21992.510193
22028.455200
22064.405701
22100.136780
22136.041809
22171.855530
22207.871399
22243.741272
22279.658875
22315.488892
22351.328247
22387.256897
22423.139526
22459.014160
22495.010437
22530.757385
22566.703979
22602.551331
22638.473816
22674.386902
22710.311462
22746.141113
22782.040833
22818.123840
22854.099365
22889.882141
22925.817627
22961.672546
22997.590210
23033.464905
23069.344299
23105.149780
23140.969177
23176.852478
23212.731384
23248.598389
23284.518799
23320.225769
23356.057007
23391.966187
23427.805298
23463.657410
23499.599609
23535.382812
23571.272461
23607.138428
23642.961243
23678.881287
23714.704773
23750.709778
23786.597534
23822.422546
23858.376038
23894.068176
23929.917603
23965.821289
24001.565063
24037.424194
24073.167786
24108.981689
24144.877380
24180.656982
24216.511536
24252.415039
24288.257202
24324.082886
24359.978516
24395.904724
24431.770813
24467.552856
24503.336426
24539.152039
24575.061523
24610.822266
24646.801453
24682.681335
24718.599976
24754.431946
24790.276489
24826.011169
24861.872681
24897.729858
24933.633850
24969.407532
25005.299561
25041.032715
25076.831360
25112.765137
25148.529541
25184.384644
25220.144958
25255.923096
25291.740173
25327.469238
25363.290771
25399.103577
25434.913879
25470.736389
25506.674927
25542.535522
25578.353699
25614.338989
25650.220093
25686.053467
25721.941772
25757.649658
25793.505676
25829.300842
25865.161743
25901.059998
25936.919067
25972.714661
26008.532959
26044.426880
26080.328308
26116.183838
26151.968567
26187.761902
26223.542114
26259.464233
26295.282349
26331.202087
26366.985657
26402.797180
26438.778442
26474.529724
26510.361023
26546.406982
26582.266052
26618.176575
26654.026794
26689.810852
26725.651367
26761.446533
26797.369019
26833.292908
26869.173767
26904.927124
26940.831787
26976.700439
27012.581970
27048.429260
27084.220337
27120.064331
27155.860718
27191.766968
27227.646790
27263.543457
27299.334717
27335.129700
27370.986938
27406.843567
27442.630310
27478.705078
27514.550293
27550.385620
27586.295166
27622.192383
27657.884033
27693.721069
27729.629883
27765.471741
27801.301514
27837.045105
27872.873535
27908.657104
27944.508179
27980.334229
28016.207336
28051.961670
28087.759644
28123.683594
28159.518860
28195.371155
28231.227783
28266.881287
28302.804932
28338.661011
28374.592896
28410.548462
28446.365723
28482.328491
28518.128357
28554.000671
28589.843323
28625.673401
28661.544495
28697.481995
28733.319824
28769.311462
28805.051147
28840.941162
28876.859497
28912.699951
28948.558044
28984.364014
29020.245422
29056.063660
29091.978882
29127.869446
29163.754211
29199.549500
29235.372009
29271.252747
29307.091980
29343.042114
29378.988220
29414.786621
29450.692627
29486.526001
29522.388977
29558.142334
29593.940796
29629.822815
29665.691223
29701.500854
29737.477539
29773.188782
29809.116394
29844.935913
29880.729614
29916.571106
29952.431824
29988.237610
30024.065979
30059.955261
30095.798523
30131.638000
30167.514893
30203.290955
30239.109924
30275.111084
30311.189392
30346.981079
30382.816467
30418.626343
30454.590576
30490.398438
30526.345337
30562.055237
30597.846619
30633.713135
30669.630920
30705.508850
30741.422180
30777.145752
30813.053040
30848.846008
30884.802124
30920.566223
30956.466980
30992.162842
31027.952698
31063.784851
31099.686035
31135.559753
31171.383484
31207.089111
31243.162842
31278.922791
31314.756531
31350.589172
31386.385254
31422.184509
31457.936584
31493.829224
31529.668823
31565.568848
31601.237122
31636.986938
31672.870544
31708.739868
31744.570190
31780.397400
31816.159180
31851.912781
31887.691589
31923.612610
31959.358948
31995.173889
32030.900146
32066.718750
32102.495728
32138.438782
32174.304932
32210.151917
32246.016907
32281.823975
32317.704468
32353.493591
32389.435425
32425.153687
32460.938416
32496.760315
32532.602783
32568.462219
32604.315063
32640.006348
32675.839539
32711.583191
32747.455688
32783.263184
32819.062988
32854.817566
32890.580688
32926.431763
32962.346436
32998.182007
33034.039185
33069.706238
33105.539856
33141.619019
33177.519775
33213.360168
33249.115723
33285.009399
33320.848083
33356.597046
33392.434326
33428.273865
33464.016174
33499.822632
33535.686646
33571.475708
33607.257629
33643.124695
33678.776428
33714.551819
33750.378601
33786.211853
33822.041016
33857.844055
33893.557312
33929.328613
33965.141296
34001.108765
34036.866882
34072.799133
34108.726074
34144.530212
34180.373840
34216.278687
34252.105103
34287.873718
34323.602417
34359.350830
34395.308289
34431.111206
34466.877502
34502.640015
34538.372070
34574.204102
34610.053833
34645.836670
34681.661621
34717.488525
34753.175720
34789.008179
34824.800110
34860.648743
34896.390503
34932.239746
34967.992310
35003.726257
35039.738953
35075.541443
35111.384766
35147.115417
35182.854431
35218.625854
35254.497253
35290.253784
35326.167114
35361.809753
35397.617676
35433.359009
35469.239441
35505.044678
35540.838867
35576.556396
35612.274658
35648.026794
35683.947205
35719.749634
35755.614014
35791.377502
35827.083862
35862.905823
35898.715454
35934.540039
35970.480896
36006.318787
36042.175903
36078.071472
36113.899109
36149.678772
36185.489075
36221.285461
36257.104126
36293.026794
36328.802490
36364.605652
36400.556030
36436.291626
36472.162292
36507.924805
36543.761963
36579.636353
36615.411987
36651.092529
36686.878174
36722.619995
36758.492432
36794.207703
36829.963989
36865.810547
36901.503967
36937.660034
36973.411560
37009.223267
37044.922607
37080.694885
37116.549072
37152.372314
37188.151367
37224.050110
37259.823730
37295.505859
37331.258789
37367.036011
37402.950989
37438.697021
37474.476990
37510.318176
37546.081543
37581.835693
37617.608948
37653.520752
37689.215393
37724.965271
37760.890991
37796.548401
37832.310486
37868.163574
37904.104187
37939.989685
37975.648438
38011.448669
38047.192688
38083.052185
38118.914124
38154.635010
38190.445862
38226.090576
38261.840454
38297.673706
38333.539307
38369.344238
38405.054016
38440.840149
38476.487732
38512.231445
38548.020386
38583.811646
38619.628601
38655.404907
38691.174377
38726.928284
38762.717834
38798.556396
38834.430359
38870.448120
38906.111511
38941.857788
38977.662598
39013.515198
39049.314392
39085.028320
39120.773376
39156.549805
39192.277954
39228.072937
39263.910217
39299.671875
39335.433716
39371.208374
39406.973572
39442.753113
39478.570862
39514.448120
39550.223022
39586.002197
39621.756287
39657.465576
39693.194336
39728.948059
39764.833679
39800.636841
39836.549377
39872.251343
39908.054565
39943.822510
39979.613037
40015.372559
40051.203613
40086.919128
40122.688660
40158.442810
40194.269226
40230.013550
40265.837585
40301.507935
40337.282654
40373.034119
40408.781433
40444.548523
40480.348816
40516.012451
40551.796265
40587.595093
40623.299011
40658.987488
40694.749512
40730.628845
40766.448486
40802.441467
40838.141541
40873.901550
40909.706726
40945.555603
40981.372009
41017.070007
41052.930603
41088.573669
41124.322571
41160.049805
41195.807556
41231.681519
41267.434570
41303.230591
41338.997742
41374.645142
41410.457092
41446.171143
41482.062500
41517.788330
41553.606812
41589.404480
41625.089417
41660.780151
41696.538025
41732.401733
41768.345154
41804.152649
41839.861389
41875.552307
41911.260254
41947.073303
41982.822510
42018.629700
42054.307922
42090.158508
42125.789185
42161.497864
42197.296692
42233.058594
42268.825378
42304.593323
42340.398804
42376.182068
42411.874939
42447.715393
42483.443665
42519.239136
42555.024170
42590.701660
42626.589600
42662.238220
42698.076416
42734.161377
42769.898193
42805.686462
42841.403564
42877.171326
42912.894104
42948.721924
42984.565369
43020.246094
43056.108765
43091.862244
43127.614990
43163.373840
43199.112427
43234.872009
43270.816162
43306.526123
43342.395081
43378.133728
43413.854980
43449.611267
43485.376831
43521.155212
43557.017395
43592.656982
43628.413269
43664.231323
43700.179871
43735.961243
43771.843872
43807.646423
43843.340210
43879.262207
43914.902161
43950.702759
43986.472900
44022.240906
44058.165833
44093.886108
44129.661987
44165.517944
44201.186951
44236.983398
44272.780884
44308.617004
44344.457642
44380.119446
44415.938232
44451.795898
44487.551941
44523.241028
44558.967651
44594.741882
44630.587219
44666.454712
44702.324890
44738.041077
44773.852783
44809.566956
44845.436584
44881.122925
44916.822510
44952.662537
44988.339172
45024.020020
45059.797424
45095.523926
45131.391907
45167.053345
45202.736084
45238.625061
45274.272461
45310.070923
45345.799377
45381.507507
45417.441467
45453.130920
45488.839417
45524.761780
45560.426208
45596.224243
45632.024109
45668.122437
45703.908752
45739.672974
45775.388306
45811.159729
45846.988770
45882.812134
45918.522888
45954.371277
45990.092896
46025.833923
46061.545776
46097.272461
46133.087830
46168.888855
46204.647461
46240.446533
46276.199951
46312.097595
46347.782288
46383.554993
46419.379150
46455.196838
46490.966980
46526.732788
46562.495605
46598.330811
46634.210754
46670.047119
46705.793945
46741.554749
46777.383240
46813.105713
46848.762085
46884.553589
46920.294495
46956.117554
46991.944885
47027.738953
47063.543030
47099.360168
47135.016785
47170.829773
47206.614258
47242.419983
47278.264465
47313.942261
47349.777466
47385.584839
47421.346619
47457.069214
47492.776062
47528.570312
47564.388916
47600.247620
47636.253418
47671.889771
47707.756592
47743.535217
47779.376099
47815.182434
47851.005737
47886.804016
47922.627014
47958.282349
47994.091492
48029.830383
48065.584900
48101.431824
48137.214478
48172.906494
48208.748535
48244.348206
48280.100403
48315.831238
48351.725952
48387.559265
48423.292480
48459.107605
48494.935242
48530.578613
48566.404785
48602.506531
48638.328918
48674.187683
48709.959045
48745.751953
48781.518677
48817.321167
48853.197693
48888.933228
48924.791992
48960.618835
48996.432983
49032.121521
49067.861938
49103.697693
49139.554871
49175.230469
49211.095154
49246.869141
49282.591492
49318.213745
49354.058167
49389.751892
49425.542786
49461.314819
49497.075134
49532.993591
49568.923828
49604.656433
49640.506714
49676.280884
49712.011414
49747.882874
49783.576294
49819.404846
49855.166321
49890.914246
49926.836182
49962.585693
49998.371277
50034.167175
50069.859192
50105.646240
50141.394714
50177.249451
50213.079895
50248.840820
50284.608459
50320.388306
50356.078247
50392.136780
50428.075623
50463.966492
50499.761597
50533.789062
50568.068604
50604.009888
50640.275330
50676.348022
50712.459