226704.834412
226739.419128
226774.970764
226809.439514
226842.812805
226875.377136
226908.176392
226942.253113
226978.250916
227014.166443
227050.148682
227086.039978
227121.976807
227157.862549
227193.601257
227229.222229
227264.776611
227300.368164
227335.902039
227371.541504
227407.112854
227442.829651
227478.419800
227514.051636
227549.721252
227585.328247
227620.998169
227656.546204
227692.196472
227727.763977
227763.420105
227798.967529
227834.626221
227870.183960
227905.821594
227941.503601
227977.199280
228012.901855
228046.257263
228079.742126
228115.741150
228151.793457
228187.617615
228223.331543
228258.977295
228294.694885
228330.276306
228365.873718
228401.539001
228437.107178
228472.772705
228508.368469
228543.995239
228579.563782
228615.238953
228650.732300
228686.232727
228721.793823
228757.304871
228792.808411
228828.361267
228863.986755
228899.534485
228935.214478
228970.825806
229006.453857
229042.095215
229077.746277
229113.355957
229148.915344
229181.723572
229214.030090
229244.989014
229276.209351
229310.940552
229347.221191
229383.449280
229419.701050
229455.889587
229492.201233
229528.412048
229564.705383
229600.707031
229636.507935
229672.372986
229708.207825
229744.051331
229779.870728
229815.665588
229851.393005
229887.186523
229922.936218
229958.671082
229994.468384
230030.191711
230066.015320
230101.787109
230137.584290
230173.350037
230209.079895
230244.868164
230280.562195
230316.348816
230352.056763
230387.792725
230423.614014
230457.652588
230493.376221
230528.993896
230564.685242
230600.291565
230635.982727
230671.599548
230707.194336
230742.873352
230778.476318
230814.137634
230849.842468
230885.722595
230921.625854
230957.434387
230993.049927
231028.601746
231064.256470
231099.819214
231135.515442
231171.106506
231206.750732
231242.355652
231277.925476
231313.514832
231349.048523
231384.690247
231420.293457
231455.913635
231491.455017
231527.003723
231562.647827
231598.217285
231633.858215
231669.425415
231705.094727
231740.838501
231776.516907
231812.257751
231847.910095
231883.523560
231919.256775
231954.803894
231990.548462
232026.221863
232061.938110
232097.733459
232133.438599
232169.120117
232204.852905
232240.547485
232276.199951
232311.937744
232347.572144
232383.195312
232418.758728
232454.275330
232489.822937
232525.424805
232561.096069
232596.696594
232632.399292
232668.046448
232703.739441
232739.320007
232774.951355
232810.612061
232846.230164
232881.879944
232917.496643
232953.163391
232988.779297
233024.359070
233060.013855
233095.590942
233131.252136
233166.831970
233202.499084
233238.107178
233273.761414
233309.335815
233344.905457
233380.530151
233416.089050
233451.683167
233487.222290
233522.832214
233558.408386
233593.995789
233629.646057
233665.225830
233700.879333
233736.427917
233772.062866
233807.637268
233843.272583
233878.833130
233914.400391
233950.009033
233985.571045
234021.194336
234056.766052
234092.397583
234127.921082
234163.507507
234199.058716
234234.699097
234270.262878
234305.790894
234341.443604
234377.000122
234412.618347
234448.220825
234483.832397
234519.388123
234554.933899
234590.542847
234626.087769
234661.683594
234697.227905
234732.815735
234768.322876
234803.921387
234839.480652
234875.099548
234910.644531
234946.195007
234981.801758
235017.402466
235052.934082
235088.477051
235124.070496
235159.615356
235195.231750
235230.749817
235266.352051
235301.841980
235337.408936
235372.920349
235408.453369
235444.048340
235479.609375
235515.217407
235550.766357
235586.367737
235621.915344
235657.529907
235693.054871
235728.639954
235764.191040
235799.727600
235835.339050
235870.887451
235906.491577
235942.031494
235977.646667
236013.155151
236048.751648
236084.274719
236119.823914
236155.322876
236190.956055
236226.460144
236262.059570
236297.599854
236333.145386
236368.750000
236404.272156
236439.887878
236475.412109
236511.030151
236546.585449
236582.190674
236617.729126
236653.365051
236688.854492
236724.473694
236760.010010
236795.667725
236831.210205
236866.791443
236902.453308
236938.035461
236973.651367
237009.210876
237044.851562
237080.419800
237116.044495
237151.642029
237187.274170
237222.846741
237258.434998
237293.995483
237329.545105
237365.180298
237400.735962
237436.312500
237471.858887
237507.467896
237543.041199
237578.636169
237614.151306
237649.739136
237685.306946
237720.856018
237756.468262
237792.015137
237827.617798
237863.143494
237898.720764
237934.269226
237969.857910
238005.401123
238041.019897
238076.559082
238112.158386
238147.692383
238183.248352
238218.863525
238254.422913
238290.035950
238325.580078
238361.201660
238396.764099
238432.297241
238467.909546
238503.446289
238539.052612
238574.615540
238610.228210
238645.790771
238681.345032
238716.963928
238752.503662
238788.124329
238823.690918
238859.303589
238894.858643
238930.480469
238966.012878
239001.629395
239037.161377
239072.712769
239108.311340
239143.873291
239179.496338
239215.054871
239250.658203
239286.194580
239321.810547
239357.383057
239392.988159
239428.544434
239464.141907
239499.733521
239535.280823
239570.868591
239606.404724
239642.016602
239677.550964
239713.171204
239748.723145
239784.362366
239819.927429
239855.483276
239891.068665
239926.619202
239962.240540
239997.813293
240033.428955
240068.990356
240104.600708
240140.161621
240175.708252
240211.359131
240246.931763
240282.576111
240318.148132
240353.789490
240389.355591
240425.004089
240460.577026
240496.226196
240531.819580
240567.391724
240603.051575
240638.637146
240674.268372
240709.844849
240745.494751
240781.051392
240816.706970
240852.269897
240887.859619
240923.504761
240959.077271
240994.699341
241030.277588
241065.954163
241101.538269
241137.184875
241172.750305
241208.323059
241243.947815
241279.523254
241315.154846
241350.790100
241386.385193
241422.048157
241457.601074
241493.186829
241528.817566
241564.353882
241599.989502
241635.559021
241671.109497
241706.761230
241742.331055
241777.976196
241813.587463
241849.149658
241884.727539
241920.365540
241955.921936
241991.547546
242027.100891
242062.755798
242098.301758
242133.936462
242169.484558
242205.121704
242240.664185
242276.300659
242311.865601
242347.493286
242383.035095
242418.639587
242454.178955
242489.790527
242525.314392
242560.865540
242596.513428
242632.034302
242667.643005
242703.136597
242738.718933
242774.221802
242809.821594
242845.357788
242881.005432
242916.568481
242952.196594
242987.745789
243023.294373
243058.883972
243094.418457
243130.015747
243165.560181
243201.175598
243236.720154
243272.299744
243307.838318
243343.444763
243379.009949
243414.563904
243450.186279
243485.743835
243521.368835
243556.928467
243592.559204
243628.072937
243663.695129
243699.256897
243734.892517
243770.448059
243806.076965
243841.627014
243877.142029
243912.772217
243948.306885
243983.923950
244019.471985
244055.085022
244090.651794
244126.283752
244161.847046
244197.367065
244232.987854
244268.539185
244304.189514
244339.741455
244375.346375
244410.839783
244446.438110
244481.954712
244517.500488
244553.077515
244588.616028
244624.218384
244659.777466
244695.395996
244730.924805
244766.551514
244802.112976
244837.693359
244873.250610
244908.816040
244944.447266
244980.004639
245015.632446
245051.186829
245086.817688
245122.414124
245158.035217
245193.589966
245229.133301
245264.755737
245300.290100
245335.881226
245371.446350
245407.057068
245442.628052
245478.261047
245513.806335
245549.404785
245584.946777
245620.454346
245656.049316
245691.597656
245727.206299
245762.766174
245798.354858
245833.892090
245869.514099
245905.071411
245940.712463
245976.297729
246011.871948
246047.478821
246083.040527
246118.643372
246154.202087
246189.853821
246225.424561
246261.073364
246296.652832
246332.217773
246367.867371
246403.442993
246439.088623
246474.670288
246510.316772
246545.898315
246581.526917
246617.104004
246652.749695
246688.309814
246723.882080
246759.531860
246795.091858
246830.718140
246866.303345
246901.939026
246937.519104
246973.138672
247008.697510
247044.333496
247079.913635
247115.491821
247151.113831
247186.669800
247222.250061
247257.800781
247293.415039
247328.960144
247364.588867
247400.152039
247435.813416
247471.382690
247506.876831
247542.546936
247578.127380
247613.762512
247649.339417
247684.987549
247720.578430
247756.207886
247791.766602
247827.349854
247862.976807
247898.557800
247934.221924
247969.803406
248005.410889
248041.002014
248076.649109
248112.223877
248147.894165
248183.489197
248219.046997
248254.715576
248290.314026
248325.966309
248361.526855
248397.174683
248432.769226
248468.441772
248504.015259
248539.694153
248575.302429
248610.991638
248646.582275
248682.246155
248717.827087
248753.413391
248789.046631
248824.708252
248860.293091
248895.950745
248931.501343
248967.070374
249002.694092
249038.315979
249073.895569
249109.468018
249145.127991
249180.702881
249216.367493
249251.906799
249287.553345
249323.104126
249358.744263
249394.314453
249429.904358
249465.543335
249501.131165
249536.788818
249572.372559
249608.034058
249643.597473
249679.238464
249714.814026
249750.464844
249786.043701
249821.682007
249857.245911
249892.834961
249928.471130
249964.031494
249999.688171
250035.239502
250070.869385
250106.457886
250142.106812
250177.682678
250213.307190
250248.912415
250284.490845
250320.159790
250355.726746
250391.394958
250426.982788
250462.626038
250498.220398
250533.864807
250569.419739
250605.010925
250640.682373
250676.264343
250711.896484
250747.472961
250783.137268
250818.697632
250854.349060
250889.922607
250925.568298
250961.121582
250996.756226
251032.314331
251067.906616
251103.511169
251139.061707
251174.713257
251210.259277
251245.886353
251281.453979
251317.060913
251352.634827
251388.266541
251423.839905
251459.395874
251495.042297
251530.609619
251566.227783
251601.806335
251637.415161
251672.882080
251708.576294
251744.118408
251779.646362
251815.226501
251850.763306
251886.395447
251921.937744
251957.557373
251993.120422
252028.658752
252064.288330
252099.844421
252135.452271
252170.995850
252206.613708
252242.150146
252277.795044
252313.350281
252348.932800
252384.473572
252420.018677
252455.623291
252491.152405
252526.770386
252562.331360
252597.934631
252633.460571
252669.052002
252704.619995
252740.171143
252775.789429
252811.317810
252846.953064
252882.521545
252918.118591
252953.670837
252989.254944
253024.797363
253060.366577
253095.983032
253131.529541
253167.081360
253202.704529
253238.222107
253273.809387
253309.312805
253344.931396
253380.482300
253416.104004
253451.656006
253487.247986
253522.753479
253558.316833
253593.953796
253629.487183
253665.089233
253700.635010
253736.234802
253771.768494
253807.397827
253842.945984
253878.429260
253914.059937
253949.608398
253985.223877
254020.754761
254056.342529
254091.873230
254127.428101
254163.053040
254198.591064
254234.223877
254269.779053
254305.378662
254340.898254
254376.456970
254411.997620
254447.533508
254483.107483
254518.602173
254554.226501
254589.740051
254625.353394
254660.916382
254696.493530
254732.041931
254767.613525
254803.232605
254838.792419
254874.395630
254909.891113
254945.459290
254980.975403
255016.597900
255052.152710
255087.709473
255123.319214
255158.881836
255194.474670
255230.001221
255265.590027
255301.110535
255336.731445
255372.266174
255407.815613
255443.429749
255478.946289
255514.510986
255550.049622
255585.650452
255621.176392
255656.787109
255692.317139
255727.910278
255763.456299
255799.025635
255834.552368
255870.093018
255905.627930
255941.122009
255976.714111
256012.207947
256047.804871
256083.346313
256118.899719
256154.443909
256189.975037
256225.575989
256261.087036
256296.692322
256332.210999
256367.791809
256403.319458
256438.922791
256474.433899
256510.064941
256545.569031
256581.178650
256616.699524
256652.195251
256687.766235
256723.335938
256758.861572
256794.366699
256829.953430
256865.470886
256901.087341
256936.591492
256972.194153
257007.694641
257043.285461
257078.763611
257114.332275
257149.822754
257185.405701
257220.889465
257256.397034
257291.965515
257327.462097
257362.990723
257398.460876
257434.038391
257469.550781
257505.119385
257540.606689
257576.136963
257611.638306
257647.145935
257682.693176
257718.227356
257753.794250
257789.288391
257824.892761
257860.382568
257895.994