0.000000
260488.694763
260524.467041
260558.746887
260593.142700
260626.429077
260662.544739
260698.799011
260734.933533
260771.123047
260806.880920
260842.702454
260878.399841
260914.114685
260949.733459
260985.459534
261021.229675
261056.809082
261092.459839
261127.869995
261163.534424
261199.061340
261234.663635
261270.164856
261305.576599
261341.158997
261376.586487
261412.091431
261447.521790
261482.976624
261518.364197
261553.836426
261589.267395
261624.783569
261660.326233
261695.892029
261731.458435
261767.012329
261802.669189
261838.266418
261873.867676
261909.437927
261945.096497
261980.679016
262016.316528
262051.831299
262087.328491
262122.858948
14.369446
49.910522
85.487183
121.080444
156.630798
192.229309
227.773376
263.401489
298.985168
334.500977
370.112122
405.615601
441.216675
476.711914
512.253357
547.838501
583.417114
618.863403
654.424988
690.036743
725.567566
761.160217
796.686462
832.278442
867.840454
903.418640
938.963379
974.487549
1010.100342
1045.655518
1081.292175
1116.842773
1152.400208
1188.031006
1223.677185
1259.242737
1294.844849
1330.512634
1366.098083
1401.686401
1437.107483
1472.623352
1508.043518
1543.538452
1578.993713
1614.501831
1650.069763
1685.649536
1721.199341
1756.760254
1792.484314
1827.991760
1863.537476
1898.960815
1934.567810
1970.031006
2005.519775
2040.925781
2076.511963
2111.969055
2147.595276
2183.099548
2218.604675
2254.178101
2289.664185
2325.181213
2360.711975
2396.323547
2431.852478
2467.514221
2503.133362
2538.758728
2574.333252
2609.906494
2645.516724
2681.233215
2716.830139
2752.469666
2788.034119
2823.559448
2859.178711
2894.720825
2930.383484
2965.934448
3001.503662
3037.072998
3072.709045
3108.255981
3143.888062
3179.461853
3215.054382
3250.681824
3286.270081
3321.913452
3357.538452
3393.254272
3428.872742
3464.518005
3500.118713
3535.747620
3571.428711
3607.131592
3642.872864
3678.530273
3714.209229
3749.783447
3785.494324
3821.113403
3856.802917
3892.368591
3927.966370
3963.521179
3999.057007
4034.839661
4070.519104
4106.338562
4142.128906
4177.908203
4213.740112
4249.601257
4285.410339
4321.120361
4356.895264
4392.710510
4428.541077
4464.242798
4500.002197
4535.884155
4571.750549
4607.753662
4643.676086
4679.683472
4715.417358
4751.157776
4787.017883
4822.780518
4858.469788
4894.311462
4930.099548
4965.956360
5001.779602
5037.649780
5073.455872
5109.251404
5144.954590
5180.736206
5216.411804
5252.114319
5287.752930
5323.500427
5359.138733
5394.954956
5430.716492
5466.528015
5502.145569
5537.811157
5573.529480
5609.119263
5644.790161
5680.379883
5716.113220
5751.664856
5787.297180
5822.962280
5858.583069
5894.331726
5929.969360
5965.697815
6001.376221
6037.004822
6072.614868
6108.261414
6143.921021
6179.508911
6215.178589
6250.774963
6286.476929
6322.094360
6357.752625
6393.437622
6429.094299
6464.833801
6500.516724
6536.301819
6572.007080
6607.726990
6643.518005
6679.176392
6714.844299
6750.480774
6786.182922
6821.856201
6857.481873
6893.212952
6928.897400
6964.684326
7000.316711
7036.171997
7072.116699
7108.125732
7144.107544
7179.977112
7215.904114
7251.884094
7287.885864
7323.505798
7359.032837
7394.539307
7430.035156
7465.498596
7501.009521
7536.507202
7572.051819
7607.654053
7643.276672
7678.901123
7714.573853
7750.148071
7785.709839
7821.113098
7856.659363
7892.097656
7927.602478
7963.192627
7998.675232
8034.170349
8069.666992
8105.265198
8140.659546
8176.068176
8211.513855
8246.847778
8282.317017
8317.576294
8352.976074
8388.293884
8423.582275
8458.898010
8494.257690
8529.736755
8565.178955
8600.625000
8635.810486
8671.213379
8706.636536
8742.000610
8777.319275
8812.687012
8847.974915
8883.319946
8918.747437
8954.079285
8989.527222
9024.849182
9060.075073
9095.261292
9130.633118
9165.872314
9201.052307
9236.336609
9271.237305
9306.101135
9341.293823
9376.658875
9411.937195
9447.382141
9482.639832
9517.857300
9553.287109
9588.449097
9623.754089
9658.895020
9694.425720
9729.867981
9765.375854
9800.527710
9835.568542
9871.035889
9906.327087
9941.605347
9977.065063
10012.386719
10047.882202
10083.279358
10118.658264
10154.043152
10189.572693
10225.0885