16521.528259
16556.162598
16591.962463
16626.567871
16659.854858
16695.907166
16732.000977
16767.745667
16803.280396
16838.809387
16874.520142
16909.857056
16941.013794
16973.459106
17009.331238
17045.460022
17081.427063
17117.432861
17153.288086
17189.143921
17225.090759
17260.899902
17296.817749
17332.675232
17368.585083
17404.431946
17439.934143
17475.474609
17510.927917
17546.410217
17581.977844
17617.464539
17653.041809
17688.453674
17723.950439
17759.564758
17795.023132
17830.588257
17866.101013
17901.552307
17937.097961
17972.679016
18008.248291
18043.860168
18079.366028
18114.976440
18150.517944
18185.975159
18221.543091
18257.025757
18292.553772
18328.167908
18363.734741
18399.273865
18434.873169
18470.396912
18505.951233
18541.479919
18576.997498
18612.585754
18648.144531
18683.734314
18719.210205
18754.694397
18790.268188
18825.761597
18861.224060
18896.827209
18932.238464
18967.750488
19003.226624
19038.678345
19074.229797
19109.665771
19145.161499
19180.712097
19216.221802
19251.837097
19287.399170
19322.882141
19358.557251
19394.101318
19429.649719
19465.199646
19500.731445
19536.260437
19571.859131
19607.365723
19642.983704
19678.483704
19714.051453
19749.672119
19785.253784
19820.910950
19856.465698
19892.042358
19927.688354
19963.274536
19998.854126
20034.361633
20069.927124
20105.587219
20141.180298
20176.776184
20212.416199
20247.981750
20283.630920
20319.192078
20354.795837
20390.464478
20426.063599
20461.695129
20497.292053
20532.880127
20568.420471
20604.018005
20639.688477
20675.258484
20710.872437
20746.485962
20782.040161
20817.632202
20853.165710
20888.715942
20924.298584
20959.800293
20995.429016
21031.014221
21066.625549
21102.283630
21137.860535
21173.447021
21209.107605
21244.690002
21280.326355
21315.923035
21351.601868
21387.202026
21422.816345
21458.475220
21494.064087
21529.624817
21565.306641
21600.844727
21636.461365
21672.138428
21707.751221
21743.412781
21779.001831
21814.667297
21850.285400
21885.912781
21921.602173
21957.120728
21992.760376
22028.356689
22063.927979
22099.566467
22135.130737
22170.790283
22206.392334
22241.960632
22277.622986
22313.212463
22348.880249
22384.450562
22420.026794
22455.523926
22491.078674
22526.705505
22562.240662
22597.899719
22633.413696
22668.942444
22704.569946
22740.070557
22775.739075
22811.317505
22847.021912
22882.634033
22918.287537
22953.959045
22989.576660
23025.250793
23060.859070
23096.493286
23132.176025
23167.813660
23203.458496
23239.059692
23274.608948
23310.236877
23345.797058
23381.414429
23416.917236
23452.489075
23488.184448
23523.776978
23559.337891
23594.890198
23630.318237
23665.755920
23701.184265
23736.761902
23772.168701
23807.665100
23843.182129
23878.704712
23914.343384
23949.811340
23985.194824
24020.733765
24056.175537
24091.764343
24127.293823
24162.762756
24198.357300
24233.827576
24269.460693
24305.008057
24340.545532
24376.178284
24411.705688
24447.153809
24482.729492
24518.150391
24553.611633
24589.031921
24624.442261
24659.917236
24695.356079
24730.791748
24766.269714
24801.665100
24837.139404
24872.717957
24908.212524
24943.852173
24979.456238
25015.101562
25050.712524
25086.277466
25121.917908
25157.474609
25193.117859
25228.694031
25264.260986
25299.879578
25335.455750
25371.111267
25406.687744
25442.299500
25477.878540
25513.449829
25549.099121
25584.668701
25620.315918
25655.888550
25691.516968
25727.103027
25762.744324
25798.310669
25833.851074
25869.493835
25905.088196
25940.702026
25976.270935
26011.897888
26047.459778
26083.100586
26118.665710
26154.224548
26189.853943
26225.427917
26261.105896
26296.683777
26332.314270
26367.867493
26403.495239
26439.031921
26474.617065
26510.248413
26545.817505
26581.360657
26617.003662
26652.570312
26688.197021
26723.753296
26759.377136
26794.942688
26830.580627
26866.117371
26901.694031
26937.301880
26972.848206
27008.454041
27044.002991
27079.617737
27115.177185
27150.738831
27186.363953
27221.944336
27257.571045
27293.107544
27328.696960
27364.246216
27399.767151
27435.289368
27470.887451
27506.451233
27542.097900
27577.645203
27613.307800
27648.876099
27684.511230
