1106532
0.63
241883851
112964265
302996969
156787
75.286255
1120819
0.65
173700287
82785104
227693531
262389
70.716797
1042915
0.65
178048842
82601371
225725815
264178
67.974243
1050443
0.64
259685744
118837781
337752947
203052
71.803833
128905
0.50
412073934
114105
410950816
15366
140.682190
270376
0.46
705997739
211140
657901285
23049
249.596802
1231344
0.59
485970913
204637555
619468512
224684
84.429199
1184361
0.60
401461195
170084950
512314105
225532
80.265686
2967299
0.63
241156551
95894554
304069459
503069
84.155579
3559496
0.82
731930858
117084328
649577427
525536
184.976379
57525
0.10
32353896
20539920
32436945
110915
28.126038
a
