85717.410156
85747.560242
85777.526733
85807.533508
85837.521973
85867.551392
85897.524048
85927.723145
85957.639771
85987.611084
86017.539673
86047.488892
86077.393188
86107.335571
86137.221436
86167.114746
86197.052429
86226.948120
86256.865784
86286.716003
86316.686218
86346.564758
86376.506836
86406.415161
86436.353088
86466.250427
86496.205994
86526.076172
86555.983093
86585.995361
86615.938293
86645.941162
86675.872681
86705.852417
86735.778503
86765.795105
86795.710876
86825.716187
86855.655823
86885.667053
86915.610413
86945.528870
86975.470886
87005.379150
87035.386230
87065.308350
87095.313049
87125.206848
87155.125732
87185.098022
87215.039917
87244.995117
87274.887207
87304.831787
87334.757019
87364.661926
87394.616455
87424.617554
87454.489136
87484.460144
87514.370911
87544.333984
87574.241211
87604.135376
87634.108215
87664.039124
87694.008667
87723.921509
87753.911621
87783.802551
87813.789062
87843.703186
87873.669861
87903.585144
87933.523621
87963.514526
87993.445435
88023.432190
88053.366333
88083.335327
88113.229065
88143.205566
88173.123718
88203.121582
88233.029541
88263.015930
88292.938049
88322.887817
88352.812012
88382.859253
88412.932373
88442.880188
88472.890991
88502.920227
88532.920776
88562.875305
88592.898315
88622.839050
88652.860596
88682.791626
88712.775269
88742.700989
88772.715454
88802.647156
88832.631348
88862.578918
88892.565613
88922.488892
88952.590515
88982.710754
89012.664978
89042.676270
89072.620544
89102.594971
89132.556702
89162.576294
89192.534729
89222.536621
89252.462402
89282.450684
89312.508850
89342.505188
89372.421875
89402.430298
89432.362000
89462.335693
89492.297791
89522.320312
89552.255432
89582.333191
89612.357849
89642.363708
89672.315613
89702.294495
89732.220581
89762.194336
89792.229187
89822.180969
89852.231079
89882.186035
89912.240295
89942.199524
89972.202087
90002.111389
90032.107239
90062.069397
90092.101868
90122.058228
90152.112671
90182.091370
90212.139587
90242.123291
90272.165039
90302.137207
90332.150024
90362.093506
90392.071533
90422.113831
90452.102722
90482.132874
90512.107361
90542.146362
90572.107361
90602.157898
90632.131042
90662.178772
90692.189575
90722.233765
90752.199219
90782.240540
90812.205078
90842.268188
90872.274780
90902.320374
90932.346008
90962.328979
90992.352844
91022.353821
91052.552795
91082.562927
91112.607056
91142.601440
91172.614319
91202.578735
91232.635010
91262.620972
91292.623535
91322.674866
91352.673218
91382.688110
91412.660767
91442.657104
91472.608032
91502.737122
91532.709106
91562.712097
91592.726685
91622.731018
91652.648621
91682.670959
91712.622925
91742.662964
91772.624146
91802.629822
91832.630066
91862.631287
91892.678101
91922.645264
91952.687988
91982.692444
92012.757141
92042.725281
92072.736206
92102.703125
92132.739746
92162.717407
92192.736328
92222.706360
92252.750732
92282.704712
92312.668640
92342.689575
92372.649780
92402.635254
92432.660217
92462.698853
92492.684265
92522.727539
92552.703003
92582.729614
92612.700256
92642.746582
92672.721436
92702.700745
92732.704102
92762.674622
92792.720398
92822.688477
92852.714783
92882.705505
92912.690002
92942.647034
92972.618652
93002.641541
93032.613037
93062.634949
93092.591187
93122.610779
93152.602295
93182.613220
93212.556885
93242.560425
93272.512695
93302.559631
93332.517456
93362.516602
93392.530701
93422.496521
93452.505676
93482.442627
93512.438904
93542.402283
93572.418518
93602.359009
93632.404114
93662.358093
93692.371582
93722.331604
93752.302307
93782.310303
93812.422363
93842.403015
93872.343323
93902.345581
93932.283386
93962.271790
93992.237244
94022.248657
94052.182739
94082.193298
94112.139648
94142.139832
94172.090759
94202.010498
94232.014832
94261.979004
94292.005554
94321.950745
94351.938721
94381.888794
94411.822205
94441.807190
94471.733521
94501.686401
94531.611511
94561.619568
94591.541260
94621.545349
94651.439941
94681.414246
94711.401001
94741.301697
94771.265686
94801.193420
94831.179932
94861.059509
94890.993286
94920.868164
94950.839172
94980.748901
95010.707825
95040.607727
95070.533020
95100.494995
95130.382996
95160.346436
95190.261963
95220.203003
95250.053223
95279.994873
95309.844055
95339.800354
95369.692261
95399.569336
95429.492065
95459.408386
95489.343323
95519.322876
95549.240540
95579.121765
95609.113159
95639.027100
95669.007080
95698.922302
95728.921570
95758.787964
95788.735291
95818.710083
95848.644287
95878.633362
95908.551941
95938.498047
95968.352966
95998.406738
96028.346924
96058.333923
96088.272461
96118.233948
96148.222168
96178.125854
96208.110107
96238.023926
96268.016418
96297.942505
96327.924561
96357.876526
96387.885132
96417.812317
96447.779602
96477.735046
96507.730713
96537.663269
96567.631653
96597.649780
96627.583191
96657.590271
96687.541138
96717.554565
96747.494385
96777.506470
96807.440063
96837.468628
96867.458191
96897.462463
96927.398438
96957.425354
96987.319580
97017.301941
97047.213562
97077.117126
97107.103210
97137.070984
97166.956055
97196.848572
97226.819275
97256.692139
97286.655212
97316.547607
97346.494202
97376.386658
97406.310486
97436.263733
97466.229065
97496.213379
97526.073669
97556.031555
97585.943176
97615.915894
97645.818054
97675.701416
97705.557739
97735.490112
97765.395813
97795.288818
97825.205811
97855.058167
97885.008911
97914.902405
97944.875977
97974.752136
98004.744690
98034.614136
98064.591614
98094.506104
98124.491211
98154.425720
98184.431274
98214.321899
98244.195374
98274.201538
98304.093140
98334.047302
98363.916809
98393.844971
98423.682495
98453.650940
98483.537659
98513.490845
98543.391052
98573.397888
98603.315613
98633.202271
98663.116943
98693.018311
98722.986328
98752.915405
98782.921021
98812.846558
98842.851074
98872.719177
98902.627319
98932.516418
98962.418884
98992.290283
99022.180176
99052.145325
99082.043945
99112.022827
99141.925415
99171.824524
99201.832520
99231.766113
99261.737732
99291.684631
99321.657471
99351.558594
99381.520447
99411.447876
99441.372742
99471.257874
99501.191040
99531.041931
99560.994507
99590.858032
99620.706665
99650.676575
99680.614807
99710.617981
99740.558167
99770.556702
99800.505066
99830.514709
99860.452271
99890.439026
99920.361450
99950.306946
99980.196777
100010.091370
100039.998352
100069.886230
100099.858521
100129.735229
100159.680969
100189.574036
100219.537781
100249.422974
100279.382996
100309.302612
100339.227539
100369.145447
100399.113281
100428.981384
100458.913940
100488.769836
100518.628601
100548.543396
100578.421631
100608.339539
100638.213318
100668.157349
100698.029053
100727.985840
100757.865417
100787.787109
100817.639343
100847.646240
100877.456238
100907.313416
100937.212585
100967.060303
100996.986755
101026.880005
101056.824829
101086.658264
101116.573059
101146.400085
101176.287598
101206.151794
101236.017456
101265.875061
101295.788208
101325.654236
101355.523438
101385.437866
101415.343384
101445.269104
101475.151184
101505.093140
101534.977234
101564.901550
101594.731323
101624.593140
101654.513306
101684.381226
101714.330505
101744.182739
101774.130981
101803.996704
101833.925781
101863.812622
101893.705200
101923.568848
101953.414429
101983.311890
102013.162231
102043.078979
102073.011475
102102.952454
102132.862976
102162.765442
102192.634033
102222.557068
102252.370728
102282.202148
102312.097717
102341.918274
102371.839233
102401.638916
102431.561584
102461.402344
102491.310608
102521.137268
102551.033386
102580.889771
102610.706970
102640.616516
102670.455383
102700.331909
102730.141113
102760.041565
102789.943176
102819.900513
102849.816528
102879.762939
102909.643372
102939.591614
102969.453674
102999.382385
103029.240417
103059.108337
103088.990662
103118.837524
103148.729797
103178.550049
103208.505859
103238.331055
103268.215027
103298.064514
103327.876160
103357.841125
103387.685364
103417.631653
103447.486816
103477.377747
103507.266907
103537.152222
103566.986694
103596.915283
103626.751160
103656.619263
103686.479126
103716.324463
103746.133423
103776.017944
103805.913025
103835.700684
103865.671814
103895.539917
103925.472595
103955.378845
103985.233459
104015.175476
104045.065430
104075.038391
104104.913025
104134.867920
104164.738708
104194.653503
104224.537842
104254.447449
104284.354797
104314.196777
104344.126831
104374.004700
104403.914673
104433.804871
104463.702637
104493.612793
104523.575317
104553.478577
104583.407227
104613.254272
104643.202942
104673.080811
104702.927490
104732.883850
104762.761414
104792.737793
104822.653442
104852.641602
104882.563538
104912.519043
104942.431580
104972.322266
105002.245361
105032.125610
105062.046387
105091.889160
105121.788086
105151.659058
105181.579468
105211.444153
105241.394470
105271.239929
105301.140015
105331.079895
105360.973206
105390.895996
105420.795898
105450.759521
105480.655579
105510.614136
105540.523376
105570.428955
105600.355103
105630.238525
105660.164978
105690.041504
105720.017883
105749.882263
105779.850464
105809.768250
105839.639587
105869.655518
105899.642395
105929.730347
105959.755981
105990.107056
106021.106445
106052.183777
106083.209961
106114.222717
106145.291199
106176.306763
106207.389343
106238.399902
106269.453064
106300.431702
106331.511841
106362.520935
106393.535217
106424.581177
106455.609009
106486.600586
106517.286804
106547.141602
106576.954102
106606.805420
106636.623169
106666.464111
106696.264221
106726.083679
106755.927551
106785.766968
106815.659729
106845.501343
106875.391846
106905.235657
106935.123230
106964.920654
106994.731873
107024.604858
107054.412720
107084.267944
107114.069824
107143.924072
107173.785339
107203.660034
107233.494812
107263.427185
107293.235168
107323.047058
107352.940308
107382.786987
107412.652588
107442.469971
107472.388184
107502.251831
107532.133118
107561.959045
107591.794128
107621.665833
107651.488098
107681.367126
107711.162048
107741.044006
107770.887634
107800.818481
107830.654297
107860.550171
107890.432922
107920.281372
107950.116943
107980.017822
108009.854004
108039.645874
108069.559509
108099.365662
108129.225342
108159.039734
108188.877075
108218.714050
108248.577637
108278.417480
108308.277039
108338.056763
108367.883606
108397.739014
108427.548645
108457.438416
108487.260376
108517.106140
108546.900330
108576.765625
108606.608826
108636.402649
108666.230896
108696.035767
108725.889038
108755.664185
108785.511292
108815.315369
108845.122681
108874.916016
108904.790405
108934.592896
108964.456116
108994.249451
109024.132141
109053.904480
109083.835022
109114.174866
109144.345825
109174.540649
109204.637695
109234.706482
109264.574402
109294.316833
109323.920654
109353.573120
109383.179993
109412.830750
109442.433838
109472.106140
109501.718811
109531.331848
109560.993347
109590.629333
109620.317017
109649.910828
109679.600891
109709.154175
109738.808594
109768.421753
109798.072388
109827.711853
109857.366455
109886.974548
109916.681213
109946.282532
109975.943115
110005.548584
110035.255615
110064.832581
110094.392090
110124.065430
110153.645813
110183.305725
110212.890198
110242.507812
110272.111572
110301.733337
110331.327271
110360.996155
110390.562317
110420.193115
110449.829712
110479.364502
110508.991699
110538.545410
110568.186096
110597.755554
110627.345764
110656.985046
110686.569580
110716.247070
110745.810669
110775.433533
110804.951904
110834.574036
110864.157104
110893.791504
110923.333740
110952.972900
110982.564758
111012.165588
111041.793762
111071.396362
111101.037720
111130.586792
111160.240417
111189.762573
111219.356812
111248.944885
111278.604797
111308.207153
111337.798767
111367.435730
111396.993591
111426.624695
111456.201416
111485.800964
111515.349060
111544.996155
111574.544739
111604.177368
111633.793640
111663.461548
111693.056458
111722.728821
111752.366089
111781.960999
111811.774597
111841.361755
111870.955505
111900.492493
111930.106445
111959.677917
111989.224182
112018.872498
112048.517090
112078.102173
112107.637085
112137.289124
112166.852722
112196.480530
112225.997375
112255.533264
112285.096802
112314.656128
112344.185364
112373.800354
112403.394104
112432.964966
112462.655884
112492.227051
112521.868713
112551.466675
112581.158020
112610.738770
112640.399841
112669.984009
112699.591431
112729.136963
112758.785034
112788.382812
112817.987000
112847.588257
112877.179382
112906.821472
112936.432556
112966.077576
112995.578918
113025.139832
113054.698425
113084.296997
113113.841187
113143.463989
113173.024658
113202.611023
113232.203369
113261.804382
113291.400085
113321.057007
113350.657776
113380.196045
113409.819336
113439.437622
113469.038208
113498.594238
113528.243591
113557.760376
113587.417603
113617.021423
113646.625732
113676.184265
113705.789062
113735.385437
113764.907349
113794.489746
113824.024414
113853.599670
113883.131714
113912.747681
113942.323364
113971.935120
114001.478271
114031.086975
114060.658630
114090.254089
114119.822876
114149.446838
114179.002930
114208.607727
114238.259521
114267.868042
114297.460938
114327.067139
114356.609253
114386.179626
114415.816528
114445.382751
114475.019409
114504.599915
114534.222046
114563.777527
114593.433167
114622.966797
114652.493530
114682.136719
114711.695923
114741.338440
114770.896057
114800.479431
114830.051270
114859.669067
114889.282166
114918.857483
114948.370056
114977.968018
115007.563904
115037.111938
115066.742310
115096.319092
115125.963806
115155.547180
115185.203918
115214.780151
115244.434937
115274.028564
115303.560181
115333.198364
115362.763794
115392.385315
115421.898865
115451.536377
115481.145569
115510.816406
115540.408936
115570.037048
115599.612610
115629.200256
115658.742920
115688.326843
115717.881775
115747.416260
115777.014404
115806.513489
115836.167175
115865.728943
115895.379333
115924.932678
115954.587646
115984.127441
116013.733276
116043.305115
116072.886169
116102.399292
116131.944946
116161.515259
116191.047058
116220.678406
116250.234680
116279.876831
116309.471497
116339.097351
116368.695435
116398.383240
116428.146301
116457.699402
116487.311768
116516.981079
116546.547607
116576.109131
116605.708984
116635.262878
116664.908936
116694.515564
116724.130432
116753.685913
116783.265198
116812.878052
116842.426086
116872.039062
116901.633484
116931.242126
116960.793457
116990.423828
117019.976440
117049.596619
117079.198364
117108.839905
117138.566833
117168.154114
117197.773132
117227.334961
117256.930847
117286.510010
117316.099182
117345.647583
117375.291138
117404.882019
117434.525635
117464.121338
117493.910339
117523.623901
117553.222717
117582.894653
117612.463074
117642.030823
117671.600220
117701.193359
117730.690552
117760.282776
117789.860657
117819.433838
117849.109558
117878.696777
117908.323547
117937.893250
117967.534912
117997.066833
118026.637085
118056.199890
118085.791626
118115.369751
118144.907959
118174.544861
118204.113159
118233.763611
118263.354126
118292.963257
118322.578186
118352.199036
118381.799133
118411.447327
118440.996887
118470.665649
118500.241516
118529.792725
118559.427795
118589.037537
118618.678711
118648.290344
118677.904602
118707.473328
118737.033142
118766.697571
118796.288208
118825.914185
118855.473083
118885.067871
118914.611511
118944.231018
118973.831238
119003.464661
119033.098145
119062.627930
119092.215454
119121.875793
119151.434509
119180.965210
119210.549683
119240.073059
119269.683472
119299.196716
119328.756531
119358.325378
119387.891602
119417.487854
119447.035522
119476.648804
119506.188599
119535.799316
119565.382507
119594.948242
119624.454041
119654.111816
119683.693848
119713.288452
119742.872070
119772.446655
119802.032898
119831.609314
119861.249329
119890.857849
119920.533997
119950.166565
119979.793579
120009.329834
120038.911438
120068.457336
120098.012207
120127.554871
120157.116028
120186.762146
120216.464905
120246.033020
120275.642090
120305.227905
120334.786316
120364.397949
120393.940186
120423.501282
120453.075745
120482.665710
120512.157898
120541.736084
120571.228577
120600.798767
120630.312378
120659.887939
120689.423523
120718.932129
120748.836060
120778.418701
120808.015930
120837.628052
120867.215332
120896.889221
120926.503052
120956.166382
120985.693298
121015.340149
121044.901978
121074.552917
121104.196594
121133.823486
121163.463440
121193.062378
121222.658813
121252.278076
121281.822876
121311.410828
121341.019287
121370.697205
121400.316833
121429.994080
121459.611816
121489.259949
121518.965088
121548.555603
121578.217529
121607.828125
12163