155434.317261
155464.377441
155494.323547
155524.230652
155554.199219
155584.129822
155614.073364
155643.985718
155673.937805
155703.834656
155733.790039
155763.711853
155793.631653
155823.599670
155853.502563
155883.495972
155913.406677
155943.400391
155973.333496
156003.302429
156033.301880
156063.205017
156093.179871
156123.110413
156153.079224
156182.995117
156212.975403
156242.862793
156272.823303
156302.731445
156332.711487
156362.630798
156392.627808
156422.567932
156452.481628
156482.486023
156512.384705
156542.343506
156572.307190
156602.224304
156632.214844
156662.195740
156692.119141
156722.025146
156752.199524
156782.316101
156812.263550
156842.202881
156872.188721
156902.136292
156932.141113
156962.070984
156992.076233
157022.020996
157052.037964
157081.961304
157111.888550
157141.820801
157171.697449
157201.656616
157231.599670
157261.582581
157291.522705
157321.518311
157351.432007
157381.411438
157411.328186
157441.206543
157471.144104
157501.029602
157530.943909
157560.822754
157590.765076
157620.651550
157650.578308
157680.417664
157710.360229
157740.234802
157770.214905
157800.128235
157830.030884
157860.000732
157889.915222
157919.888977
157949.773071
157979.715576
158009.630737
158039.602905
158069.477661
158099.425232
158129.313232
158159.219177
158189.197266
158219.161377
158249.170959
158279.073914
158309.144287
158339.178711
158369.122131
158399.082520
158429.034485
158458.935425
158488.920715
158518.842346
158548.768188
158578.741638
158608.708618
158638.646729
158668.558411
158698.541138
158728.457336
158758.425964
158788.298401
158818.270569
158848.201050
158878.165588
158908.067139
158938.015137
158967.923889
158997.875732
159027.759827
159057.646729
159087.553589
159117.398621
159147.320618
159177.185791
159207.142212
159237.006836
159266.921570
159296.770691
159326.730347
159356.614258
159386.577209
159416.871826
159446.772522
159476.691528
159506.616882
159536.560730
159566.484802
159596.469849
159626.388916
159656.348450
159686.267029
159716.187927
159746.153870
159776.033630
159805.991699
159835.815125
159865.787537
159895.655884
159925.626343
159955.538269
159985.452454
160015.377258
160046.027893
160077.155640
160108.159363
160138.066528
160167.766968
160197.524109
160227.207947
160257.007690
160286.714539
160316.428467
160346.178162
160375.895447
160405.651917
160435.346313
160465.080261
160494.699463
160524.667419
160554.754211
160584.463745
160613.999329
160643.570618
160673.118530
160702.727539
160732.261230
160761.881714
160791.450806
160821.068848
160850.629700
160880.232361
160909.837952
160939.383301
160969.047180
160998.639343
161028.289978
161057.873352
161087.419617
161117.048706
161146.580933
161176.251587
161205.820618
161235.487305
161265.071472
161294.733887
161324.289368
161353.892883
161383.432312
161412.974304
161442.617920
161472.166870
161501.819153
161531.408752
161561.043457
161590.636597
161620.251526
161649.803589
161679.413757
161709.003357
161738.534546
161768.153748
161797.706055
161827.340271
161856.908142
161886.512146
161916.060852
161945.671143
161975.221741
162004.878906
162034.450989
162063.994507
162093.615295
162123.101929
162152.722961
162182.268127
162211.839600
162241.329956
162270.890686
162300.448669
162330.044678
162359.588562
162389.159790
162418.700317
162448.261230
162477.875244
162507.430359
162537.044983
162566.616455
162596.244385
162625.778259
162655.333618
162684.832214
162714.427490
162744.094971
162773.716797
162803.407227
162833.023560
162862.717102
162892.314697
162922.017944
162951.665833
162981.272949
163010.965576
163040.637695
163070.343994
163099.990234
163129.613403
163159.281494
163188.873962
163218.552002
163248.159668
163277.747131
163307.404358
163336.991516
163366.655518
163396.301514
163425.986389
163455.577271
163485.207581
163514.896240
163544.505371
163574.213745
163603.839050
163633.482117
163663.057190
163692.668701
163722.397522
163752.013916
163781.722900
163811.636841
163842.006226
163872.337158
163902.962219
163933.629822
163964.247559
163994.982971
164025.655273
164056.374390
164087.041626
164117.825806
164148.5