176244.532349
176274.584167
176304.576172
176334.588623
176364.602234
176394.545776
176424.537903
176454.487000
176484.428467
176514.346313
176544.293091
176574.194153
176604.140564
176634.044800
176663.971497
176693.843262
176723.737549
176753.672852
176783.520691
176813.473206
176843.360779
176873.332581
176903.237122
176933.186707
176963.095154
176993.088074
177023.034607
177053.053162
177083.013794
177113.004150
177142.939514
177172.939148
177202.882751
177232.839478
177262.772522
177292.741150
177322.669006
177352.675598
177382.654053
177412.611145
177442.612854
177472.513855
177502.476318
177532.398865
177562.378601
177592.292114
177622.253357
177652.160400
177682.158081
177712.070679
177742.045288
177771.975159
177801.948425
177831.892456
177861.865845
177891.787537
177921.790222
177951.723450
177981.723389
178011.662537
178041.673096
178071.649658
178101.679993
178131.652283
178161.651001
178191.598694
178221.539795
178251.529236
178281.467834
178311.456543
178341.400940
178371.443665
178401.394592
178431.372559
178461.317871
178491.313904
178521.261841
178551.258179
178581.189575
178611.196838
178641.165955
178671.145020
178701.078613
178731.069641
178761.011414
178791.016541
178820.960205
178850.955078
178880.906555
178910.840881
178940.810547
178970.714600
179000.679016
179030.577576
179060.540649
179090.448975
179120.384155
179150.244446
179180.165466
179210.024963
179239.925049
179269.806885
179299.754456
179329.637207
179359.580566
179389.452087
179419.347839
179449.290039
179479.211487
179509.170776
179539.096313
179569.054382
179598.947327
179628.954163
179658.885315
179688.894287
179718.752380
179748.773804
179778.678772
179808.665344
179838.627136
179868.545227
179898.514282
179928.435852
179958.429260
179988.357300
180018.322754
180048.256409
180078.233582
180108.156555
180138.145325
180168.066406
180197.967102
180227.894470
180257.848389
180287.741760
180317.641174
180347.602478
180377.516052
180407.484375
180437.362183
180467.335083
180497.243713
180527.208862
180557.172241
180587.158569
180617.082886
180647.004700
180677.689697
180708.733032
180739.840698
180769.908936
180799.740295
180829.468201
180859.261414
180888.988464
180918.774353
180948.511169
180978.290039
181008.025391
181037.809753
181067.439819
181097.294556
181127.064758
181157.086304
181187.139648
181216.751221
181246.401245
181276.004639
181305.701904
181335.307434
181364.968872
181394.754211
181424.386963
181454.054199
181483.657104
181513.325806
181542.884705
181572.558105
181602.143616
181631.791931
181661.352478
181690.974426
181720.550171
181750.150391
181779.771118
181809.348938
181839.007874
181868.742920
181898.371887
181927.947876
181957.596985
181987.171753
182016.775635
182046.455811
182076.052551
182105.692749
182135.349304
182165.071838
182194.707825
182224.525879
182254.143738
182283.837280
182313.450806
182343.140869
182372.768738
182402.387024
182432.215942
182461.862671
182491.481079
182521.034424
182550.658997
182580.265625
182609.883850
182639.456909
182669.166077
182698.765625
182728.414612
182758.076538
182787.597107
182817.180847
182846.793335
182876.450439
182906.035095
182935.665833
182965.203430
182994.868347
183024.465393
183054.046204
183083.690735
183113.247681
183142.901672
183172.481262
183202.104187
183231.646790
183261.247070
183290.910889
183320.519592
183350.172424
183379.873779
183409.496887
183439.154358
183468.819641
183498.445618
183528.116089
183557.707336
183587.447998
183617.048340
183646.671082
183676.351257
183705.927734
183735.580017
183765.187256
183794.845276
183824.459229
183854.156799
183883.756714
183913.332397
183942.977478
183972.580078
184002.283752
184031.898315
184061.604614
184091.223511
184120.925476
184150.562500
184180.159180
184209.801819
184239.387756
184269.077148
184298.685547
184328.354797
184357.927124
184387.589355
184417.178650
184446.786987
184477.335144
184507.779602
184538.175232
184568.162170
184598.118591
184628.280334
184658.156433
184687.966125
184717.782043
184747.629578
184777.489746
184807.400452
184837.181946
184867.062683
184896.873718
184926.783020
184956.590576
184986.383606
185016.246277
185046.054199
185075.891052
185105.680725
185135.564880
185165.345276
185195.216187
185225.012756
185254.786865
185284.665649
185314.485718
185344.361511
185374.129517
185403.988831
185433.828857
185463.735352
185493.551514
185523.433044
185553.251953
185583.048157
185612.933838
185642.701965
185672.593628
185702.377625
185732.255493
185762.076233
185791.894287
185821.708435
185851.574402
185881.481873
185911.403564
185941.258728
185971.092102
186001.020630
186030.859680
186060.742493
186090.560852
186120.464478
186150.243042
186180.081238
186209.957275
186239.826721
186269.614746
186299.426208
186329.237854
186358.988098
186388.883606
186418.666992
186448.477112
186478.280701
186508.149841
186537.913025
186567.726746
186597.546570
186627.352478
186657.109192
186686.917664
186716.760803
186746.629517
186776.418091
186806.180603
186836.042847
186865.854675
186895.685242
186925.478577
186955.331360
186985.146179
187014.985352
187044.746887
187074.555908
187104.371826
187134.254578
187164.125977
187193.935730
187223.821045
187253.613159
187283.454651
187313.226440
187343.058289
187372.817810
187402.688354
187432.549622
187462.438354
187492.263977
187522.088257
187552.018555
187582.045898
187611.944824
187641.875183
187671.739685
187701.531372
187731.441772
187761.258179
187791.137207
187820.941711
187850.828369
187880.657349
187910.538452
187940.327271
187970.126892
187999.946167
188029.870789
188059.715149
188089.486877
188119.357239
188149.239624
188179.137085
188208.972961
188238.810730
188268.590637
188298.485229
188328.296692
188358.147766
188387.989197
188417.816589
188447.714783
188477.510559
188507.365479
188537.158875
188567.013245
188596.855957
188626.739380
188656.552612
188686.407654
188716.221130
188746.117004
188775.899353
188805.768860
188835.609741
188865.501770
188895.394470
188925.210388
188955.084900
188984.892456
189014.815186
189044.624146
189074.525574
189104.332397
189134.202332
189164.051941
189193.940796
189223.761047
189253.663574
189283.476746
189313.351868
189343.244324
189373.065552
189403.047729
189432.993530
189462.972717
189492.919312
189522.903015
189552.819458
189582.860046
189612.828979
189642.740479
189672.691589
189702.608337
189732.598816
189762.497070
189792.455383
189822.389587
189852.357361
189882.295410
189912.243652
189942.134766
189972.103943
190002.041626
190032.030945
190061.979858
190091.918213
190121.908264
190151.858154
190181.877014
190211.783569
190241.791138
190271.706360
190301.742737
190331.715088
190361.649902
190391.646851
190421.598022
190451.581909
190481.552368
190511.470154
190541.421082
190571.396912
190601.346619
190631.296326
190661.186279
190691.125610
190721.019043
190750.986877
190780.922791
190810.899536
190840.808838
190870.778870
190900.719055
190930.679565
190960.519348
190990.471741
191020.417175
191050.422424
191080.369263
191110.289246
191140.268433
191170.143982
191200.201782
191230.127014
191260.145691
191290.088501
191320.127014
191350.075378
191380.015808
191410.007141
191439.952271
191469.992065
191499.954529
191529.958008
191559.890991
191589.855347
191619.771423
191649.711853
191679.626953
191709.538757
191739.535767
191769.547668
191799.503906
191829.452026
191859.480652
191889.442688
191919.455444
191949.388306
191979.435486
192009.388672
192039.424072
192069.385620
192099.332581
192129.318542
192159.267883
192189.322937
192219.274963
192249.315613
192279.244019
192309.223145
192339.230347
192369.262146
192399.206177
192429.159180
192459.218750
192489.176208
192519.195496
192549.130493
192579.100708
192609.044312
192639.043823
192668.936523
192698.843384
192728.812439
192758.734985
192788.630127
192818.599243
192848.601074
192878.555359
192908.495972
192938.527405
192968.436523
192998.409180
193028.262512
193058.256104
193088.152527
193118.128174
193148.157959
193178.185608
193208.184448
193238.104126
193268.083313
193297.966858
193327.938782
193357.852600
193387.855469
193417.818542
193447.805725
193477.783264
193507.731812
193537.732666
193567.651550
193597.613159
193627.521118
193657.463013
193687.379883
193717.360718
193747.293518
193777.283813
193807.227478
193837.163086
193867.131470
193897.080872
193927.096680
193957.021912
193986.959412
194016.806030
194046.775024
194076.680664
194106.646423
194136.537720
194166.416748
194196.404419
194226.292786
194256.338684
194286.220825
194316.187744
194346.127991
194376.112366
194406.005554
194435.915405
194465.854004
194495.756226
194525.757080
194555.669556
194585.632629
194615.572998
194645.584717
194675.529785
194705.538086
194735.422607
194765.310181
194795.260559
194825.131775
194855.119446
194885.022888
194914.992981
194944.873169
194974.763184
195004.721863
195034.614807
195064.586365
195094.515198
195124.510254
195154.387512
195184.353394
195214.251709
195244.206421
195274.160583
195304.121094
195334.060852
195364.010315
195394.000061
195423.896667
195453.848145
195483.760376
195513.736694
195543.641113
195573.634399
195603.512939
195633.563110
195663.483215
195693.438232
195723.375732
195753.344727
195783.249878
195813.147644
195843.101196
195873.004517
195903.006470
195932.949890
195962.928406
195992.968445
196023.070801
196053.128113
196083.270264
196113.332214
196143.390076
196173.519287
196203.582520
196233.700745
196263.768188
196293.895325
196323.958435
196354.093201
196384.157532
196414.274353
196444.337952
196474.394714
196504.511841
196534.689880
196564.828735
196594.878540
196624.983337
196655.038635
196685.129028
196715.206970
196745.306458
196775.361084
196805.473816
196835.523560
196865.640015
196895.674377
196925.764465
196955.798096
196985.831970
197015.959229
197046.016296
197076.150391
197106.191406
197136.282288
197166.332581
197196.432922
197226.488647
197256.614868
197286.676392
197316.725098
197346.841370
197376.913391
197407.023315
197437.088318
197467.213562
197497.271606
197527.396729
197557.449829
197587.562073
197617.616516
197647.716370
197677.757141
197707.852600
197737.926392
197767.978149
197798.073914
197828.107544
197858.180786
197888.207153
197918.374756
197948.426270
197978.537537
198008.585693
198038.633484
198068.728882
198098.811096
198128.902222
198158.924316
198189.013733
198219.066589
198249.190002
198279.248291
198309.303284
198339.383850
198369.438049
198399.565186
198429.595215
198459.711792
198489.741943
198519.847290
198549.863098
198579.943787
198609.936584
198640.002014
198670.015442
198700.093445
198730.107239
198760.131775
198790.194153
198820.215149
198850.283630
198880.300415
198910.365906
198940.391052
198970.499573
199000.540283
199030.688049
199060.722839
199090.766785
199120.920532
199150.951538
199181.013977
199211.032715
199241.132690
199271.141113
199301.219666
199331.228821
199361.306030
199391.352478
199421.464661
199451.520081
199481.628479
199511.656677
199541.693542
199571.774048
199601.799805
199631.887329
199661.921631
199692.021240
199722.047913
199752.118896
199782.145752
199812.217285
199842.249512
199872.331482
199902.367371
199932.384155
199962.472107
199992.501526
200022.593506
200052.627563
200082.718872
200112.762451
200142.855225
200172.898132
200202.974182
200233.003540
200263.081116
200293.080078
200323.156250
200353.203308
200383.297546
200413.352783
200443.416931
200473.521912
200503.567017
200533.650757
200563.681519
200593.808716
200623.869873
200653.971313
200684.091858
200714.196960
200744.232178
200774.395508
200804.434753
200834.491821
200864.744385
200894.900146
200924.951233
200955.000427
200985.126465
201015.176941
201045.279053
201075.310852
201105.408142
201135.438293
201165.531799
201195.566406
201225.720825
201255.742615
201285.780762
201315.917175
201345.997864
201376.091370
201406.149902
201436.231079
201466.265564
201496.366455
201526.397095
201556.522644
201586.565613
201616.656921
201646.686523
201676.842041
201706.991150
201737.127441
201767.313721
201797.438599
201827.648376
201857.776184
201887.964905
201918.092651
201948.276184
201978.433899
202008.642944
202038.768250
202068.921143
202099.091187
202129.230408
202159.441040
202189.554993
202219.747681
202249.886597
202280.078125
202310.216309
202340.382874
202370.500793
202400.611694
202430.860291
202460.981079
202491.158813
202521.272522
202551.467834
202581.587830
202611.782532
202641.900269
202672.079590
202702.350220
202732.474304
202762.608276
202792.736328
202822.898438
202853.024231
202883.199219
202913.298645
202943.477112
202973.647522
203003.829468
203033.961975
203064.152649
203094.259644
203124.371216
203154.545471
203184.660339
203214.829285
203244.928406
203275.087769
203305.190063
203335.390320
203365.484985
203395.644287
203425.762146
203455.942261
203486.042419
203516.182129
203546.341187
203576.462036
203606.631165
203636.746216
203666.924072
203697.041138
203727.231689
203757.353577
203787.525085
203817.643616
203847.751770
203877.934448
203908.031921
203938.211670
203968.326721
203998.541016
204028.672058
204058.843018
204088.952759
204119.139404
204149.255371
204179.503845
204209.625427
204239.826294
204269.951965
204300.150269
204330.271301
204360.401917
204390.596619
204420.714539
204450.904236
204481.031433
204511.229004
204541.361755
204571.510193
204601.720459
204631.864990
204662.070557
204692.215088
204722.434387
204752.569946
204782.765442
204812.895081
204843.077820
204873.196289
204903.389282
204933.525269
204963.682800
204994.024475
205024.494934
205054.739441
205084.903564
205115.148987
205145.326965
205175.597412
205205.802490
205235.988831
205266.227356
205296.399048
205326.656799
205356.832458
205387.172913
205417.346130
205447.601440
205477.797363
205507.977173
205538.214661
205568.398071
205598.651062
205628.834534
205659.057434
205689.235718
205719.467896
205749.636047
205779.883911
205810.065613
205840.299988
205870.469055
205900.637756
205930.862427
205961.036255
205991.259521
206021.424438
206051.686401
206081.864136
206112.089294
206142.253723
206172.488159
206202.666077
206232.884216
206263.043335
206293.283386
206323.447998
206353.667297
206383.825562
206413.999084
206444.223267
206474.391602
206504.648682
206534.826721
206565.084229
206595.279419
206625.565186
206655.793884
206686.089355
206716.317261
206746.580750
206776.816467
206807.062073
206837.268860
206867.460022
206897.734924
206927.942139
206958.196167
206988.375366
207018.616638
207048.805847
207079.060974
207109.255310
207139.541199
207169.758240
207199.939758
207230.201538
207260.398376
207290.636841
207320.812439
207351.046448
207381.237793
207411.479065
207441.671326
207471.846191
207502.113831
207532.316956
207562.555481
207592.744446
207623.000000
207653.214111
207683.458435
207713.651917
207743.900208
207774.115540
207804.319214
207834.559509
207864.768494
207895.015381
207925.251038
207955.459534
207985.413086
208015.676758
208045.694946
208075.770142
208105.647949
208135.542908
208165.429993
208195.290222
208225.203918
208255.044556
208284.979370
208314.827820
208344.704346
208374.616333
208404.467896
208434.407715
208464.270325
208494.201172
208524.075317
208553.988403
208583.847229
208613.759094
208643.675476
208673.551147
208703.464966
208733.344543
208763.283813
208793.149841
208823.028503
208852.959351
208882.829773
208912.766907
208942.661194
208972.553040
209002.483154
209032.340881
209062.262451
209092.110291
209122.006287
209151.886169
209181.779480
209211.607361
209241.527161
209271.426941
209301.300720
209331.210083
209361.023071
209390.858765
209420.668213
209450.543335
209480.343079
209510.173157
209539.967346
209569.833862
209599.635864
209629.439819
209659.285034
209689.109985
209718.993347
209748.797363
209778.681458
209808.482727
209838.366577
209868.188416
209898.047791
209927.857605
209957.700378
209987.509460
210017.315186
210047.145813
210076.927551
210106.776672
210136.578064
210166.385193
210196.153320
210225.986938
210255.763000
210285.628662
210315.393250
210345.128967
210374.945007
210404.744934
210434.608582
210464.405823
210494.269348
210524.074341
210553.960571
210583.766907
210613.616455
210643.431458
210673.285583
210703.077087
210732.903198
210762.653992
210792.418152
210822.253784
210852.090759
210881.919556
210911.711365
210941.559387
210971.401917
211001.263367
211031.059998
211060.880371
211090.649048
211120.392456
211150.219360
211179.961487
211209.732910
211239.485596
211269.298645
211299.053894
211328.829712
211358.563171
211388.312439
211418.094910
211447.936951
211477.729736
211507.577637
211537.302002
211567.119446
211596.839844
211626.534668
211656.330750
211686.109924
211715.941956
211745.694824
211775.494751
211805.256409
211835.013855
211864.777710
211894.628357
211924.427856
211954.247498
211984.002869
212013.800842
212043.529846
212073.312195
212103.058289
212132.844788
212162.604187
212192.333069
212222.131348
212251.854736
212281.670532
212311.400818
212341.206299
212370.932251
212400.697144
212430.470337
212460.242676
212489.954712
212519.775208
212549.492798
212579.354065
212609.147278
212638.969055
212668.772400
212698.560730
212728.384583
212758.160095
212788.015930
212817.902405
212847.814026
212877.708069
212907.623413
212937.474243
212967.398193
212997.284180
213027.233948
213057.143433
213087.025757
213116.979370
213146.864014
213176.746765
213206.652588
213236.575134
213266.445190
213296.360657
213326.198364
213356.100891
213385.946594
213415.879272
213445.740601
213475.606995
213505.527527
213535.453735
213565.416992
213595.264587
213625.176025
213655.018494
213684.982910
213714.898926
213744.800903
213774.736877
213804.598816
213834.538208
213864.425049
213894.361816
213924.238953
213954.129944
213984.075562
214013.965637
214043.922852
214073.819763
214103.749207
214133.641663
214163.598206
214193.493225
214223.386230
214253.390503
214283.361328
214313.262756
214343.150146
214373.088684
214402.937622
214432.918518
214462.832764
214492.809753
214522.680664
214552.617065
214582.521179
214612.580811
214642.441528
214672.387451
214702.293945
214732.287659
214762.205017
214792.078369
214822.039551
214851.946899
214881.892334
214911.730835
214941.667114
214971.547852
215001.553406
215031.479309
215061.407471
215091.386597
215121.252319
215151.210571
215181.102905
215211.024841
215240.870422
215270.824402
215300.746399
215330.689209
215360.540039
215390.479431
215420.374512
215450.295410
215480.261963
215510.182739
215540.110352
215569.972961
215599.910522
215629.800171
215659.710693
215689.538635
215719.456787
215749.336914
215779.270020
215809.313660
215839.241150
215869.124512
215899.015747
215928.871826
215958.726318
215988.659546
216018.512817
216048.437622
216078.246948
216108.130737
216137.990356
216167.932434
216197.841187
216227.672607
216257.594727
216287.505371
216317.371826
216347.245728
216377.193665
216407.035583
216437.018372
216466.929932
216496.896057
216526.782532
216556.726562
216586.633545
216616.609985
216646.479797
216676.399231
216706.291626
216736.218384
216766.143494
216796.009033
216825.960754
216855.829529
216885.755554
216915.632141
216945.569275
216975.457153
217005.301636
217035.247742
217065.104675
217095.030579
217124.885254
217154.799194
217184.695374
217214.619629
217244.461609
217274.438293
217304.337952
217334.231567
217364.092773
217393.953308
217423.889282
217453.757141
217483.695557
217513.546814
217543.450500
217573.282471
217603.184937
217633.018738
217662.938782
217692.735596
217722.568176
217752.491455
217782.328735
217812.184082
217841.979248
217871.849365
217901.704407
217931.584534
217961.397095
217991.265259
218021.104736
218051.017334
218080.870972
218110.777588
218140.617432
218170.468140
218200.365234
218230.263062
218260.130920
218289.987610
218319.880676
218349.700623
218379.622864
218409.457703
218439.333435
218469.196594
218499.099487
218528.949341
218558.829895
218588.688782
218618.618774
218648.502625
218678.410339
218708.255371
218738.189575
218768.047546
218797.917419
218827.851624
218857.679504
218887.602173
218917.457214
218947.346130
218977.205627
219007.137695
219037.029846
219066.968872
219096.875366
219126.771851
219156.642517
219186.538025
219216.467651
219246.321655
219276.286865
219306.184082
219336.120117
219366.031311
219396.109070
219426.133911
219456.258118
219486.296936
219516.381104
219546.408264
219576.506775
219606.545715
219636.657043
219666.683289
219696.780518
219726.836182
219756.884583
219786.972595
219817.026733
219847.138550
219877.183472
219907.304138
219937.346985
219967.453613
219997.498962
220027.608826
220057.661682
220087.716431
220117.729126
220147.722351
220177.824280
220207.856323
220237.929810
220267.960327
220298.037170
220328.078308
220358.144897
220388.168274
220418.257690
220448.298523
220478.399475
220508.437561
220538.480896
220568.567261
220598.623657
220628.747620
220658.772339
220688.863159
220718.890930
220749.009094
220779.060913
220809.151917
220839.157043
220869.262207
220899.324524
220929.389587
220959.468079
220989.496216
221019.582520
221049.635620
221079.707520
221109.735046
221139.809326
221169.829773
221199.931152
221229.937805
221260.052795
221290.083069
221320.155579
221350.199890
221380.241333
221410.321045
221440.343445
221470.435181
221500.450989
221530.519836
221560.547668
221590.628113
221620.665894
221650.746521
221680.788574
221710.875732
221740.924744
221770.982483
221801.055664
221831.099365
221861.174927
221891.252441
221921.394226
221951.428894
221981.497681
222011.525757
222041.589661
222071.606079
222101.656189
222131.670227
222161.730408
222191.746338
222221.866089
222251.883911
222281.890076
222311.977539
222341.986389
222372.072205
222402.100037
222432.192261
222462.248169
222492.398254
222522.417664
222552.433716
222582.508789
222612.531128
222642.653809
222672.684021
222702.791199
222732.804199
222762.870239
222792.896484
222822.948486
222852.959900
222882.980530
222913.045898
222943.064575
222973.134705
223003.132996
223033.178589
223063.188232
223093.223633
223123.206055
223153.182617
223183.240967
223213.279907
223243.379639
223273.373169
223303.467407
223333.480347
223363.583313
223393.605835
223423.655823
223453.776917
223483.794312
223513.919617
223543.934570
223574.013184
223604.049866
223634.146790
223664.191345
223694.274597
223724.268921
223754.331116
223784.394348
223814.397827
223844.449463
223874.471741
223904.567322
223934.576111
223964.660583
223994.665955
224024.752869
224054.770203
224084.869812
224114.876465
224144.970093
224174.989746
224204.987488
224235.076660
224265.070557
224295.122742
224325.135925
224355.135315
224385.205261
224415.200256
224445.270752
224475.297363
224505.398376
224535.426025
224565.485718
224595.485535
224625.575928
224655.595215
224685.606262
224715.685120
224745.689331
224775.764404
224805.822754
224835.924744
224865.947266
224896.030334
224926.051270
224956.105042
224986.115540
225016.125305
225046.238220
225076.365295
225106.577393
225136.685059
225166.849548
225196.951050
225227.129272
225257.246521
225287.413879
225317.523071
225347.708008
225377.838074
225407.958374
225438.123535
225468.227661
225498.395874
225528.519531
225558.686707
225588.801636
225618.989197
225649.092712
225679.285400
225709.397949
225739.560120
225769.676392
225799.834229
225829.975525
225860.084106
225890.271484
225920.367432
225950.565613
225980.680054
226010.830872
226040.913513
226071.073914
226101.186707
226131.357544
226161.460938
226191.605347
226221.714844
226251.886902
226282.021973
226312.133057
226342.306458
226372.389099
226402.580444
226432.679993
226462.849426
226492.966248
226523.113464
226553.257141
226583.415283
226613.507019
226643.679993
226673.829407
226703.930664
226734.123413
226764.229614
226794.414246
226824.544067
226854.730896
226884.841858
226915.023010
226945.125427
226975.311096
227005.416992
227035.596313
227065.732544
227095.904846
227126.038940
227156.201050
227186.313782
227216.477478
227246.593140
227276.755981
227306.912048
227337.010071
227367.180786
227397.312073
227427.469788
227457.573975
227487.747437
227517.868164
227548.040955
227578.150330
227608.321167
227638.429810
227668.521301
227698.716736
227728.839905
227759.024536
227789.160889
227819.347656
227849.472839
227879.651184
227909.777527
227939.937378
227970.048279
228000.239868
228030.353394
228060.521301
228090.662048
228120.859558
228150.997498
228181.174438
228211.289124
228241.496338
228271.635254
228301.832520
228331.968750
228362.131714
228392.331238
228422.507080
228452.727966
228482.893982
228513.097290
228543.254333
228573.483398
228603.637878
228633.843750
228664.001526
228694.193420
228724.370789
228754.578064
228784.735107
228814.950623
228845.124451
228875.360352
228905.493164
228935.668335
228965.816528
228995.966248
229026.169006
229056.304260
229086.515503
229116.669861
229146.908569
229177.073303
229207.298523
229237.454102
229267.663452
229297.829224
229328.050049
229358.209106
229388.438171
229418.597656
229448.792114
229479.007019
229509.230042
229539.384277
229569.550293
229599.754578
229629.904785
229660.136108
229690.552734
229720.776428
229750.928711
229781.146790
229811.305054
229841.518433
229871.690063
229901.931030
229932.081665
229962.312561
229992.500305
230022.764465
230052.945862
230083.108459
230113.328125
230143.518127
230173.771606
230203.955017
230234.196045
230264.359375
230294.596802
230324.714233
230355.009705
230385.193665
230415.450012
230445.649292
230475.820129
230506.063171
230536.246948
230566.460083
230596.689941
230626.933411
230657.123901
230687.395447
230717.589050
230747.848877
230778.070496
230808.249146
230838.484314
230868.670654
230898.945923
230929.144531
230959.402100
230989.590332
231019.835938
231050.037231
231080.283875
231110.457703
231140.716370
231170.914978
231201.169861
231231.346069
231261.584595
231291.754456
231322.110779
231352.093567
231381.987061
231412.192810
231442.001404
231471.884705
231501.712952
231531.583313
231561.389709
231591.291443
231621.124207
231650.906738
231680.786682
231710.720703
231740.577087
231770.390442
231800.191406
231830.090759
231859.923584
231889.794495
231919.598511
231949.481079
231979.335327
232009.254089
232039.082520
232068.999817
232098.882080
232128.708740
232158.593933
232188.436401
232218.324402
232248.178528
232278.085754
232307.934387
232337.776428
232367.664734
232397.508057
232427.398743
232457.202881
232487.123962
232517.003113
232546.833923
232576.756042
232606.600708
232636.511230
232666.407166
232696.322937
232726.136841
232756.008057
232785.826172
232815.703430
232845.469177
232875.226440
232905.049500
232934.820068
232964.645081
232994.433655
233024.269165
233054.001770
233083.802551
233113.566040
233143.373291
233173.147522
233202.924927
233232.700684
233262.413208
233292.206421
233321.956848
233351.760681
233381.549805
233411.329590
233441.050049
233470.860352
233500.628174
233530.583252
233560.384338
233590.194641
233619.943604
233649.691040
233679.529175
233709.256348
233739.039490
233768.794922
233798.692566
233828.468933
233858.256958
233888.033813
233917.813660
233947.610229
233977.421326
234007.291687
234037.101013
234066.979675
234096.810120
234126.694458
234156.512451
234186.389221
234216.201477
234246.156555
234276.037170
234305.846375
234335.750549
234365.557007
234395.448181
234425.254456
234455.092102
234484.858826
234514.726562
234544.599365
234574.490295
234604.284668
234634.191101
234664.061340
234693.923279
234723.863586
234753.726929
234783.620300
234813.477356
234843.332703
234873.137634
234903.000427
234932.768799
234962.680298
234992.484924
235022.365234
235052.189453
235082.250671
235112.103271
235141.980103
235171.801697
235201.620850
235231.486145
235261.285767
235291.153137
235320.993591
235350.880066
235380.731384
235410.610046
235440.459351
235470.332642
235500.152344
235530.018250
235559.915100
235589.715454
235619.600525
235649.442871
235679.356201
235709.145630
235739.019226
235768.795227
235798.654602
235828.481079
235858.343079
235888.167542
235918.055054
235947.909668
235977.826050
236007.658997
236037.448914
236067.354431
236097.222107
236127.095215
236156.949829
236186.925720
236216.857605
236246.910950
236277.065674
236307.056580
236336.960876
236366.852051
236396.869019
236426.807068
236456.761841
236486.681335
236516.689392
236546.620911
236576.630371
236606.548340
236636.499329
236666.442200
236696.418884
236726.329041
236756.254211
236786.244812
236816.182434
236846.136780
236876.067566
236906.072876
236936.013062
236966.012451
236996.136658
237026.143311
237056.061951
237086.085205
237116.079590
237146.133606
237176.073853
237206.025330
237236.018982
237265.963928
237295.903931
237325.817200
237355.844055
237385.769165
237415.714661
237445.651611
237475.620361
237505.521057
237535.518066
237565.433105
237595.364868
237625.319031
237655.222534
237685.147583
237715.041504
237745.000793
237774.905090
237804.877197
237834.813477
237864.803345
237894.722046
237924.717468
237954.629822
237984.549194
238014.528564
238044.447571
238074.457764
238104.373291
238134.364868
238164.326355
238194.334656
238224.265320
238254.282471
238284.224792
238314.152405
238344.123962
238374.049561
238404.045715
238433.994141
238463.991089
238493.920959
238523.913208
238553.947388
238583.916809
238613.881470
238643.841858
238673.821838
238703.766907
238733.763245
238763.671326
238793.697754
238823.619751
238853.625244
238883.553955
238913.509766
238943.544922
238973.498657
239003.506775
239033.421082
239063.418274
239093.329346
239123.348572
239153.283020
239183.279297
239213.165344
239243.077576
239273.104187
239303.031433
239333.008484
239362.920349
239392.903259
239422.844666
239452.813782
239482.700989
239512.736877
239542.705627
239572.711914
239602.615417
239632.523621
239662.541565
239692.505676
239722.499878
239752.426880
239782.391052
239812.319336
239842.348816
239872.270935
239902.216125
239932.111755
239962.030457
239992.040100
240021.986328
240051.956543
240081.875610
240111.873474
240141.831726
240171.829224
240201.737854
240231.667969
240261.621765
240291.540527
240321.519836
240351.437927
240381.405029
240411.311157
240441.307068
240471.247314
240501.237488
240531.174683
240561.115845
240591.120972
240621.050903
240651.034729
240680.991211
240711.035217
240741.010864
240770.937378
240800.916443
240830.825500
240860.819275
240890.716309
240920.699890
240950.627869
240980.613464
241010.550537
241040.505249
241070.415283
241100.377563
241130.308350
241160.270203
241190.195862
241220.177063
241250.093445
241280.105469
241310.031006
241340.020630
241370.022888
241399.979675
241430.012695
241459.976807
241489.943848
241519.825012
241549.797058
241579.721130
241609.671265
241639.544617
241669.512024
241699.402466
241729.383118
241759.283813
241789.258667
241819.208923
241849.142395
241879.135193
241909.076782
241939.067932
241968.986023
241998.964539
242028.891296
242058.862061
242088.793457
242118.752563
242148.675842
242178.592468
242208.561462
242238.479492
242268.431702
242298.424194
242328.368958
242358.276428
242388.273682
242418.209717
242448.189026
242478.109192
242508.080811
242537.982117
242567.901855
242597.878967
242627.820923
242657.782349
242687.723755
242717.724060
242747.640381
242777.701660
242807.710205
242837.789734
242867.823120
242897.886230
242927.910889
242957.951782
242988.049255
243018.102234
243048.193237
243078.232056
243108.364258
243138.401917
243168.512268
243198.551453
243228.637817
243258.694458
243288.774048
243318.817383
243348.892090
243379.005493
243409.051758
243439.170532
243469.208252
243499.422913
243529.475952
243559.569397
243589.642395
243619.716309
243649.821228
243679.883423
243709.993286
243740.064148
243770.106934
243800.175049
243830.218628
243860.302185
243890.359131
243920.426758
243950.445862
243980.494751
244010.512207
244040.605347
244070.637451
244100.710938
244130.720703
244160.802673
244190.843506
244220.946777
244250.959656
244280.973938
244311.096069
244341.116760
244371.210144
244401.256958
244431.348267
244461.397644
244491.476929
244521.492188
244551.549927
244581.586792
244611.713623
244641.722107
244671.802917
244701.839722
244731.920227
244761.957214
244792.033508
244822.048889
244852.071655
244882.134644
244912.166382
244942.203613
244972.217102
245002.283569
245032.344238
245062.434387
245092.433289
245122.514771
245152.517334
245182.583069
245212.594666
245242.677917
245272.702942
245302.753662
245332.859497
245362.887817
245392.979736
245423.020935
245453.126953
245483.151367
245513.263062
245543.233521
245573.322815
245603.328430
245633.398438
245663.398560
245693.481384
245723.496765
245753.613647
245783.653687
245813.660400
245843.713745
245873.722961
245903.771851
245933.770935
245963.839905
245993.854553
246023.919128
246053.948425
246084.006897
246114.041565
246144.069153
246174.121338
246204.137573
246234.227173
246264.291138
246294.339355
246324.343811
246354.412415
246384.4