------------------------------------------------------------------------------------------------------------------------------------------------------------------------------------------------------
File         | Reading      | Prediction   | Error        | Error%       | L1_I%        | Stalls%      | Ins%         | L2%          | L1_D%        | TLB_I%       | L3           |
------------------------------------------------------------------------------------------------------------------------------------------------------------------------------------------------------
pr_err       | 8729.84      | 5661.11      | -3068.73     | 35.15        | -0.30        | 70.65        | 29.59        | -0.34        | -3.93        | 1.60         | 2.72         |
cc_err       | 36313.46     | 23518.47     | -12795.00    | 35.23        | -0.25        | 70.48        | 28.32        | -0.12        | -1.20        | 1.63         | 1.14         |
cc_sv_err    | 8728.31      | 5452.95      | -3275.36     | 37.53        | -0.28        | 69.07        | 30.82        | -0.25        | -2.92        | 1.79         | 1.77         |
bc_err       | 8726.09      | 5517.20      | -3208.89     | 36.77        | -0.29        | 66.43        | 30.47        | -0.19        | -2.04        | 2.12         | 3.50         |
sssp_err     | 8723.74      | 5786.00      | -2937.75     | 33.68        | -0.30        | 67.31        | 30.50        | -0.17        | -1.86        | 2.97         | 1.54         |
pr_spmv_err  | 8719.11      | 6096.83      | -2622.28     | 30.08        | -0.27        | 71.81        | 28.46        | -0.40        | -4.74        | 1.69         | 3.45         |
bfs_err      | 37572.25     | 22827.00     | -14745.24    | 39.25        | -0.28        | 69.74        | 28.95        | -0.12        | -1.21        | 1.88         | 1.04         |
tc_err       | 70175.62     | 44411.55     | -25764.06    | 36.71        | -0.16        | 53.46        | 46.64        | -0.22        | -1.25        | 0.53         | 0.99         |
------------------------------------------------------------------------------------------------------------------------------------------------------------------------------------------------------
Mean error: 35.549
