82462.447021
82492.290710
82522.116211
82552.062988
82581.961731
82611.875366
82641.698730
82671.494324
82701.403809
82731.282349
82761.215820
82791.056641
82820.990784
82850.817871
82880.720886
82910.532410
82940.413635
82970.216431
83000.039917
83029.945496
83059.752319
83089.671387
83119.513916
83149.439880
83179.307129
83209.150818
83238.942017
83268.824951
83298.637756
83328.513489
83358.353455
83388.248230
83418.105408
83447.926819
83477.802063
83507.598328
83537.499634
83567.327881
83597.177673
83626.959961
83656.770569
83686.496399
83716.337524
83746.144226
83776.019165
83805.856812
83835.725525
83865.557312
83895.401062
83925.374695
83955.445496
83985.581604
84015.652344
84045.874329
84076.008728
84106.234802
84136.377380
84166.617981
84196.761841
84226.909973
84257.086914
84287.296814
84317.460815
84347.673645
84377.831604
84407.938843
84438.012756
84468.029053
84498.085999
84527.960876
84557.972473
84587.845581
84617.754944
84647.697815
84677.842285
84707.955627
84738.122986
84768.228699
84798.318542
84828.448364
84858.533447
84888.543579
84918.529602
84948.572754
84978.617737
85008.844666
85038.712524
85068.595337
85098.448730
85128.414429
85158.505493
85188.607849
85218.777100
85248.860962
85278.997070
85309.101257
85339.220032
85369.199158
85399.279236
85429.256226
85459.408142
85489.300598
85519.149536
85549.029785
85578.854919
85608.830933
85638.941223
85669.055054
85699.134277
85729.238831
85759.307190
85789.462341
85819.539795
85849.541626
85879.592346
85909.616699
85939.709778
85969.778931
85999.760925
86029.704468
86059.644470
86089.498291
86119.605652
86149.765686
86179.879272
86210.033325
86240.136902
86270.283203
86300.392029
86330.502014
86360.497681
86390.551086
86420.591675
86450.667725
86480.664185
86510.538818
86540.432312
86570.392944
86600.519043
86630.632263
86660.818970
86690.930908
86721.103821
86751.182251
86781.283325
86811.360901
86841.335083
86871.414490
86901.458618
86931.582520
86961.524109
86991.450806
87021.437500
87051.271118
87081.375671
87111.489685
87141.655212
87171.754517
87201.854492
87232.018066
87262.135071
87292.265686
87322.303101
87352.358093
87382.437500
87412.576416
87442.495972
87472.430115
87502.338440
87532.302490
87562.305969
87592.469910
87622.601135
87652.756226
87682.871155
87713.031677
87743.138123
87773.222839
87803.268677
87833.284180
87863.357178
87893.460693
87923.403809
87953.302063
87983.291809
88013.209900
88043.229004
88073.388855
88103.537781
88133.710571
88163.835144
88194.019470
88224.146729
88254.290283
88284.293396
88314.362061
88344.367126
88374.437012
88404.356628
88434.210388
88464.107483
88494.004578
88524.032532
88554.136963
88584.244202
88614.399963
88644.509949
88674.666504
88704.781250
88734.932434
88764.942688
88795.028748
88825.045898
88855.126282
88885.136414
88915.060913
88944.984009
88974.881470
89004.841248
89034.947083
89065.107239
89095.207031
89125.370911
89155.483215
89185.660706
89215.763733
89245.870605
89275.958984
89305.983521
89336.119690
89366.131165
89396.114136
89426.048828
89456.017456
89485.910889
89516.078064
89546.180237
89576.336548
89606.430359
89636.516479
89666.658752
89696.810547
89726.830444
89756.845093
89786.940125
89816.994080
89847.050842
89876.988708
89906.972290
89936.871216
89966.871460
89996.978333
90027.071838
90057.210999
90087.299316
90117.441956
90147.537842
90177.675781
90207.673950
90237.720581
90267.732300
90297.795959
90327.828735
90357.796509
90387.700500
90417.701050
90447.659363
90477.757385
90507.909180
90538.024414
90568.195862
90598.287903
90628.456360
90658.555664
90688.625183
90718.652344
90748.745422
90778.780640
90808.872009
90838.781799
90868.780396
90898.672119
90928.663391
90958.771729
90988.957214
91019.045471
91049.204895
91079.298340
91109.403381
91139.556396
91169.537415
91199.576538
91229.614624
91259.699951
91289.748413
91319.759399
91349.660095
91379.658630
91409.558044
91439.739685
91469.855957
91500.033752
91530.142944
91560.301758
91590.401367
91620.570984
91650.627747
91680.677185
91710.823120
91740.872620
91770.984436
91800.975342
91830.982605
91860.956787
91890.899658
91921.044800
91951.148254
91981.323914
92011.402283
92041.563110
92071.652222
92101.810486
92131.841797
92161.857056
92191.961731
92221.984985
92252.052917
92281.945129
92311.874146
92341.719177
92371.679443
92401.775574
92431.930908
92462.025391
92492.177307
92522.244629
92552.410034
92582.506226
92612.523010
92642.580017
92672.606750
92702.698425
92732.664734
92762.603271
92792.475891
92822.393921
92852.270691
92882.370300
92912.567322
92942.655884
92972.819336
93002.914185
93033.085999
93063.173279
93093.233765
93123.258850
93153.336487
93183.394714
93213.476685
93243.358643
93273.328125
93303.218079
93333.153381
93363.317261
93393.398682
93423.557190
93453.661621
93483.808472
93513.910034
93544.039307
93574.094727
93604.207458
93634.250854
93664.281738
93694.332336
93724.200928
93754.132812
93784.032593
93814.010925
93844.128052
93874.314758
93904.416382
93934.591553
93964.681702
93994.858887
94024.972046
94055.085205
94085.117798
94115.148926
94145.241943
94175.284241
94205.256958
94235.165344
94265.103943
94295.049622
94325.152344
94355.250732
94385.425842
94415.527527
94445.651306
94475.754578
94505.899780
94535.958191
94565.974548
94596.066223
94626.099792
94656.231018
94686.106445
94716.038025
94745.942200
94775.903076
94805.992981
94836.053711
94866.269226
94896.346313
94926.496643
94956.594910
94986.751526
95016.784485
95046.868164
95076.915771
95107.033203
95137.088745
95167.057312
95196.969543
95226.909058
95256.818054
95286.896545
95317.065125
95347.154480
95377.296814
95407.377441
95437.557190
95467.700317
95497.790649
95527.798767
95557.840820
95587.945984
95617.988586
95647.963562
95677.884949
95707.859375
95737.777283
95767.921692
95798.034485
95828.196350
95858.293945
95888.458069
95918.573914
95948.755432
95978.801514
96008.888428
96038.971497
96069.101746
96099.163757
96129.085510
96159.079468
96189.005493
96219.006714
96249.115967
96279.291199
96309.401733
96339.547607
96369.635071
96399.780151
96429.874573
96459.909912
96489.985962
96520.036255
96550.150513
96580.205933
96610.161987
96640.125977
96670.110779
96700.033813
96730.145081
96760.267334
96790.380127
96820.531006
96850.634644
96880.808105
96910.922974
96941.074585
96971.114990
97001.222290
97031.265808
97061.330566
97091.330322
97121.243652
97151.224670
97181.107300
97211.177429
97241.307495
97271.452271
97301.573669
97331.747620
97361.844238
97392.024902
97422.134949
97452.159973
97482.262146
97512.313660
97542.463318
97572.407227
97602.357483
97632.364563
97662.331543
97692.429199
97722.590942
97752.782776
97782.920715
97813.123047
97843.265015
97873.445251
97903.524231
97933.546814
97963.679993
97993.773132
98023.907349
98053.844788
98083.789673
98113.686279
98143.628418
98173.674255
98203.849487
98233.967224
98264.089600
98294.233337
98324.367188
98354.536560
98384.583374
98414.633362
98444.681580
98474.771362
98504.839661
98534.809204
98564.727478
98594.618164
98624.577698
98654.675659
98684.864014
98714.997803
98745.167969
98775.289734
98805.481384
98835.598145
98865.655151
98895.737427
98925.772217
98955.880737
98985.951782
99015.952209
99045.883667
99075.827820
99105.759644
99135.830261
99166.003052
99196.108582
99226.247009
99256.349792
99286.505249
99316.613159
99346.735596
99376.738953
99406.794495
99436.881409
99466.960510
99496.923767
99526.819214
99556.771912
99586.682678
99616.839783
99646.958374
99677.116943
99707.233093
99737.397827
99767.506287
99797.642700
99827.769714
99857.763977
99887.849792
99917.864136
99947.999146
99977.922424
100007.903198
100037.793213
100067.751953
100097.744446
100127.903748
100158.119873
100188.234619
100218.384216
100248.475037
100278.633972
100308.695801
100338.740417
100368.768188
100398.819458
100428.921570
100458.897461
100488.885681
100518.729065
100548.681030
100578.659546
100608.836487
100638.952759
100669.089355
100699.188599
100729.531494
100759.649536
100789.724487
100819.804688
100849.870789
100879.980225
100910.082581
100940.050354
100969.991699
101000.018433
101029.922363
101059.940735
101090.106567
101120.222717
101150.364258
101180.528137
101210.687622
101240.801331
101270.964111
101300.980164
101331.057251
101361.092651
101391.217957
101421.075073
101451.067993
101480.946472
101510.837830
101540.900818
101571.021790
101601.211853
101631.398865
101661.503784
101691.622681
101721.798157
101751.873108
101781.872253
101811.969971
101842.084778
101872.143005
101902.139893
101932.014282
101961.962646
101991.855591
102021.860168
102052.023865
102082.110596
102112.285645
102142.367676
102172.519958
102202.629456
102232.746704
102262.746887
102292.832275
102322.826721
102352.995789
102383.152405
102413.125061
102443.017517
102472.966431
102502.942017
102533.067444
102563.240601
102593.345703
102623.508057
102653.635986
102683.814148
102713.910339
102743.971863
102773.990112
102804.007996
102834.151428
102864.130920
102894.093079
102924.047668
102954.007019
102983.981445
103014.170959
103044.263000
103074.439575
103104.577393
103134.753113
103164.873047
103194.985779
103225.045654
103255.096680
103285.165161
103315.229065
103345.240906
103375.162170
103405.115845
103435.022888
103465.026733
103495.148499
103525.243286
103555.415100
103585.510376
103615.682922
103645.783020
103675.938477
103705.948303
103736.049377
103766.069031
103796.150574
103826.165955
103856.090820
103886.055115
103915.911743
103945.950134
103976.044067
104006.189819
104036.302063
104066.458130
104096.537903
104126.700989
104156.727661
104186.852966
104216.896118
104246.910828
104277.062012
104306.989075
104336.946655
104366.792969
104396.800049
104426.831360
104457.008057
104487.118469
104517.298218
104547.405884
104577.532166
104607.720703
104637.911743
104667.890198
104698.029297
104728.158691
104758.267639
104788.293701
104818.230042
104848.210022
104878.146973
104908.194824
104938.299744
104968.462830
104998.533875
105028.644714
105058.807007
105088.900513
105119.072083
105149.087830
105179.200378
105209.222046
105239.365417
105269.307922
105299.291748
105329.205505
105359.181885
105389.152100
105419.283264
105449.450500
105479.552917
105509.725769
105539.830627
105570.004211
105600.108521
105630.189392
105660.191284
105690.284302
105720.334473
105750.393616
105780.337158
105810.220825
105840.179565
105870.098450
105900.259277
105930.354919
105960.518066
105990.635681
106020.804016
106050.924622
106081.020264
106111.062134
106141.088074
106171.138611
106201.189575
106231.269348
106261.183472
106291.153320
106321.062500
106351.053406
106381.177429
106411.338562
106441.454895
106471.611145
106501.730957
106531.834839
106561.991943
106592.019348
106622.109192
106652.164795
106682.320557
106712.317200
106742.316711
106772.256653
106802.248413
106832.200562
106862.313782
106892.469177
106922.573181
106952.739197
106982.861023
107013.009460
107043.083801
107073.164734
107103.199646
107133.287415
107163.367920
107193.425476
107223.372131
107253.380005
107283.293152
107313.247620
107343.426086
107373.539062
107403.714233
107433.814575
107463.962830
107494.060242
107524.205505
107554.200806
107584.282227
107614.332214
107644.466614
107674.496216
107704.453857
107734.453613
107764.387878
107794.444519
107824.567627
107854.666687
107884.915161
107915.006531
107945.191406
107975.304810
108005.470886
108035.477966
108065.587463
108095.639587
108125.773560
108155.819641
108185.728455
108215.700806
108245.683472
108275.746277
108305.883728
108336.048401
108366.167236
108396.321960
108426.435852
108456.599243
108486.703796
108516.778259
108546.811035
108576.890564
108607.033447
108637.083923
108667.075562
108697.009827
108726.970886
108756.899841
108787.074890
108817.219482
108847.394043
108877.516602
108907.622192
108937.809082
108967.930725
108998.011353
109028.029785
109058.113464
109088.170288
109118.258301
109148.135132
109178.050293
109208.012634
109237.876953
109268.061035
109298.179565
109328.359558
109358.482788
109388.649536
109418.773010
109448.939148
109478.977478
109509.037537
109539.153137
109569.199036
109599.255554
109629.223206
109659.181030
109689.069275
109718.963989
109749.107910
109779.181641
109809.329041
109839.415405
109869.561829
109899.638977
109929.778931
109959.782166
109989.854980
110019.894287
110049.934692
110079.960815
110109.874451
110139.786194
110169.651306
110199.625244
110229.728088
110259.815063
110289.979736
110320.090210
110350.245728
110380.367615
110410.528748
110440.549011
110470.631592
110500.658936
110530.741089
110560.738831
110590.625427
110620.565552
110650.457397
110680.430908
110710.544006
110740.688416
110770.790649
110800.923157
110831.079224
110861.230347
110891.328735
110921.338440
110951.412537
110981.437134
111011.500488
111041.484192
111071.425903
111101.382446
111131.315430
111161.210632
111191.367798
111221.455750
111251.552734
111281.686462
111311.770813
111341.919312
111372.038696
111402.093872
111432.103027
111462.176331
111492.228821
111522.306763
111552.213623
111582.160034
111612.075317
111641.986450
111672.122925
111702.231567
111732.387756
111762.483521
111792.591187
111822.758667
111852.864197
111882.932495
111912.944458
111943.038879
111973.043884
112003.075256
112032.954102
112062.826721
112092.790649
112122.673828
112152.818115
112182.927429
112213.092346
112243.174316
112273.342041
112303.441772
112333.594177
112363.581055
112393.662842
112423.667175
112453.699585
112483.762390
112513.674316
112543.636536
112573.567993
112603.448364
112633.552429
112663.692932
112693.775696
112723.907715
112753.993652
112784.133362
112814.229004
112844.282288
112874.286560
112904.360107
112934.455322
112964.501160
112994.346069
113024.261475
113054.099304
113083.951721
113114.068970
113144.155518
113174.286316
113204.381165
113234.493652
113264.591553
113294.741760
113324.718262
113354.779480
113384.790833
113414.866821
113444.853333
113474.721191
113504.682617
113534.579102
113564.531921
113594.639648
113624.793091
113654.893433
113685.040955
113715.127380
113745.263855
113775.353699
113805.431396
113835.417908
113865.518311
113895.511536
113925.548096
113955.382202
113985.220215
114015.129761
114045.039551
114075.187439
114105.302612
114135.469543
114165.549683
114195.708862
114225.828613
114255.990845
114286.011353
114316.073181
114346.094238
114376.156433
114406.281921
114436.186523
114466.106018
114496.061340
114525.999878
114556.038208
114586.190979
114616.278748
114646.417114
114676.525879
114706.686523
114736.759583
114766.871948
114796.835205
114826.810669
114856.880127
114886.894165
114916.834412
114946.706177
114976.621399
115006.483582
115036.564087
115066.661133
115096.820129
115126.902893
115157.080811
115187.165833
115217.327820
115247.354858
115277.412231
115307.454590
115337.480469
115367.582764
115397.455444
115427.422241
115457.285156
115487.200195
115517.260986
115547.408997
115577.485901
115607.645874
115637.727783
115667.881775
115697.990173
115728.108154
115758.309570
115788.439758
115818.636780
115848.747070
115878.925171
115909.035950
115939.190125
115969.293457
115999.512695
116029.643616
116059.842834
116089.965881
116120.157898
116150.277588
116180.379211
116210.530090
116240.630188
116270.767944
116300.901123
116331.054688
116361.169312
116391.326172
116421.420593
116451.596558
116481.717041
116511.973694
116542.136658
116572.267273
116602.462158
116632.563965
116662.745117
116692.872620
116723.072571
116753.199890
116783.378723
116813.490295
116843.675171
116873.768250
116903.935425
116934.029297
116964.149597
116994.346069
117024.447632
117054.634277
117084.748291
117114.904419
117145.004456
117175.158264
117205.250183
117235.405273
117265.472595
117295.656189
117325.770691
117355.924744
117386.009338
117416.106506
117446.272461
117476.362915
117506.563660
117536.694397
117566.862427
117596.974060
117627.144653
117657.251770
117687.365845
117717.542358
117747.658020
117777.812683
117807.929504
117838.032654
117868.178589
117898.275635
117928.415833
117958.498169
117988.701965
118018.833740
118048.984497
118079.158081
118109.256531
118139.399109
118169.560852
118199.661194
118229.746582
118259.908325
118290.024170
118320.163818
118350.256104
118380.393555
118410.493896
118440.631165
118470.753052
118500.939941
118531.047241
118561.154297
118591.318787
118621.418945
118651.548035
118681.646667
118711.802429
118741.897522
118772.071960
118802.170166
118832.333069
118862.439758
118892.566284
118922.724976
118952.826233
118983.011902
119013.098022
119043.257263
119073.358948
119103.512024
119133.631042
119163.768677
119193.889954
119224.043701
119254.099487
119284.268677
119314.366577
119344.504883
119374.602966
119404.741882
119434.834961
119464.913269
119495.089233
119525.224121
119555.406494
119585.498108
119615.668274
119645.762512
119675.894531
119705.948181
119736.037292
119766.170776
119796.263916
119826.398804
119856.471497
119886.609802
119916.712830
119946.923035
119977.042236
120007.232300
120037.344238
120067.464722
120097.633606
120127.734802
120157.892029
120187.989014
120218.169617
120248.282410
120278.423706
120308.536255
120338.652161
120368.798523
120398.909180
120429.107178
120459.251587
120489.516479
120519.641907
120549.817139
120579.983398
120610.107605
120640.265320
120670.392029
120700.543396
120730.639404
120760.817322
120790.916260
120821.091309
120851.185852
120881.341492
120911.438843
120941.595520
120971.768372
121001.883545
121032.081177
121062.231689
121092.338501
121122.509277
121152.626221
121182.793152
121212.893616
121243.075500
121273.168396
121303.394714
121333.494690
121363.667297
121393.783630
121423.974792
121454.122498
121484.268250
121514.419617
121544.544006
121574.711914
121604.834167
121634.983765
121665.103394
121695.262024
121725.370178
121755.515747
121785.628540
121815.797302
121845.935120
121876.153992
121906.305176
121936.483459
121966.634949
121996.795410
122026.998352
122057.094849
122087.274902
122117.390503
122147.521362
122177.647400
122207.811035
122237.911255
122268.082581
122298.170410
122328.270264
122358.401306
122388.528687
122418.695129
122448.814758
122478.998657
122509.136230
122539.296509
122569.388550
122599.565063
122629.681946
122659.820679
122689.971680
122720.124084
122750.239014
122780.421631
122810.529724
122840.683105
122870.798523
122900.949585
122931.117554
122961.247742
122991.455017
123021.611938
123051.839539
123081.965088
123112.146606
123142.286682
123172.467163
123202.601746
123232.728882
123262.932190
123293.046509
123323.216064
123353.336853
123383.506409
123413.653564
123443.870850
123474.022400
123504.250183
123534.377380
123564.588196
123594.695740
123624.874207
123654.981567
123685.140869
123715.260925
123745.410950
123775.587158
123805.693237
123835.857483
123865.998962
123896.109009
123926.214722
123956.421570
123986.562073
124016.750244
124046.876221
124077.049744
124107.177246
124137.360046
124167.456482
124197.656982
124227.760864
124257.926758
124288.015808
124318.099670
124348.241150
124378.342224
124408.517334
124438.650269
124468.823303
124498.925293
124529.134399
124559.240356
124589.404175
124619.512207
124649.671387
124679.752380
124709.921753
124740.034058
124770.209351
124800.304443
124830.394043
124860.567627
124890.671875
124920.867432
124951.014221
124981.235291
125011.357910
125041.553345
125071.670105
125101.834045
125131.930664
125162.083191
125192.137817
125222.244568
125252.398438
125282.477722
125312.635925
125342.728210
125372.867004
125402.990417
125433.151001
125463.283020
125493.458801
125523.585571
125553.778748
125583.948853
125614.078247
125644.274963
125674.397888
125704.557617
125734.699219
125764.885193
125795.005066
125825.185181
125855.322021
125885.439331
125915.633789
125945.788208
125975.962585
126006.108643
126036.307678
126066.435669
126096.632507
126126.768066
126156.948792
126187.077209
126217.256042
126247.341370
126277.514709
126307.690063
126337.786560
126367.972290
126398.060059
126428.206604
126458.304626
126488.509644
126518.641968
126548.828003
126578.945923
126609.129822
126639.240723
126669.448303
126699.544067
126729.697205
126759.822144
126789.914795
126820.071228
126850.170654
126880.320129
126910.405273
126940.593567
126970.726807
127000.923645
127031.057068
127061.228455
127091.372864
127121.513489
127151.623840
127181.708496
127211.876160
127241.930542
127272.102356
127302.199890
127332.349243
127362.412598
127392.570496
127422.668091
127452.820190
127482.952576
127513.108765
127543.221741
127573.361938
127603.502930
127633.610779
127663.767700
127693.865112
127723.952759
127754.073120
127784.204224
127814.302185
127844.425171
127874.509888
127904.589417
127934.752686
127964.888306
127995.090088
128025.218445
128055.375122
128085.473145
128115.631897
128145.724121
128175.870972
128205.997314
128236.088440
128266.220276
128296.318848
128326.466858
128356.555237
128386.730713
128416.840637
128447.015930
128477.130127
128507.309814
128537.454895
128567.612061
128597.716187
128627.863220
128657.943176
128688.080444
128718.141663
128748.234863
128778.378784
128808.438599
128838.550781
128868.613220
128898.760315
128928.834412
128959.140625
128989.275391
129019.475464
129049.609375
129079.720276
129109.868591
129139.956970
129170.101501
129200.197754
129230.313843
129260.425659
129290.561829
129320.649597
129350.742188
129380.871948
129410.967712
129441.102234
129471.184998
129501.347168
129531.437256
129561.597778
129591.685791
129621.845886
129651.927917
129682.047363
129712.162598
129742.260376
129772.374329
129802.468384
129832.587769
129862.666260
129892.804871
129922.883545
129952.978699
129983.121765
130013.220947
130043.424988
130073.522888
130103.684326
130133.803223
130163.878601
130194.049377
130224.142822
130254.310059
130284.386719
130314.523926
130344.619202
130374.784668
130404.883362
130435.038757
130465.135376
130495.250427
130525.438843
130555.570618
130585.750732
130615.865051
130646.040894
130676.156067
130706.321655
130736.410583
130766.567444
130796.673401
130826.799255
130856.918640
130887.027771
130917.158081
130947.235657
130977.372437
131007.449463
131037.596985
131067.733398
131097.911621
131128.014587
131158.141418
131188.311584
131218.395874
131248.559692
131278.659363
131308.789429
131338.898499
131369.011841
131399.158142
131429.257568
131459.405151
131489.524780
131519.742310
131549.882385
131579.988647
131610.162109
131640.295288
131670.443054
131700.528931
131730.662659
131760.783691
131790.960999
131821.054932
131851.179565
131881.329468
131911.477783
131941.639099
131971.741211
132001.923401
132032.050354
132062.254761
132092.394043
132122.518127
132152.709778
132182.842712
132213.013977
132243.102173
132273.264404
132303.358032
132333.464539
132363.692261
132393.836426
132423.913757
132453.994995
132484.141663
132514.213013
132544.355164
132574.474182
132604.649170
132634.754822
132664.918518
132695.042847
132725.210449
132755.309448
132785.453064
132815.528931
132845.582458
132875.696533
132905.812439
132935.936584
132966.014221
132996.135010
133026.204895
133056.332947
133086.423096
133116.536499
133146.691223
133176.786072
133206.918945
133237.058838
133267.134033
133297.212769
133327.361938
133357.414795
133387.570801
133417.651489
133447.781738
133477.855225
133507.979980
133538.115540
133568.271301
133598.406311
133628.512146
133658.652039
133688.756104
133718.912537
133748.999756
133779.152954
133809.237549
133839.402466
133869.465027
133899.622864
133929.748413
133959.886292
133989.972534
134020.113586
134050.194519
134080.349121
134110.471313
134140.679504
134170.794678
134200.998901
134231.126892
134261.296875
134291.396973
134321.518982
134351.667480
134381.788757
134411.941040
134442.027710
134472.156738
134502.231201
134532.400208
134562.497925
134592.681824
134622.783936
134652.975037
134683.074280
134713.177246
134743.334412
134773.436890
134803.562317
134833.696899
134863.830811
134893.920654
134924.063965
134954.146729
134984.307556
135014.389099
135044.577515
135074.670593
135104.825134
135134.919312
135165.077759
135195.157471
135225.250427
135255.402527
135285.537415
135315.662598
135345.777466
135375.937134
135406.008728
135436.149292
135466.205811
135496.353516
135526.457336
135556.642151
135586.765991
135616.922913
135647.007751
135677.132263
135707.217773
135737.295715
135767.455139
135797.521729
135827.670166
135857.751221
135887.880920
135917.913879
135948.045715
135978.108459
136008.262573
136038.401733
136068.571350
136098.675049
136128.825439
136158.903320
136189.042114
136219.116150
136249.280029
136279.342468
136309.427429
136339.549255
136369.641357
136399.757080
136429.832031
136459.984802
136490.077026
136520.227783
136550.303467
136580.466125
136610.562561
136640.691711
136670.760010
136700.917419
136730.938477
136761.096863
136791.137085
136821.205933
136851.338867
136881.386475
136911.509033
136941.576782
136971.734131
137001.832031
137031.967285
137062.048401
137092.189758
137122.248596
137152.376587
137182.425598
137212.507996
137242.582825
137272.640259
137302.736511
137332.788086
137362.886353
137392.920776
137423.026489
137453.073242
137483.155701
137513.295715
137543.383972
137573.541199
137603.647766
137633.798462
137663.857422
137694.015747
137724.094360
137754.171875
137784.277405
137814.404480
137844.462158
137874.593262
137904.658630
137934.729004
137964.865479
137994.952087
138025.133911
138055.225281
138085.381592
138115.441772
138145.559875
138175.635620
138205.736450
138235.841553
138265.976196
138296.088196
138326.150330
138356.250061
138386.286499
138416.398804
138446.455383
138476.586731
138506.716431
138536.825684
138566.921265
138597.015198
138627.180237
138657.292358
138687.435425
138717.476929
138747.643494
138777.731201
138807.843140
138837.925781
138868.043457
138898.137695
138928.202271
138958.373596
138988.426758
139018.568848
139048.664307
139078.812012
139108.900635
139139.047424
139169.141296
139199.216919
139229.323303
139259.447083
139289.491821
139319.533264
139349.638489
139379.699036
139409.839417
139439.943420
139470.072205
139500.149048
139530.315247
139560.419373
139590.554260
139620.667908
139650.804504
139680.863037
139711.003052
139741.078064
139771.154114
139801.267273
139831.341980
139861.490845
139891.562561
139921.712891
139951.834778
139981.998108
140012.123108
140042.280579
140072.397217
140102.557983
140132.638428
140162.793640
140192.881714
140223.009155
140253.046936
140283.171875
140313.317688
140343.412415
140373.546021
140403.618347
140433.736206
140463.852417
140493.998169
140524.084351
140554.347351
140584.477051
140614.635193
140644.793884
140674.885254
140705.008362
140735.101929
140765.189026
140795.258057
140825.397705
140855.450256
140885.581116
140915.650818
140945.719299
140975.854797
141005.993652
141036.144470
141066.261841
141096.449036
141126.574585
141156.739441
141186.852539
141216.979553
141247.030579
141277.147522
141307.287170
141337.363586
141367.498840
141397.578430
141427.701904
141457.798950
141487.935364
141518.110596
141548.251160
141578.418640
141608.525085
141638.661499
141668.756470
141698.890808
141728.980347
141759.103943
141789.184021
141819.302063
141849.363464
141879.428711
141909.567932
141939.665161
141969.824341
141999.945923
142030.134705
142060.250671
142090.371704
142120.468262
142150.574158
142180.704773
142210.775391
142240.920349
142271.010315
142301.135742
142331.233643
142361.356201
142391.434875
142421.561646
142451.675354
142481.834839
142511.924255
142542.025513
142572.150146
142602.220886
142632.346680
142662.425476
142692.529419
142722.599854
142752.739075
142782.823608
142812.951416
142843.025818
142873.164490
142903.241394
142933.342896
142963.540649
142993.626892
143023.797791
143053.884094
143084.022034
143114.085388
143144.225098
143174.314453
143204.414062
143234.535522
143264.615784
143294.747559
143324.817078
143354.936768
143384.995972
143415.118042
143445.206299
143475.368408
143505.465515
143535.541748
143565.682251
143595.768433
143625.890808
143655.970276
143686.052246
143716.141174
143746.246643
143776.319336
143806.429626
143836.471436
143866.574646
143896.633545
143926.719727
143956.848633
143986.933411
144017.062256
144047.172668
144077.260559
144107.345703
144137.486694
144167.542786
144197.685791
144227.720093
144257.830627
144287.894836
144318.010620
144348.053223
144378.132812
144408.168701
144438.242065
144468.399841
144498.545227
144528.639709
144558.776733
144588.836914
144618.981018
144649.054871
144679.205627
144709.270752
144739.310181
144769.412354
144799.484680
144829.605164
144859.652710
144889.788025
144919.849670
144949.979858
144980.059509
145010.228027
145040.322144
145070.508972
145100.605591
145130.676941
145160.842529
145190.917847
145221.068115
145251.114807
145281.246033
145311.288
