51541.169617
51565.173950
51594.522583
51623.879150
51653.290710
51682.667053
51712.084961
51741.440308
51770.841858
51800.207581
51829.610779
51858.969543
51888.376343
51917.739563
51947.126831
51976.546753
52005.911499
52035.340271
52064.724792
52094.172729
52123.557190
52153.308777
52182.767517
52212.251526
52241.762695
52271.230286
52300.716858
52330.237854
52359.717346
52389.117615
52418.710754
52448.182678
52477.662292
52507.216858
52536.725037
52566.169434
52595.735718
52625.173157
52654.600281
52684.133911
52713.533325
52743.027527
52772.572815
52802.110840
52831.561157
52861.112732
52890.600159
52920.255981
52950.196716
52980.038452
53009.850220
53039.808289
53069.669128
53099.452393
53129.278381
53159.178650
53188.984314
53218.805786
53248.731018
53278.501038
53308.219360
53338.082153
53367.865234
53397.600708
53427.542786
53457.325134
53487.291199
53517.337402
53547.319458
53577.290710
53607.383179
53637.300171
53667.257874
53697.162354
53726.890930
53756.729858
53786.653137
53816.658508
53846.463013
53876.430298
53906.267151
53936.289246
53966.344727
53996.356567
54026.362488
54056.431763
54086.506531
54116.497192
54146.411255
54176.209839
54206.024963
54236.037903
54265.992432
54295.911499
54325.840942
54355.806946
54385.807495
54415.973389
54446.043945
54476.103149
54506.251953
54536.310120
54566.446411
54596.409668
54626.368530
54656.294617
54686.273499
54716.368774
54746.354309
54776.229736
54806.276794
54836.297913
54866.317932
54896.521667
54926.542419
54956.628235
54986.764404
55016.877197
55046.758789
55076.720520
55106.593201
55136.497009
55166.552185
55196.546021
55226.442383
55256.409729
55286.495667
55316.505371
55346.656738
55376.704590
55406.771362
55436.876404
55466.980164
55496.844238
55526.872681
55556.740601
55586.681274
55616.747375
55646.706665
55676.658325
55706.645447
55736.739502
55766.810059
55797.027100
55827.085022
55857.137695
55887.305908
55917.440125
55947.363708
55977.335266
56007.228943
56037.113525
56067.269287
56097.270691
56127.272949
56157.263062
56187.370667
56217.464417
56247.567993
56277.616150
56307.739563
56337.812988
56367.947571
56397.897156
56427.903870
56457.910645
56487.914673
56517.916077
56547.971619
56577.947021
56607.984375
56638.060242
56668.192932
56698.268555
56728.399719
56758.459167
56788.600647
56818.726196
56848.659180
56878.650208
56908.651306
56938.666260
56968.716492
56998.851013
57028.823608
57058.846619
57088.910095
57119.047852
57149.111023
57179.251099
57209.360291
57239.467346
57269.652100
57299.657898
57329.662231
57359.584106
57389.576599
57419.616821
57449.670898
57479.686890
57509.739075
57539.838318
57570.002563
57600.095337
57630.349548
57660.444214
57690.659607
57720.785767
57750.718933
57780.715698
57810.717773
57840.719177
57870.745972
57900.813904
57930.793701
57960.859924
57990.920593
58020.995483
58051.122131
58081.158936
58111.310913
58141.357971
58171.463257
58201.498657
58231.490234
58261.437256
58291.460327
58321.528809
58351.560547
58381.980225
58412.036316
58442.247314
58472.379944
58502.452393
58532.482361
58562.694031
58592.761963
58622.893005
58652.807922
58682.779358
58712.686829
58742.771606
58772.818970
58802.847778
58833.203979
58863.381226
58893.551025
58923.689697
58953.762390
58983.838013
59013.990356
59044.056641
59074.219055
59104.208374
59134.180359
59164.117371
59194.214233
59224.281433
59254.364197
59284.393860
59314.427734
59344.490173
59374.614258
59404.668884
59434.792053
59464.860168
59494.908264
59525.036499
59554.948669
59584.931396
59614.841797
59644.833313
59674.867126
59704.955627
59734.995850
59765.113159
59795.192139
59825.335938
59855.417358
59885.560303
59915.643799
59945.748047
59975.896484
60005.852356
60035.845093
60065.807800
60095.842896
60125.872192
60155.938782
60185.932251
60215.937805
60246.066406
60276.203674
60306.294861
60336.382812
60366.449097
60396.518799
60426.645447
60456.603394
60486.719543
60516.651367
60546.700623
60576.792419
60606.744873
60636.804016
60666.851990
60697.000183
60727.090271
60757.243225
60787.330200
60817.466675
60847.557373
60877.673828
60907.579529
60937.588867
60967.533447
60997.633301
61027.698303
61057.714783
61087.803528
61117.844727
61148.002441
61178.090881
61208.236572
61238.317566
61268.448242
61298.547668
61328.624451
61358.606873
61388.550049
61418.561401
61448.583801
61478.640930
61508.689209
61538.741516
61568.766296
61598.895447
61628.988525
61659.095520
61689.157349
61719.269836
61749.343018
61779.372559
61809.329224
61839.257629
61869.262451
61899.320435
61929.288330
61959.326355
61989.278015
62019.351685
62049.430908
62079.557129
62109.634399
62139.765076
62169.815979
62199.942261
62230.002197
62259.997681
62289.948792
62319.963135
62350.004150
62380.002930
62410.090576
62440.096924
62470.163635
62500.237732
62530.360840
62560.437500
62590.580994
62620.658691
62650.789062
62680.857727
62710.870056
62740.866089
62770.867615
62800.904846
62830.923523
62860.999084
62891.022949
62921.123779
62951.218506
62981.354431
63011.452148
63041.573792
63071.672913
63101.754700
63131.856689
63161.856689
63191.912964
63221.879089
63251.995667
63281.986145
63312.090576
63342.130798
63372.252563
63402.336548
63432.484985
63462.575745
63492.646606
63522.808167
63552.909729
63583.030334
63613.049438
63643.115845
63673.100769
63703.232300
63733.270874
63763.367798
63793.486816
63823.618652
63853.709167
63883.807983
63913.949524
63944.023010
63974.160889
64004.263184
64034.308044
64064.269287
64094.283813
64124.243774
64154.300598
64184.357056
64214.352478
64244.372620
64274.433167
64304.587952
64334.738464
64364.871582
64394.968323
64425.071594
64455.217773
64485.262695
64515.307129
64545.326416
64575.400696
64605.462463
64635.574219
64665.619446
64695.651733
64725.786804
64755.910339
64786.051636
64816.161011
64846.305603
64876.387573
64906.541443
64936.573608
64966.595764
64996.619995
65026.614441
65056.749084
65086.799255
65116.876282
65146.921631
65177.062805
65207.171326
65237.367249
65267.474487
65297.613525
65327.717529
65357.875610
65387.900452
65417.899475
65447.961365
65477.970947
65508.147034
65538.186096
65568.286682
65598.291931
65628.367371
65658.484314
65688.536682
65718.729431
65748.800049
65778.934570
65808.990906
65839.035217
65869.004639
65899.051453
65929.065002
65959.220276
65989.244629
66019.335754
66049.349121
66079.456787
66109.623779
66139.711792
66169.833801
66199.916321
66230.082458
66260.167664
66290.188782
66320.171753
66350.311279
66380.358032
66410.514648
66440.601929
66470.706055
66500.745667
66530.891113
66560.989441
66591.073792
66621.209534
66651.307678
66681.462463
66711.548523
66741.651184
66771.664856
66801.717041
66831.772461
66861.905945
66891.923950
66922.000671
66952.028748
66982.185730
67012.257751
67042.343201
67072.485291
67102.611450
67132.757263
67162.846741
67192.920410
67222.919922
67252.982422
67283.001404
67313.166748
67343.211975
67373.309448
67403.359314
67433.530640
67463.656494
67493.764282
67523.903992
67554.233215
67584.394043
67614.490784
67644.557617
67674.548645
67704.621277
67734.696838
67764.835083
67794.880310
67825.083252
67855.086365
67885.243591
67915.317200
67945.445557
67975.517761
68005.734009
68035.799744
68065.879272
68095.925232
68125.989563
68155.987122
68186.053345
68216.151550
68246.201111
68276.284180
68306.337646
68336.488037
68366.558411
68396.681091
68426.766907
68456.893250
68487.004456
68517.160950
68547.091675
68577.134888
68607.117004
68637.178955
68667.297852
68697.317566
68727.400085
68757.430359
68787.576111
68817.671204
68847.823730
68877.936890
68908.073181
68938.185608
68968.324951
68998.252991
69028.315796
69058.320068
69088.448364
69118.527588
69148.575256
69178.664856
69208.733337
69238.867065
69268.971558
69299.197327
69329.340515
69359.504333
69389.680664
69419.815002
69449.789368
69479.872681
69509.854736
69539.939941
69570.044922
69600.089355
69630.163086
69660.256165
69690.402161
69720.496643
69750.660156
69780.747070
69810.906433
69841.001343
69871.166504
69901.138184
69931.191101
69961.201538
69991.255249
70021.370728
70051.442444
70081.556763
70111.587891
70141.761414
70171.873840
70202.028687
70232.108276
70262.276611
70292.370728
70322.640015
70352.626648
70382.670959
70412.654846
70442.776367
70472.765625
70502.760315
70532.830750
70562.844055
70592.988159
70623.041138
70653.171082
70683.376526
70713.523254
70743.613037
70773.753601
70803.701843
70833.769653
70863.758484
70893.839478
70923.951294
70953.962219
70984.043213
71014.095032
71044.290955
71074.365417
71104.469666
71134.660583
71164.785767
71194.863892
71224.966064
71254.950623
71284.977051
71314.951782
71345.088928
71375.123718
71405.201904
71435.195068
71465.254639
71495.494385
71525.686523
71555.836731
71585.907288
71616.061646
71646.148560
71676.266235
71706.227722
71736.253296
71766.220947
71796.386230
71826.414856
71856.517029
71886.558167
71916.680908
71946.794250
71976.985901
72007.052368
72037.203918
72067.301697
72097.388855
72127.483093
72157.494263
72187.577209
72217.598267
72247.758240
72277.826965
72307.899597
72338.003113
72368.138855
72398.224426
72428.343933
72458.511353
72488.604370
72518.785522
72548.895630
72578.999634
72609.029724
72639.123108
72669.164185
72699.357788
72729.439636
72759.565125
72789.630066
72819.727051
72849.894775
72880.019592
72910.168335
72940.285583
72970.453674
73000.567932
73030.697876
73060.752991
73090.855530
73120.894165
73151.147217
73181.246338
73211.345215
73241.404907
73271.491821
73301.682190
73331.798279
73361.994934
73392.135620
73422.320007
73452.461853
73482.579834
73512.581360
73542.674805
73572.731567
73602.853027
73632.980530
73663.034668
73693.153687
73723.255005
73753.431213
73783.522888
73813.688904
73843.798340
73873.938416
73904.068787
73934.092834
73964.152710
73994.158875
74024.211609
74054.309937
74084.489197
74114.564880
74144.719116
74174.862427
74205.026062
74235.120239
74265.374939
74295.488403
74325.645996
74355.764893
74385.831482
74415.905945
74445.947205
74476.037659
74506.147888
74536.244385
74566.298218
74596.377258
74626.506104
74656.681946
74686.774536
74716.940674
74747.035583
74777.181274
74807.265564
74837.239746
74867.288086
74897.294739
74927.380127
74957.437439
74987.534180
75017.573914
75047.629150
75077.716125
75107.865601
75137.981812
75168.134094
75198.229797
75228.319031
75258.495056
75288.507629
75318.543091
75348.557922
75378.613708
75408.691101
75438.776184
75468.808289
75498.909546
75529.023315
75559.170898
75589.273621
75619.376282
75649.522705
75679.603577
75709.740601
75739.740112
75769.775330
75799.769226
75829.965393
75860.081421
75890.199097
75920.263245
75950.293091
75980.453003
76010.582153
76040.727417
76070.826355
76100.991699
76131.096130
76161.248291
76191.256714
76221.324524
76251.363770
76281.463989
76311.586060
76341.687317
76371.757568
76401.836975
76432.012878
76462.134949
76492.312561
76522.417236
76552.573792
76582.700439
76612.865479
76642.879150
76672.969055
76702.986450
76733.061096
76763.343262
76793.430054
76823.562561
76853.632568
76883.809631
76913.921509
76944.089355
76974.211060
77004.315247
77034.486816
77064.575195
77094.631042
77124.642151
77154.672913
77184.747803
77214.880615
77244.928772
77275.048889
77305.150024
77335.263550
77365.418030
77395.683594
77425.829163
77455.916687
77486.060669
77516.144714
77546.215820
77576.221436
77606.282410
77636.389099
77666.479919
77696.590393
77726.661987
77756.827209
77786.951538
77817.124878
77847.218994
77877.389160
77907.493652
77937.662048
77967.773621
77997.782410
78027.822876
78057.834167
78087.969055
78118.043274
78148.140930
78178.199097
78208.310181
78238.432007
78268.587708
78298.701172
78328.851562
78358.982300
78389.089294
78419.229004
78449.201538
78479.285461
78509.291016
78539.447632
78569.527832
78599.653809
78629.716553
78659.806396
78690.005249
78720.149170
78750.301819
78780.417358
78810.567810
78840.660278
78870.789062
78900.790833
78930.851807
78960.849426
78990.987122
79021.044006
79051.142212
79081.199524
79111.357361
79141.463867
79171.641785
79201.748718
79231.869568
79262.022278
79292.135803
79322.274048
79352.326904
79382.438782
79412.517273
79442.734558
79472.825256
79503.025818
79533.114624
79563.286438
79593.428101
79623.617798
79653.733887
79683.942261
79714.064331
79744.206299
79774.342163
79804.374451
79834.487854
79864.578857
79894.719116
