------------------------------------------------------------------------------------------------------------------------------------------------------------------------------------------------------
File                 | Reading      | Prediction   | Error        | Error%       | L1_I%        | Stalls%      | Ins%         | L2%          | L1_D%        | TLB_I%       | L3           |
------------------------------------------------------------------------------------------------------------------------------------------------------------------------------------------------------
tapir_603_err        | 1012916.48   | 820187.13    | -192729.36   | 19.03        | -0.22        | 4.26         | 76.34        | 2.55         | -1.97        | 18.14        | 0.89         |
503_err              | 45717.63     | 54813.05     | 9095.42      | 19.89        | -0.40        | 11.04        | 79.14        | 6.99         | -4.74        | 5.65         | 2.33         |
621_err              | 341802.69    | 354629.77    | 12827.08     | 3.75         | -2.99        | 19.02        | 66.55        | 3.24         | -3.21        | 13.68        | 3.70         |
tapir_644_err        | 481561.15    | 228412.29    | -253148.86   | 52.57        | -0.35        | 13.41        | 84.75        | 0.44         | -2.06        | 3.65         | 0.16         |
tapir_638_err        | 835511.66    | 864144.63    | 28632.98     | 3.43         | -0.26        | 0.96         | 81.97        | 0.19         | -2.38        | 19.27        | 0.25         |
tapir_554_err        | 47392.32     | 34946.35     | -12445.97    | 26.26        | -3.28        | 7.58         | 77.07        | 10.74        | -7.12        | 8.77         | 6.24         |
531_err              | 20664.10     | 23825.30     | 3161.20      | 15.30        | -3.58        | 16.94        | 78.63        | 0.42         | -0.70        | 4.85         | 3.44         |
tapir_526_err        | 77530.14     | 63904.21     | -13625.93    | 17.58        | -14.44       | 11.20        | 49.97        | 1.49         | -1.56        | 51.69        | 1.66         |
654_err              | 318320.03    | 316670.36    | -1649.68     | 0.52         | -0.22        | 7.94         | 66.38        | 10.18        | -6.32        | 15.22        | 6.81         |
tapir_631_err        | 47350.43     | 28185.62     | -19164.81    | 40.47        | -3.93        | 15.41        | 79.09        | 0.81         | -0.92        | 5.77         | 3.77         |
628_err              | 248613.12    | 281805.83    | 33192.71     | 13.35        | -2.46        | 11.71        | 78.77        | 3.24         | -5.20        | 12.16        | 1.78         |
538_err              | 31256.54     | 44091.51     | 12834.97     | 41.06        | -0.47        | 3.46         | 97.05        | 0.12         | -1.93        | 1.70         | 0.07         |
tapir_521_err        | 203537.23    | 136564.91    | -66972.31    | 32.90        | -5.77        | 16.36        | 62.07        | 3.58         | -3.45        | 19.73        | 7.47         |
544_err              | 21514.19     | 23576.12     | 2061.93      | 9.58         | -0.77        | 18.36        | 81.44        | 0.37         | -2.51        | 2.95         | 0.17         |
tapir_627_err        | 22602.50     | 18933.10     | -3669.40     | 16.23        | -16.73       | 11.83        | 55.09        | 2.11         | -2.51        | 47.78        | 2.44         |
tapir_620_err        | 48351.40     | 56121.23     | 7769.82      | 16.07        | -6.94        | 11.70        | 26.55        | 2.47         | -2.32        | 62.23        | 6.31         |
520_err              | 20708.88     | 26925.32     | 6216.44      | 30.02        | -2.56        | 30.86        | 41.01        | 4.41         | -4.17        | 17.93        | 12.52        |
527_err              | 21011.94     | 37686.04     | 16674.11     | 79.36        | -4.25        | 10.99        | 64.55        | 2.78         | -3.77        | 28.43        | 1.27         |
605_err              | 45465.35     | 58649.03     | 13183.68     | 29.00        | -0.35        | 28.95        | 29.21        | 11.03        | -7.11        | 4.74         | 33.53        |
602_err              | 52113.29     | 71412.91     | 19299.61     | 37.03        | -16.04       | 19.30        | 49.42        | 4.38         | -4.02        | 43.36        | 3.60         |
tapir_502_err        | 62424.38     | 50893.92     | -11530.46    | 18.47        | -18.12       | 15.20        | 46.51        | 3.86         | -3.00        | 49.61        | 5.95         |
tapir_505_err        | 42453.32     | 24040.22     | -18413.10    | 43.37        | -0.87        | 22.66        | 40.12        | 10.14        | -7.51        | 4.12         | 31.33        |
tapir_520_err        | 48429.68     | 31586.34     | -16843.33    | 34.78        | -12.22       | 20.97        | 47.81        | 4.38         | -4.09        | 31.86        | 11.29        |
tapir_527_err        | 70992.67     | 53154.01     | -17838.66    | 25.13        | -8.53        | 10.36        | 63.32        | 2.65         | -3.50        | 34.21        | 1.49         |
627_err              | 272333.58    | 19174.30     | -253159.27   | 92.96        | -16.26       | 14.29        | 54.79        | 2.02         | -2.49        | 45.21        | 2.45         |
620_err              | 21985.91     | 26056.83     | 4070.92      | 18.52        | -2.58        | 31.38        | 41.62        | 4.58         | -4.32        | 16.40        | 12.90        |
502_err              | 11158.20     | 21840.32     | 10682.12     | 95.73        | -16.51       | 22.71        | 53.71        | 5.71         | -4.07        | 32.01        | 6.44         |
505_err              | 21369.80     | 27608.65     | 6238.86      | 29.19        | -0.65        | 26.73        | 34.67        | 8.73         | -6.53        | 4.70         | 32.35        |
tapir_605_err        | 83396.34     | 50313.21     | -33083.14    | 39.67        | -0.47        | 23.50        | 34.12        | 12.88        | -8.29        | 4.72         | 33.55        |
tapir_602_err        | 88315.39     | 67623.59     | -20691.81    | 23.43        | -17.08       | 15.60        | 52.31        | 4.68         | -4.26        | 44.92        | 3.84         |
tapir_503_err        | 86990.09     | 53497.19     | -33492.90    | 38.50        | -0.49        | 8.33         | 81.57        | 7.21         | -4.93        | 5.96         | 2.35         |
603_err              | 575692.07    | 780210.11    | 204518.03    | 35.53        | -0.15        | 5.24         | 79.99        | 2.66         | -2.03        | 13.29        | 1.00         |
526_err              | 20946.05     | 22427.95     | 1481.91      | 7.07         | -4.58        | 13.55        | 78.59        | 1.20         | -1.82        | 11.50        | 1.55         |
tapir_654_err        | 387657.08    | 324358.62    | -63298.46    | 16.33        | -0.21        | 7.72         | 64.80        | 9.98         | -6.17        | 17.26        | 6.62         |
631_err              | 22891.74     | 29700.55     | 6808.80      | 29.74        | -3.52        | 18.51        | 75.08        | 0.77         | -0.87        | 6.40         | 3.63         |
tapir_628_err        | 428304.12    | 272147.97    | -156156.14   | 36.46        | -2.68        | 9.83         | 81.62        | 3.42         | -5.40        | 11.44        | 1.76         |
tapir_538_err        | 67951.11     | 50944.30     | -17006.81    | 25.03        | -2.59        | 4.85         | 89.47        | 0.56         | -2.01        | 8.95         | 0.78         |
521_err              | 45519.70     | 46799.89     | 1280.19      | 2.81         | -1.41        | 16.01        | 68.45        | 3.54         | -2.93        | 15.12        | 1.22         |
tapir_544_err        | 53970.72     | 24319.12     | -29651.60    | 54.94        | -1.29        | 17.94        | 80.16        | 0.42         | -2.50        | 5.09         | 0.18         |
tapir_621_err        | 589227.56    | 343447.80    | -245779.76   | 41.71        | -3.20        | 16.75        | 68.73        | 3.40         | -3.32        | 13.90        | 3.74         |
644_err              | 267143.73    | 226704.19    | -40439.54    | 15.14        | -0.28        | 13.52        | 85.33        | 0.43         | -2.07        | 2.91         | 0.16         |
638_err              | 463081.49    | 713492.86    | 250411.37    | 54.08        | -0.27        | 1.39         | 99.25        | 0.21         | -2.88        | 1.97         | 0.34         |
554_err              | 23514.28     | 33498.73     | 9984.45      | 42.46        | -0.68        | 11.90        | 74.75        | 10.65        | -7.09        | 4.06         | 6.41         |
tapir_531_err        | 39721.92     | 23621.31     | -16100.61    | 40.53        | -4.10        | 14.34        | 80.40        | 0.47         | -0.76        | 6.20         | 3.46         |
tapir_500_err        | 37890.09     | 27982.52     | -9907.57     | 26.15        | -17.00       | 5.90         | 92.53        | 0.78         | -1.30        | 18.86        | 0.23         |
519_err              | 10804.37     | 17668.76     | 6864.39      | 63.53        | -0.93        | 23.28        | 69.88        | 13.97        | -11.13       | 4.16         | 0.77         |
tapir_507_err        | 43343.16     | 25973.05     | -17370.11    | 40.08        | -10.37       | 16.36        | 63.52        | 3.91         | -16.70       | 27.69        | 15.58        |
607_err              | 181414.01    | 203281.76    | 21867.75     | 12.05        | -2.42        | 23.29        | 45.70        | 2.64         | -16.93       | 12.68        | 35.04        |
510_err              | 32248.15     | 40783.66     | 8535.50      | 26.47        | -1.08        | 12.05        | 80.38        | 11.55        | -8.68        | 5.14         | 0.62         |
tapir_619_err        | 146940.34    | 72900.31     | -74040.03    | 50.39        | -0.38        | 29.90        | 51.86        | 18.21        | -14.49       | 13.20        | 1.69         |
600_err              | 21047.68     | 27450.94     | 6403.26      | 30.42        | -16.69       | 6.76         | 94.31        | 0.79         | -1.34        | 15.90        | 0.27         |
tapir_657_err        | 280700.58    | 168510.34    | -112190.24   | 39.97        | -0.41        | 26.00        | 48.87        | 1.80         | -1.98        | 9.77         | 15.94        |
525_err              | 22355.13     | 45854.94     | 23499.82     | 105.12       | -6.27        | 4.24         | 98.60        | 0.35         | -0.86        | 3.47         | 0.48         |
557_err              | 20531.68     | 27727.39     | 7195.71      | 35.05        | -0.74        | 20.75        | 71.34        | 1.27         | -2.22        | 5.85         | 3.76         |
tapir_625_err        | 58009.61     | 48218.55     | -9791.06     | 16.88        | -7.60        | 4.58         | 95.65        | 0.46         | -0.96        | 7.38         | 0.48         |
tapir_549_err        | 43283.99     | 38286.92     | -4997.06     | 11.54        | -0.87        | 11.10        | 50.10        | 11.57        | -5.73        | 2.68         | 31.14        |
541_err              | 31075.24     | 28207.85     | -2867.39     | 9.23         | -1.06        | 24.91        | 71.65        | 0.27         | -1.02        | 5.22         | 0.03         |
tapir_648_err        | 37603.53     | 25699.82     | -11903.71    | 31.66        | -1.11        | 5.84         | 92.19        | 0.05         | -0.08        | 3.08         | 0.03         |
tapir_523_err        | 60809.97     | 46947.63     | -13862.34    | 22.80        | -18.96       | 17.32        | 50.91        | 2.91         | -4.87        | 51.05        | 1.64         |
623_err              | 31070.52     | 47545.85     | 16475.32     | 53.03        | -18.81       | 19.47        | 50.26        | 2.80         | -4.79        | 49.46        | 1.61         |
548_err              | 26523.01     | 25321.70     | -1201.31     | 4.53         | -0.89        | 5.85         | 92.67        | 0.02         | -0.04        | 2.35         | 0.03         |
tapir_641_err        | 65666.42     | 29869.48     | -35796.94    | 54.51        | -2.31        | 24.47        | 69.62        | 0.36         | -1.07        | 8.81         | 0.12         |
tapir_511_err        | 52128.56     | 28101.38     | -24027.18    | 46.09        | -24.28       | 6.19         | 114.24       | 0.26         | -8.31        | 11.65        | 0.24         |
508_err              | 10582.20     | 17424.54     | 6842.34      | 64.66        | -0.97        | 3.12         | 99.51        | 0.49         | -5.37        | 3.07         | 0.15         |
tapir_623_err        | 61092.52     | 47098.43     | -13994.09    | 22.91        | -19.23       | 17.41        | 50.78        | 2.90         | -4.86        | 51.38        | 1.62         |
tapir_548_err        | 37418.01     | 25646.28     | -11771.73    | 31.46        | -1.11        | 5.88         | 92.41        | 0.05         | -0.08        | 2.82         | 0.03         |
641_err              | 265786.98    | 29065.59     | -236721.39   | 89.06        | -2.23        | 25.46        | 71.49        | 0.34         | -1.09        | 5.90         | 0.13         |
tapir_541_err        | 64663.28     | 29222.09     | -35441.19    | 54.81        | -2.38        | 24.48        | 71.15        | 0.35         | -1.09        | 7.35         | 0.13         |
648_err              | 11162.98     | 25652.02     | 14489.04     | 129.80       | -1.08        | 5.94         | 92.32        | 0.05         | -0.08        | 2.82         | 0.03         |
523_err              | 11123.14     | 20099.73     | 8976.60      | 80.70        | -4.09        | 24.72        | 63.88        | 4.11         | -8.96        | 19.72        | 0.62         |
511_err              | 21594.06     | 24717.25     | 3123.19      | 14.46        | -24.17       | 5.59         | 123.89       | 0.04         | -9.15        | 3.75         | 0.04         |
tapir_508_err        | 28315.68     | 19472.55     | -8843.13     | 31.23        | -2.87        | 4.21         | 95.80        | 0.73         | -5.22        | 7.03         | 0.31         |
tapir_607_err        | 283531.09    | 189470.00    | -94061.08    | 33.17        | -2.67        | 15.98        | 49.08        | 2.88         | -18.17       | 14.57        | 38.33        |
tapir_510_err        | 113357.01    | 87058.45     | -26298.56    | 23.20        | -14.35       | 12.06        | 58.92        | 6.46         | -5.06        | 39.90        | 2.07         |
619_err              | 103151.90    | 86884.37     | -16267.53    | 15.77        | -0.29        | 41.87        | 43.39        | 15.22        | -12.14       | 10.27        | 1.68         |
tapir_600_err        | 44702.42     | 33537.89     | -11164.53    | 24.98        | -17.45       | 7.27         | 85.43        | 1.09         | -1.52        | 24.44        | 0.74         |
500_err              | 11988.45     | 32088.40     | 20099.95     | 167.66       | -14.97       | 6.23         | 80.70        | 0.68         | -1.16        | 28.27        | 0.25         |
tapir_519_err        | 28955.90     | 15670.81     | -13285.09    | 45.88        | -1.11        | 14.56        | 79.10        | 15.77        | -12.57       | 3.41         | 0.84         |
507_err              | 10499.62     | 15484.68     | 4985.06      | 47.48        | -2.99        | 26.95        | 69.26        | 4.25         | -25.90       | 5.40         | 23.03        |
tapir_557_err        | 41791.05     | 26889.93     | -14901.12    | 35.66        | -1.38        | 16.41        | 75.06        | 1.38         | -2.35        | 7.00         | 3.88         |
625_err              | 31191.16     | 52618.44     | 21427.28     | 68.70        | -6.91        | 4.65         | 87.67        | 0.41         | -0.88        | 14.59        | 0.46         |
549_err              | 23737.81     | 42386.57     | 18648.77     | 78.56        | -0.44        | 19.34        | 43.89        | 10.27        | -5.09        | 2.30         | 29.73        |
tapir_649_err        | 145496.98    | 116264.39    | -29232.59    | 20.09        | -0.40        | 10.75        | 52.56        | 9.38         | -5.51        | 13.90        | 19.32        |
657_err              | 226111.64    | 166069.65    | -60041.99    | 26.55        | -0.43        | 26.02        | 49.59        | 1.84         | -2.00        | 8.74         | 16.24        |
tapir_525_err        | 57542.57     | 48370.04     | -9172.53     | 15.94        | -7.52        | 4.45         | 95.36        | 0.45         | -0.95        | 7.73         | 0.48         |
------------------------------------------------------------------------------------------------------------------------------------------------------------------------------------------------------
Mean error: 37.261
