237394.050354
237428.525208
237464.454956
237499.198853
237531.857300
237566.220154
237601.454285
237636.394287
237671.222595
237706.451477
237742.878845
237779.077271
237815.315735
237851.691589
237888.108337
237924.596680
237961.038025
237997.581970
238033.966187
238069.987427
238106.396790
238142.711487
238179.137146
238215.354187
238251.869202
238288.395325
238324.853638
238361.168396
238397.612671
238434.039612
238470.403687
238506.659729
238543.092773
238579.314331
238615.785156
238652.239380
238688.874573
238725.093384
238761.631226
238797.814758
238834.331238
238870.780090
238907.243469
238943.749512
238980.296875
239016.831726
239053.215637
239089.840637
239126.211548
239162.742981
239199.237366
239235.522766
239271.915833
239308.439331
239344.789978
239381.316101
239417.579529
239454.153076
239490.336853
239526.757324
239563.177124
239599.780273
239636.276611
239672.834167
239709.399719
239745.769165
239782.301086
239818.692383
239855.108643
239891.564148
239928.206116
239964.717468
240001.329895
240037.900696
240074.478577
240110.747192
240147.417664
240184.094482
240220.388123
240257.009094
240293.462952
240329.860229
240366.473694
240402.991028
240439.480896
240476.183899
240512.818237
240549.303101
240585.967468
240622.342651
240658.884888
240695.446533
240732.114380
240768.600403
240804.855225
240841.403625
240877.645569
240914.203674
240950.742859
240987.157288
241023.781128
241060.436462
241097.037537
241133.595093
241170.113586
241206.662109
241243.286987
241279.663635
241316.144653
241352.646118
241389.024109
241425.422302
241462.102966
241498.741699
241535.298950
241571.896362
241608.371033
241644.931641
241681.205139
241717.859436
241754.509399
241790.996460
241827.693542
241864.078735
241900.586914
241937.066101
241973.682861
242010.255493
242046.586060
242083.306274
242119.586609
242156.231934
242192.703003
242229.324707
242265.911377
242302.597229
242339.201782
242375.640442
242412.175781
242448.782043
242485.273926
242521.579712
242558.277100
242594.758850
242631.390747
242668.092773
242704.653320
242741.267700
242777.914062
242814.640503
242851.210327
242887.713989
242924.307678
242960.802490
242997.347412
243033.992493
243070.671448
243107.332092
243144.096619
243180.749084
243217.167297
243253.870117
243290.624146
243327.003601
243363.611938
243400.363892
243436.728149
243473.362854
243509.898621
243546.510925
243582.906006
243619.605835
243656.206726
243692.588928
243729.352173
243765.980591
243802.431763
243839.119019
243875.566406
243912.185852
243948.954285
243985.628052
244022.185730
244058.864746
244095.234192
244131.865906
244168.390076
244205.136963
244241.786499
244278.424805
244315.131897
244351.940735
244388.567749
244425.166992
244461.951416
244498.643921
244535.260559
244571.766174
244608.507935
244644.880066
244681.505066
244717.890625
244754.665588
244791.317200
244827.856873
244864.479675
244901.013000
244937.721985
244974.331726
245011.132690
245047.786438
245084.445618
245121.117615
245157.893860
245194.317444
245230.923523
245267.628601
245304.319397
245340.736328
245377.341858
245414.053467
245450.544189
245487.272339
245523.776733
245560.471985
245597.220520
245634.002563
245670.377869
245707.187988
245743.906433
245780.291870
245817.085388
245853.645081
245890.223145
245926.977051
245963.804993
246000.414734
246037.208801
246073.982544
246110.599609
246147.249756
246184.106873
246220.828613
246257.566467
246294.288818
246331.030640
246367.823730
246404.513245
246441.166565
246477.876526
246514.615295
246551.142456
246587.950806
246624.614380
246661.469116
246698.211975
246734.691895
246771.425110
246808.244751
246844.880554
246881.460266
246918.159180
246954.851196
246991.519653
247028.101318
247064.569580
247101.359436
247138.160095
247174.933960
247211.616333
247248.384521
247285.159729
247321.823669
247358.655701
247395.445618
247432.245178
247468.857239
247505.513062
247542.230835
247578.970459
247615.484558
247652.323303
247688.975525
247725.668762
247762.395386
247799.091125
247835.914612
247872.672974
247909.110352
247945.910339
247982.766663
248019.446594
248056.146301
248092.782043
248129.375916
248166.156616
248202.797302
248239.484985
248276.363770
248313.190002
248349.871887
248386.580933
248423.410278
248460.195251
248496.908264
248533.769897
248570.527649
248607.307617
248644.049805
248680.659302
248717.370911
248754.174377
248791.062866
248827.843994
248864.632629
248901.428040
248938.292053
248974.994690
249011.871033
249048.692810
249085.521851
249122.322144
249159.161377
249196.050110
249232.533875
249269.424011
249306.238892
249343.026306
249379.766418
249416.483704
249453.199402
249489.992004
249526.824890
249563.587463
249600.228088
249636.955811
249673.661011
249710.376038
249747.080933
249783.916504
249820.598145
249857.481018
249894.270630
249931.015686
249967.801575
250004.689575
250041.359009
250078.111023
250114.818542
250151.543152
250188.338867
250225.223328
250262.054932
250298.830505
250335.693848
250372.468445
250409.215515
250446.071838
250482.709412
250519.482239
250556.227417
250593.122437
250629.890808
250666.424805
250703.323669
250740.135864
250777.001770
250813.722778
250850.432312
250887.194946
250924.032837
250960.809265
250997.296021
251034.156921
251070.762817
251107.478760
251144.313538
251181.232971
251217.964966
251254.822388
251291.731140
251328.482849
251365.388794
251402.207275
251438.890320
251475.599976
251512.471313
251549.066101
251585.935608
251622.760254
251659.529968
251696.348694
251733.187927
251770.072693
251806.853394
251843.777832
251880.480774
251917.289612
251954.117554
251991.000977
252027.770508
252064.701843
252101.515991
252138.278870
252175.134033
252211.944092
252248.792847
252285.567383
252322.284668
252359.027954
252395.782288
252432.683044
252469.507324
252506.090393
252542.904114
252579.814026
252616.526733
252653.452209
252690.280640
252726.994934
252763.910217
252800.795837
252837.575195
252874.327576
252911.223633
252947.783691
252984.638794
253021.456116
253058.341858
253095.103821
253131.758911
253168.626892
253205.379883
253242.302002
253279.126648
253316.011902
253352.819702
253389.727844
253426.240356
253463.068298
253499.964355
253536.781128
253573.683838
253610.354919
253647.127747
253683.938232
253720.864990
253757.654541
253794.492737
253831.132996
253867.967407
253904.760071
253941.613770
253978.404907
254015.227600
254052.106628
254088.919922
254125.752991
254162.539917
254199.383850
254236.083252
254272.758667
254309.555725
254346.359863
254383.150330
254419.997253
254456.507874
254493.315369
254530.192322
254566.952881
254603.810974
254640.528564
254677.174072
254713.989258
254750.818848
254787.637817
254824.412781
254861.247864
254897.760742
254934.657410
254971.227173
255008.037842
255044.815430
255081.385254
255118.164978
255154.947144
255191.810486
255228.546936
255265.256226
255302.035645
255338.841309
255375.612488
255412.433777
255449.150146
255485.988831
255522.743347
255559.480225
255596.332581
255633.085510
255669.945251
255706.678711
255743.490112
255780.291260
255817.026001
255853.793091
255890.496277
255927.331848
255964.081238
256000.952698
256037.692932
256074.370911
256111.070435
256147.912048
256184.667236
256221.572693
256258.350708
256295.203552
256331.906433
256368.552673
256405.318115
256442.119690
256479.050110
256515.806519
256552.666870
256589.428772
256626.094177
256662.845154
256699.452332
256736.226013
256773.093628
256809.893005
256846.689026
256883.446838
256920.246582
256957.084961
256993.891968
257030.732117
257067.468140
257104.265198
257140.882080
257177.692505
257214.507996
257251.370911
257288.151794
257324.986328
257361.800232
257398.380371
257435.194946
257472.002441
257508.887207
257545.686035
257582.601440
257619.285217
257656.024841
257692.823975
257729.687927
257766.458923
257803.275818
257840.131165
257876.942627
257913.491699
257950.311951
257987.128540
258023.717041
258060.579773
258097.371277
258134.181946
258170.974731
258207.775269
258244.591187
258281.401794
258318.249756
258355.022827
258391.866821
258428.171814
258464.998047
258501.786682
258538.587830
258575.419006
258612.113647
258648.799561
258685.554382
258722.401794
258759.202209
258796.043274
258832.854675
258869.601318
258906.385742
258943.261169
258980.057983
259016.895081
259053.749207
259090.535095
259127.402039
259164.157227
259201.022644
259237.810974
259274.601196
259311.464844
259348.258484
259384.853455
259421.670715
259458.578796
259495.426697
259532.272461
259569.079468
259605.908875
259642.726624
259679.535645
259716.189575
259752.973938
259789.834473
259826.647888
259863.411804
259900.282227
259937.082458
259973.897278
260010.538025
260047.389282
260084.169067
260121.059814
260157.894226
260194.793335
260231.572205
260268.393799
260305.196472
260341.840515
260378.610168
260415.510071
260452.281128
260489.085571
260525.992371
260562.707275
260599.483459
260636.309998
260673.112122
260709.967712
260746.542786
260783.405945
260820.257141
260857.199341
260894.086060
260930.957458
260967.775085
261004.697510
261041.478149
261078.334229
261115.224426
261151.987854
261188.747803
261225.559509
261262.474670
261299.250916
261336.087646
261373.000671
261409.666260
261446.538513
261483.312744
261520.204041
261557.038330
261593.911438
261630.721008
261667.546570
261704.282288
261741.041809
261777.908264
261814.722107
261851.539368
261888.186890
261925.066040
261961.883728
261998.392639
262035.287903
262072.102417
262108.787476
1.572510
38.432617
75.250366
112.085754
149.020447
185.811401
222.732117
259.571350
296.424622
333.254333
370.076538
406.705933
443.494629
480.385498
517.194092
554.078247
590.862061
627.726379
664.499207
701.182129
738.088867
774.954285
811.800598
848.667419
885.480591
922.260254
959.148499
995.995728
1032.841736
1069.645996
1106.492432
1143.350830
1180.190674
1217.055237
1253.885986
1290.755249
1327.568115
1364.265442
1401.047546
1437.855286
1474.725830
1511.472107
1548.364441
1585.174561
1622.081299
1658.868896
1695.782410
1732.450195
1769.210815
1806.041931
1842.929932
1879.710693
1916.503174
1953.414307
1990.193298
2027.107910
2063.834839
2100.554016
2137.389893
2174.286133
2211.140076
2247.924011
2284.833374
2321.673218
2358.559814
2395.393555
2432.018555
2468.759888
2505.553040
2542.446594
2579.304321
2616.190002
2652.964661
2689.730957
2726.380432
2763.249084
2800.050354
2836.906311
2873.737610
2910.599792
2947.410034
2984.190186
3021.066528
3057.906982
3094.666016
3131.042969
3167.913513
3204.706787
3241.505432
3278.387573
3315.145569
3351.997192
3388.791870
3425.479919
3462.240784
3499.120911
3535.910156
3572.773254
3609.583130
3646.410583
3683.238770
3720.042419
3756.748230
3793.498779
3830.388489
3867.202271
3904.065674
3940.915161
3977.814148
4014.641724
4051.392212
4088.099365
4124.838135
4161.686646
4198.505371
4235.414429
4272.195068
4309.098022
4345.913330
4382.816467
4419.580811
4456.306152
4493.025024
4529.792175
4566.645691
4603.474915
4640.318726
4677.128967
4713.986084
4750.771729
4787.622498
4824.263245
4860.922546
4897.760803
4934.526306
4971.400635
5008.160828
5045.034851
5081.813782
5118.492737
5155.286926
5192.162354
5229.005737
5265.855408
5302.648682
5339.467957
5376.346619
5413.152710
5449.945679
5486.735046
5523.661804
5560.490845
5597.360229
5634.132446
5671.020142
5707.858154
5744.660095
5781.546875
5818.401978
5855.305115
5892.116455
5928.972778
5965.851807
6002.702515
6039.536621
6076.408447
6113.281494
6150.140808
6187.045593
6223.858948
6260.743958
6297.547729
6334.461487
6371.250488
6408.111633
6444.846252
6481.652832
6518.332520
6555.146362
6592.030090
6628.840271
6665.745239
6702.502380
6739.384277
6775.957153
6812.796570
6849.622070
6886.390564
6923.047363
6959.874146
6996.800293
7033.625488
7070.500061
7107.309143
7144.130249
7180.994385
7217.827637
7254.679993
7291.459900
7328.311157
7365.118774
7402.007202
7438.793335
7475.696167
7512.503052
7549.387024
7585.982056
7622.765442
7659.663025
7696.433350
7733.345398
7770.198853
7807.049255
7843.881165
7880.679504
7917.478210
7954.234802
7990.965637
8027.766235
8064.545105
8101.339661
8138.010559
8174.786377
8211.596558
8248.462585
8285.302734
8322.110413
8358.901306
8395.810852
8432.585693
8469.475952
8506.226013
8543.132874
8579.934143
8616.718750
8653.553894
8690.346436
8727.235596
8764.070984
8800.919739
8837.655640
8874.359680
8911.141663
8947.955505
8984.815247
9021.596802
9058.494507
9095.319397
9132.199280
9168.949402
9205.814880
9242.387207
9279.156006
9316.056030
9352.883606
9389.725159
9426.545166
9463.408142
9500.204895
9536.801392
9573.588562
9610.446106
9647.215210
9683.985962
9720.850220
9757.635864
9794.523193
9831.304138
9868.134399
9904.711975
9941.541626
9978.430786
10015.204590
10051.918396
10088.629211
10125.470276
10162.250549
10199.097168
10235.922913
10272.707458
10309.593872
10346.311035
10383.172058
10419.963318
10456.840576
10493.404419
10530.237793
10567.126404
10603.902954
10640.789978
10677.587524
10714.425293
10751.173706
10788.036621
10824.585510
10861.344849
10898.206970
10935.013855
10971.835571
11008.473511
11045.397949
11082.174500
11119.104065
11155.898254
11192.715332
11229.548157
11266.314331
11303.198975
11339.950989
11376.799744
11413.617310
11450.500549
11487.271179
11524.130920
11560.922729
11597.666809
11634.517517
11671.300415
11708.131348
11744.950623
11781.814331
11818.586426
11855.240051
11891.997498
11928.829834
11965.614014
12002.426331
12039.302368
12076.061951
12112.950439
12149.714661
12186.628662
12223.366821
12260.010254
12296.783508
12333.609558
12370.414429
12407.226501
12444.047058
12480.869385
12517.766785
12554.507812
12591.400818
12628.197327
12665.064026
12701.799866
12738.640442
12775.451416
12812.224182
12848.870911
12885.651794
12922.513733
12959.304932
12996.162231
13032.950256
13069.770020
13106.554443
13143.415100
13180.185303
13217.063965
13253.688110
13290.445801
13327.081848
13363.879944
13400.706238
13437.539917
13474.437805
13511.243164
13548.103577
13584.852356
13621.544128
13658.327576
13695.190613
13732.043823
13768.904480
13805.752258
13842.557495
13879.449158
13916.230286
13953.123779
13989.971741
14026.842285
14063.689758
14100.580078
14137.372620
14174.253052
14211.049255
14247.926208
14284.682983
14321.294250
14358.136536
14394.910278
14431.777466
14468.562439
14505.405884
14542.224915
14579.094849
14615.924744
14652.782715
14689.580933
14726.500977
14763.271729
14800.079346
14836.803467
14873.567078
14910.494080
14947.259460
14983.846252
15020.680786
15057.528381
15094.333252
15131.162476
15167.928833
15204.806702
15241.573242
15278.470276
15315.244202
15352.056763
15388.894531
15425.672729
15462.567627
15499.325378
15536.202087
15573.030090
15609.872620
15646.654358
15683.532349
15720.344971
15757.164917
15793.771301
15830.541138
15867.384460
15904.197876
15941.093567
15977.874817
16014.783020
16051.599915
16088.472229
16125.257202
16162.128113
16198.926697
16235.663147
16272.383667
16309.214600
16346.088440
16382.922424
16419.754761
16456.428223
16493.253052
16530.117737
16566.944092
16603.802185
16640.422363
16677.303101
16714.156860
16751.028809
16787.841003
16824.609192
16861.486877
16898.320129
16935.174438
16971.974915
17008.862488
17045.668701
17082.481262
17119.257568
17156.163513
17192.852356
17229.482666
17266.400269
17303.193604
17340.126587
17376.929626
17413.810608
17450.562988
17487.387939
17524.266907
17561.063904
17597.939453
17634.766052
17671.614563
17708.352051
17745.243835
17782.094971
17818.967957
17855.773254
17892.618103
17929.498535
17966.316101
18003.207336
18040.019592
18076.945557
18113.774719
18150.672119
18187.449829
18224.302795
18261.097656
18297.937378
18334.742737
18371.517334
18408.393555
18445.177307
18482.061890
18518.873108
18555.702209
18592.525208
18629.293945
18666.105408
18702.954651
18739.801270
18776.586304
18813.480225
18850.272217
18887.146790
18923.942139
18960.910400
18997.690552
19034.360718
19071.125732
19107.923218
19144.742249
19181.519226
19218.372375
19255.183167
19292.018494
19328.790466
19365.695862
19402.426086
19439.297852
19476.040405
19512.890747
19549.654785
19586.490662
19623.250122
19659.990479
19696.819458
19733.596985
19770.231934
19806.877319
19843.733032
19880.479553
19917.334045
19954.103333
19990.902161
20027.447937
20064.247559
20101.102173
20137.877625
20174.747437
20211.558289
20248.386169
20285.159363
20322.029785
20358.784485
20395.389771
20432.231934
20469.003906
20505.942871
20542.618774
20579.418762
20616.166260
20653.031738
20689.855713
20726.720459
20763.549438
20800.473450
20837.268555
20874.102051
20910.976624
20947.782715
20984.634888
21021.418030
21058.225403
21094.841858
21131.685669
21168.556396
21205.324280
21242.214233
21278.994812
21315.903015
21352.660767
21389.540710
21426.365540
21463.203369
21499.995239
21536.854858
21573.693726
21610.504578
21647.309387
21683.930725
21720.682800
21757.473511
21794.356140
21831.058899
21867.934998
21904.644592
21941.243225
21977.990356
22014.860352
22051.614441
22088.458618
22125.207825
22162.066101
22198.828857
22235.694580
22272.486816
22309.049133
22345.907898
22382.690918
22419.538757
22456.306396
22493.138184
22529.912781
22566.725708
22603.509399
22640.391541
22677.152466
22714.050720
22750.830811
22787.714905
22824.474243
22861.340332
22898.159180
22934.956482
22971.503357
23008.322754
23045.066040
23081.913086
23118.593872
23155.289917
23191.985046
23228.750183
23265.588867
23302.376160
23339.228699
23375.961914
23412.544556
23449.301514
23486.122864
23522.844727
23559.602173
23596.152039
23632.986877
23669.750122
23706.616333
23743.336426
23780.179749
23816.942078
23853.741760
23890.510925
23927.247437
23964.104187
24000.840942
24037.674194
24074.525024
24111.202148
24147.959534
24184.484863
24221.236450
24258.091858
24294.831726
24331.720520
24368.474792
24405.297119
24442.087830
24478.885437
24515.544739
24552.388916
24589.147949
24626.012207
24662.791260
24699.554382
24736.387329
24773.150146
24810.002075
24846.757202
24883.618774
24920.387939
24957.215881
24993.940063
25030.768066
25067.550842
25104.309814
25141.080566
25177.885925
25214.621338
25251.504333
25288.270569
25325.029846
25361.884338
25398.691895
25435.575439
25472.334412
25509.211365
25545.974365
25582.778503
25619.546875
25656.355896
25693.177063
25729.744690
25766.531250
25803.275940
25840.085510
25876.828796
25913.689819
25950.401367
25987.251648
26024.014526
26060.733582
26097.412109
26134.196594
26171.055786
26207.840698
26244.685486
26281.518616
26318.338013
26355.144958
26392.002075
26428.858704
26465.690857
26502.273560
26538.985840
26575.784607
26612.573120
26649.421753
26686.170349
26723.060730
26759.685852
26796.466797
26833.204407
26870.049683
26906.807190
26943.644836
26980.426208
27017.208862
27054.082214
27090.867371
27127.698669
27164.440735
27201.266357
27237.954041
27274.594055
27311.365234
27348.217102
27384.951477
27421.771484
27458.505493
27495.300232
27532.098572
27568.883362
27605.746521
27642.499329
27679.405334
27716.173035
27753.083313
27789.867310
27826.681702
27863.531250
27900.324585
27937.194824
27973.903320
28010.520264
28047.319641
28084.144897
28120.923950
28157.724731
28194.512512
28231.381836
28268.116028
28304.998535
28341.757080
28378.522949
28415.382385
28452.187866
28489.095947
28525.867798
28562.692749
28599.333069
28636.120667
28672.995911
28709.768311
28746.630981
28783.385498
28820.243347
28857.045654
28893.827942
28930.651794
28967.528625
29004.274353
29041.157288
29077.944336
29114.737671
29151.618896
29188.403503
29225.267456
29262.038269
29298.934814
29335.713440
29372.591125
29409.361389
29446.155212
29483.061157
29519.632996
29556.429138
29593.247620
29630.080994
29666.878662
29703.713318
29740.452698
29777.290283
29814.074036
29850.952637
29887.724121
29924.521729
29961.130798
29997.844055
30034.657715
30071.420288
30108.235901
30144.750000
30181.605591
30218.350769
30255.164001
30292.001221
30328.783691
30365.569214
30402.310181
30439.175903
30475.871094
30512.707336
30549.499268
30586.232178
30623.082764
30659.824890
30696.670227
30733.391296
30770.214783
30806.986572
30843.819458
30880.567444
30917.421570
30954.215271
30991.016479
31027.566711
31064.451111
31101.195007
31138.073303
31174.871277
31211.603760
31248.460632
31285.234497
31321.999329
31358.610962
31395.479553
31432.209839
31469.017029
31505.749329
31542.588867
31579.325562
31616.106323
31652.933533
31689.714539
31726.513672
31763.158325
31799.940979
31836.696167
31873.572693
31910.373291
31947.175903
31983.990234
32020.737061
32057.593994
32094.369629
32131.200012
32167.975220
32204.801514
32241.562073
32278.402954
32315.147095
32351.970764
32388.729309
32425.577454
32462.295837
32499.068481
32535.664124
32572.376709
32609.250061
32646.007263
32682.789246
32719.559021
32756.374329
32793.138123
32829.962036
32866.766724
32903.609863
32940.331604
32977.031860
33013.860962
33050.616699
33087.500000
33124.270081
33161.117004
33197.848389
33234.701538
33271.480957
33308.253906
33345.081665
33381.818237
33418.612915
33455.471069
33492.072388
33528.827393
33565.687622
33602.476318
33639.287415
33676.057251
33712.910034
33749.701965
33786.530945
33823.283142
33860.135437
33896.870789
33933.670410
33970.522705
34007.035156
34043.865234
34080.652405
34117.540222
34154.269653
34191.082764
34227.844177
34264.643005
34301.398193
34338.205994
34374.833008
34411.508179
34448.248596
34485.033875
34521.845215
34558.569397
34595.419128
34632.132935
34668.999146
34705.752869
34742.606262
34779.307373
34816.151184
34852.955322
34889.768005
34926.571655
34963.412964
35000.176514
35036.922180
35073.750244
35110.553040
35147.345337
35184.132507
35220.960693
35257.721375
35294.348511
35331.150024
35368.014771
35404.769104
35441.630127
35478.464966
35515.200317
35552.063782
35588.875427
35625.694946
35662.466919
35699.159729
35735.890869
35772.667297
35809.438965
35846.272400
35883.012024
35919.796814
35956.603577
35993.344788
36030.201416
36066.928589
36103.775085
36140.528992
36177.251709
36213.843872
36250.630615
36287.417114
36324.201782
36361.015015
36397.836975
36434.710144
36471.478271
36508.370300
36545.109192
36581.995789
36618.773132
36655.645996
36692.320374
36729.148132
36765.724548
36802.445618
36839.242004
36875.759583
36912.610535
36949.354309
36986.152893
37023.021667
37059.757874
37096.505493
37133.140808
37169.968872
37206.742371
37243.589111
37280.422974
37317.181641
37354.026062
37390.830139
37427.667542
37464.460449
37501.328735
37538.129944
37574.941711
37611.745667
37648.560425
37685.349731
37722.105469
37758.965820
37795.800903
37832.581909
37869.451843
37906.283630
37943.097168
37979.906250
38016.616089
38053.402710
38090.324707
38127.158691
38164.026489
38200.839905
38237.698730
38274.497742
38311.274109
38348.135376
38384.969177
38421.825806
38458.522705
38495.302063
38532.161499
38568.940674
38605.711731
38642.621826
38679.373535
38716.280823
38753.113098
38789.995728
38826.812439
38863.607117
38900.445862
38937.017517
38973.904785
39010.732605
39047.601013
39084.437195
39121.316528
39158.114014
39194.944702
39231.857300
39268.668335
39305.546143
39342.359985
39379.229248
39416.079956
39452.814880
39489.590454
39526.301392
39563.233765
39600.069641
39636.953064
39673.811401
39710.689636
39747.490051
39784.281677
39821.189270
39857.688416
39894.592163
39931.406738
39968.259521
40005.115295
40041.959961
40078.809326
40115.566345
40152.449951
40189.243164
40226.090820
40262.655945
40299.471436
40336.317200
40373.151917
40410.038940
40446.845215
40483.703308
40520.462891
40557.302490
40594.086914
40630.899048
40667.731323
40704.446045
40741.204956
40777.952026
40814.818237
40851.590576
40888.390381
40925.289368
40962.054504
40998.938049
41035.726440
41072.633972
41109.381042
41146.191589
41183.113953
41219.861450
41256.713928
41293.524475
41330.403931
41367.198120
41404.085449
41440.932495
41477.805908
41514.641418
41551.444763
41588.298157
41625.082703
41661.966248
41698.782288
41735.613770
41772.404236
41809.225708
41845.863831
41882.631470
41919.508972
41956.244934
41993.132507
42029.919739
42066.779236
42103.578003
42140.332642
42177.117004
42213.755615
42250.599426
42287.430237
42324.254150
42361.040771
42397.879578
42434.636353
42471.480347
42508.252136
42545.037048
42581.636292
42618.430542
42655.316895
42692.066772
42728.964722
42765.748718
42802.620972
42839.398743
42876.285950
42913.086792
42949.686646
42986.468506
43023.272705
43060.096619
43096.911072
43133.753662
43170.514648
43207.429382
43244.220093
43281.055359
43317.829834
43354.624023
43391.488892
43428.267761
43465.163757
43501.930908
43538.632446
43575.377991
43612.132019
43648.790161
43685.627808
43722.417969
43759.286011
43796.081665
43832.938416
43869.657959
43906.428955
43943.045471
43979.785706
44016.626770
44053.432617
44090.248901
44127.043518
44163.914185
44200.711182
44237.539368
44274.338074
44311.156250
44348.003357
44384.822083
44421.668884
44458.512390
44495.319275
44532.143677
44569.033264
44605.808594
44642.710754
44679.506531
44716.384399
44753.156433
44789.939148
44826.823608
44863.591675
44900.370056
44936.988586
44973.821716
45010.590027
45047.422729
45084.222656
45120.966919
45157.828674
45194.621887
45231.455872
45268.294312
45305.163452
45341.680603
45378.539001
45415.321289
45452.188904
45488.967712
45525.838135
45562.648132
45599.480469
45636.283508
45673.114075
45709.891602
45746.715271
45783.493103
45820.310608
45857.144775
45893.962769
45930.847412
45967.624207
46004.491638
46041.276611
46078.179810
46114.942322
46151.843994
46188.563599
46225.273315
46262.058594
46298.867920
46335.692322
46372.506226
46409.382507
46446.210571
46483.094421
46519.932495
46556.805420
46593.581482
46630.480835
46667.193481
46703.827515
46740.650208
46777.431458
46814.249207
46851.081543
46887.978699
46924.748413
46961.629395
46998.244934
47035.012756
47071.854614
47108.673340
47145.523560
47182.367126
47219.266479
47256.091797
47292.749939
47329.574341
47366.476440
47403.280090
47440.149231
47476.981689
47513.841675
47550.668579
47587.486755
47624.389038
47661.129517
47697.700256
47734.532959
47771.299194
47808.142883
47844.961670
47881.793396
47918.654358
47955.521851
47992.318298
48029.167175
48065.929993
48102.653687
48139.409607
48176.286072
48213.087036
48249.933655
48286.729553
48323.503113
48360.409973
48397.130371
48434.000916
48470.821350
48507.638916
48544.462402
48581.314697
48618.090149
48654.959290
48691.727051
48728.541199
48765.399048
48802.225098
48839.070007
48875.819214
48912.683411
48949.465942
48986.353699
49022.966125
49059.769531
49096.626038
49133.376343
49170.233887
49207.038757
49243.858459
49280.654053
49317.490601
49354.236389
49391.079529
49427.856934
49464.471680
49501.196655
49537.979370
49574.820679
49611.597717
49648.488037
49685.250488
49722.094360
49758.836548
49795.676941
49832.457397
49869.271240
49906.077454
49942.776062
49979.442078
50016.269775
50053.155029
50089.884460
50126.758057
50163.550293
50200.427490
50237.222839
50274.101257
50311.006897
50347.776367
50384.314392
50420.982788
50457.896912
50494.717468
50531.576172
50568.438965
50605.325256
50642.095337
50678.844971
50715.749634
50752.527283
50789.415344
50825.969910
50862.735535
50899.531189
50936.308105
50973.056396
51009.856995
51046.647705
51083.443604
51120.270020
51157.061035
51193.841614
51230.308655
51267.153503
51303.874146
51340.689087
51377.432434
51414.227905
51451.008118
51487.864197
51524.678894
51561.489502
51598.307007
51635.173645
51671.915344
51708.769226
51745.457825
51782.161316
51819.032349
51855.783203
51892.654846
51929.415466
51966.256775
52003.049377
52039.907776
52076.719421
52113.454651
52150.300598
52186.948669
52223.607056
52260.418823
52297.228943
52333.986877
52370.865112
52407.625488
52444.476135
52481.262756
52517.958923
52554.885071
52591.666077
52628.528137
52665.256470
52702.111877
52738.901428
52775.741882
52812.492126
52849.346985
52886.142700
52922.978699
52959.748230
52996.635132
53033.404602
53070.287476
53106.914978
53143.558594
53180.406433
53217.207947
53254.047668
53290.850586
53327.707703
53364.492615
53401.303711
53438.095337
53474.951782
53511.709717
53548.558594
53585.137146
53621.888550
53658.689758
53695.544678
53732.293213
53768.926025
53805.756165
53842.515686
53879.367981
53916.156006
53952.992249
53989.763855
54026.666138
54063.490112
54100.316589
54137.130371
54174.036987
54210.758850
54247.629822
54284.414551
54321.252502
54358.052185
54394.919067
54431.704651
54468.306641
54505.035156
54541.826965
54578.650024
54615.406738
54652.249207
54688.987854
54725.835205
54762.606079
54799.480347
54836.194397
54873.064453
54909.859192
54946.553467
54983.164246
55020.022827
55056.755554
55093.643066
55130.461975
55167.359985
55204.136292
55240.932556
55277.786499
55314.557861
55351.413879
55388.173401
55425.033020
55461.787842
55498.625183
55535.413818
55572.213501
55609.026245
55645.898621
55682.666504
55719.441711
55756.296204
55793.027771
55829.854431
55866.626770
55903.497131
55940.279114
55977.164368
56013.973694
56050.864746
56087.664368
56124.475952
56161.412598
56198.183960
56235.090942
56271.880432
56308.704895
56345.552979
56382.415283
56419.209900
56456.038086
56492.847412
56529.703491
56566.461609
56603.348083
56640.167053
56677.022766
56713.868042
56750.699097
56787.567627
56824.282837
56861.169189
56897.959290
56934.803284
56971.630493
57008.493469
57045.294067
57082.163025
57118.757996
57155.491516
57192.230530
57228.853821
57265.707458
57302.471558
57339.355713
57376.144714
57412.985352
57449.760803
57486.624084
57523.411072
57560.254272
57597.071899
57633.953491
57670.759094
57707.580811
57744.382385
57781.002075
57817.888916
57854.684143
57891.569885
57928.347168
57965.131775
58001.997070
58038.743774
58075.615295
58112.424683
58149.292603
58186.074097
58222.956665
58259.771606
58296.602661
58333.392029
58370.238464
58407.061523
58443.872009
58480.723022
58517.542603
58554.097839
58590.887207
58627.789429
58664.604370
58701.491821
58738.307983
58775.162170
58811.967712
58848.856995
58885.660828
58922.484192
58959.298279
58996.146423
59033.007935
59069.899780
59106.571838
59143.272522
59180.175598
59216.966553
59253.842651
59290.615479
59327.474243
59364.306519
59401.186340
59438.013245
59474.876587
59511.658569
59548.516296
59585.301331
59622.136169
59658.943665
59695.781372
59732.644714
59769.398743
59806.282654
59843.028320
59879.911011
59916.510742
59953.276001
59990.100464
60026.952148
60063.763855
60100.567749
60137.420654
60174.243835
60211.141968
60247.975037
60284.866394
60321.691589
60358.592468
60395.335327
60432.205444
60468.913086
60505.721497
60542.440063
60579.321045
60616.191956
60653.026672
60689.945923
60726.738525
60763.663269
60800.501587
60837.361084
60874.246826
60911.098877
60948.020020
60984.780945
61021.707336
61058.508850
61095.446411
61132.151733
61169.137146
61206.012390
61242.865051
61279.600586
61316.347107
61353.224304
61390.108643
61426.994995
61463.864563
61500.757141
61537.566467
61574.476196
61611.282654
61648.194824
61685.006897
61721.902954
61758.687073
61795.563782
61832.389160
61869.039612
61905.774170
61942.620789
61979.472839
62016.292053
62053.193970
62089.945068
62126.824158
62163.619507
62200.525940
62237.294373
62274.176514
62311.005066
62347.763123
62384.633362
62421.443787
62458.351746
62495.107666
62532.008240
62568.849182
62605.708618
62642.321411
62679.198364
62715.945435
62752.826294
62789.611084
62826.471436
62863.264893
62900.059082
62936.982300
62973.763794
63010.673950
63047.505249
63084.301575
63121.212280
63158.026917
63194.962830
63231.650208
63268.432068
63305.290710
63342.153564
63379.011047
63415.823669
63452.690002
63489.537964
63526.466736
63563.267456
63600.210632
63637.040833
63673.963318
63710.763245
63747.691223
63784.488953
63821.381104
63858.013611
63894.916748
63931.720276
63968.559692
64005.405212
64041.989685
64078.893799
64115.753845
64152.655273
64189.453857
64226.323425
64263.157593
64300.011414
64336.822632
64373.633545
64410.474426
64447.279846
64484.147644
64520.934448
64557.826782
64594.617126
64631.223267
64667.985168
64704.901001
64741.722595
64778.556396
64815.354492
64852.225830
64889.021484
64925.889465
64962.700623
64999.628723
65036.405273
65073.228943
65110.141907
65147.012085
65183.860107
65220.677795
65257.603210
65294.417358
65331.336243
65368.037720
65404.916870
65441.797363
65478.694519
65515.496948
65552.444336
65589.307312
65626.204468
65663.031555
65699.929993
65736.779236
65773.542847
65810.482239
65847.285828
65884.173462
65921.034546
65957.906860
65994.672546
66031.606628
66068.448730
66105.373535
66142.217224
66179.154358
66215.972168
66252.843018
66289.679199
66326.494446
66363.377808
66400.230347
66437.122986
66473.953491
66510.841614
66547.679199
66584.552246
66621.322144
66658.241760
66695.007019
66731.621948
66768.394470
66805.264587
66842.019531
66878.849121
66915.699341
66952.481323
66989.368958
67026.159241
67063.061279
67099.816528
67136.682007
67173.488159
67210.346619
67246.973633
67283.796448
67320.584229
67357.265869
67394.161377
67430.963074
67467.862610
67504.689148
67541.570862
67578.409302
67615.279541
67652.144165
67688.977722
67725.781738
67762.581909
67799.406372
67836.250244
67873.148193
67909.962341
67946.835815
67983.662659
68020.526917
68057.265869
68093.935913
68130.790405
68167.518372
68204.391785
68241.197876
68278.100098
68314.881287
68351.747925
68388.553284
68425.295837
68462.197327
68499.002136
68535.802429
68572.617981
68609.479492
68646.277405
68683.118652
68719.738647
68756.674194
68793.487305
68830.404053
68867.228516
68904.108582
68940.862976
68977.664001
69014.585266
69051.369629
69088.288574
69125.116455
69162.018127
69198.782593
69235.652344
69272.455139
69309.264404
69346.156372
69382.982727
69419.891785
69456.623657
69493.396118
69530.165955
69566.996216
69603.782654
69640.618225
69677.422180
69714.232788
69751.051697
69787.793152
69824.688110
69861.545044
69898.333008
69935.088440
69971.946106
70008.750793
70045.564514
70082.089355
70118.941711
70155.678955
70192.547974
70229.316956
70266.163757
70302.974609
70339.822449
70376.633240
70413.406128
70450.292419
70487.106079
70523.938477
70560.731140
70597.497986
70634.227783
70671.030334
70707.921814
70744.720398
70781.597168
70818.405640
70855.069397
70891.817444
70928.708313
70965.471008
71002.258606
71039.112793
71075.933655
71112.763184
71149.505005
71186.454102
71223.215027
71260.085083
71296.885193
71333.779053
71370.522217
71407.335205
71444.009521
71480.753052
71517.624084
71554.424133
71591.263000
71628.090637
71664.970520
71701.753906
71738.537537
71775.436707
71812.261353
71849.102295
71885.870728
71922.752136
71959.538208
71996.409058
72033.206482
72070.116394
72106.895691
72143.713318
72180.547302
72217.104858
72254.003052
72290.816040
72327.676636
72364.535522
72401.364929
72438.274048
72475.071533
72511.963684
72548.788452
72585.678833
72622.504089
72659.326843
72696.241150
72733.015015
72769.896423
72806.558960
72843.353455
72880.176819
72917.064331
72953.842407
72990.670837
73027.523804
73064.311646
73101.172546
73137.983582
73174.886047
73211.650330
73248.572998
73285.342957
73322.131226
73359.021362
73395.806213
73432.708313
73469.467957
73506.341248
73543.157227
73579.873962
73616.538879
73653.360718
73690.093628
73726.941101
73763.808594
73800.583252
73837.476196
73874.257202
73911.110779
73947.870117
73984.549744
74021.300110
74058.181824
74094.967651
74131.805359
74168.549988
74205.064819
74241.936951
74278.692505
74315.568909
74352.368408
74389.217651
74426.025452
74462.897949
74499.721863
74536.542664
74573.333801
74610.136230
74646.968872
74683.779297
74720.642700
74757.424377
74794.279541
74831.037109
74867.907776
74904.693848
74941.427979
74978.214966
75015.003540
75051.907959
75088.704529
75125.611877
75162.380859
75199.277893
75236.130676
75273.003784
75309.879517
75346.776917
75383.545593
75420.429810
75457.257690
75494.070068
75530.931335
75567.712769
75604.592102
75641.346741
75678.241577
75715.039246
75751.814758
75788.685120
75825.499939
75862.389648
75899.165039
75936.078613
75972.870178
76009.702454
76046.545654
76083.410034
76120.150391
76156.970703
76193.821899
76230.586243
76267.448181
76304.222717
76340.870361
76377.643005
76414.482605
76451.270630
76488.115784
76524.906677
76561.670532
76598.480286
76635.300110
76672.154724
76708.972229
76745.806458
76782.584167
76819.458679
76856.220032
76893.097839
76929.629211
76966.357361
77003.244507
77040.029968
77076.868042
77113.695435
77150.571899
77187.365051
77224.182129
77260.975952
77297.824219
77334.561218
77371.243164
77408.014404
77444.764648
77481.626038
77518.459106
77555.295044
77592.069214
77628.907166
77665.693604
77702.363953
77739.144470
77776.040527
77812.817810
77849.723083
77886.559692
77923.335693
77960.221436
77997.044617
78033.895386
78070.714172
78107.595642
78144.409119
78181.216797
78217.976929
78254.812500
78291.515564
78328.190186
78365.078369
78401.866333
78438.737488
