------------------------------------------------------------------------------------------------------------------------------------------------------------------------------------------------------
File                 | Reading      | Prediction   | Error        | Error%       | L1_I%        | Stalls%      | Ins%         | L2%          | L1_D%        | TLB_I%       | L3           |
------------------------------------------------------------------------------------------------------------------------------------------------------------------------------------------------------
tapir_502_err        | 62424.38     | 61849.69     | -574.69      | 0.92         | -8.85        | 61.84        | 47.13        | -0.25        | 2.74         | -1.81        | -0.81        |
tapir_505_err        | 42453.32     | 39222.07     | -3231.25     | 7.61         | -0.32        | 68.70        | 30.28        | -0.49        | 5.11         | -0.11        | -3.18        |
tapir_627_err        | 22602.50     | 22057.75     | -544.75      | 2.41         | -8.52        | 50.20        | 58.22        | -0.14        | 2.40         | -1.81        | -0.35        |
tapir_620_err        | 48351.40     | 47710.22     | -641.18      | 1.33         | -4.84        | 68.05        | 38.46        | -0.23        | 3.03         | -3.24        | -1.23        |
tapir_644_err        | 481561.15    | 394082.12    | -87479.03    | 18.17        | -0.12        | 38.44        | 60.49        | -0.02        | 1.33         | -0.09        | -0.02        |
tapir_638_err        | 835511.66    | 927177.60    | 91665.94     | 10.97        | -0.14        | 4.44         | 94.07        | -0.01        | 2.47         | -0.79        | -0.04        |
tapir_554_err        | 47392.32     | 47554.99     | 162.68       | 0.34         | -1.43        | 27.55        | 69.74        | -0.63        | 5.81         | -0.29        | -0.76        |
tapir_631_err        | 47350.43     | 48303.67     | 953.24       | 2.01         | -1.36        | 44.48        | 56.83        | -0.04        | 0.60         | -0.15        | -0.36        |
tapir_526_err        | 77530.14     | 68629.86     | -8900.27     | 11.48        | -7.97        | 51.56        | 57.29        | -0.11        | 1.62         | -2.13        | -0.26        |
tapir_521_err        | 203537.23    | 212172.71    | 8635.48      | 4.24         | -2.20        | 52.09        | 49.19        | -0.18        | 2.46         | -0.56        | -0.80        |
tapir_603_err        | 1012916.48   | 951071.94    | -61844.54    | 6.11         | -0.11        | 18.15        | 81.07        | -0.17        | 1.88         | -0.69        | -0.13        |
tapir_654_err        | 387657.08    | 395881.98    | 8224.90      | 2.12         | -0.10        | 31.29        | 65.37        | -0.65        | 5.62         | -0.63        | -0.90        |
tapir_628_err        | 428304.12    | 414975.54    | -13328.58    | 3.11         | -1.04        | 31.90        | 65.91        | -0.18        | 3.93         | -0.33        | -0.19        |
tapir_538_err        | 67951.11     | 68418.04     | 466.93       | 0.69         | -1.15        | 17.88        | 82.03        | -0.03        | 1.67         | -0.29        | -0.10        |
tapir_544_err        | 53970.72     | 46001.14     | -7969.58     | 14.77        | -0.40        | 46.90        | 52.18        | -0.02        | 1.47         | -0.12        | -0.02        |
tapir_621_err        | 589227.56    | 576196.16    | -13031.40    | 2.21         | -1.13        | 49.39        | 50.44        | -0.16        | 2.20         | -0.37        | -0.37        |
tapir_531_err        | 39721.92     | 39547.87     | -174.05      | 0.44         | -1.45        | 42.35        | 59.13        | -0.02        | 0.50         | -0.16        | -0.34        |
tapir_503_err        | 86990.09     | 77888.81     | -9101.28     | 10.46        | -0.20        | 28.29        | 68.99        | -0.39        | 3.76         | -0.18        | -0.27        |
tapir_605_err        | 83396.34     | 80684.07     | -2712.27     | 3.25         | -0.18        | 72.46        | 26.20        | -0.64        | 5.75         | -0.13        | -3.46        |
tapir_602_err        | 88315.39     | 90048.47     | 1733.08      | 1.96         | -7.61        | 57.93        | 48.37        | -0.28        | 3.55         | -1.49        | -0.48        |
tapir_520_err        | 48429.68     | 49352.20     | 922.52       | 1.90         | -4.64        | 66.37        | 37.68        | -0.22        | 2.90         | -0.90        | -1.20        |
tapir_527_err        | 70992.67     | 67006.80     | -3985.87     | 5.61         | -4.02        | 40.65        | 61.85        | -0.17        | 3.08         | -1.20        | -0.20        |
tapir_511_err        | 52128.56     | 46523.70     | -5604.86     | 10.75        | -8.70        | 18.50        | 84.97        | -0.01        | 5.57         | -0.31        | -0.02        |
tapir_648_err        | 37603.53     | 36407.73     | -1195.80     | 3.18         | -0.47        | 20.37        | 80.13        | -0.00        | 0.06         | -0.10        | -0.00        |
tapir_523_err        | 60809.97     | 65619.75     | 4809.78      | 7.91         | -8.05        | 61.30        | 44.85        | -0.17        | 3.87         | -1.62        | -0.19        |
tapir_641_err        | 65666.42     | 61566.40     | -4100.03     | 6.24         | -0.66        | 58.71        | 41.59        | -0.01        | 0.58         | -0.19        | -0.01        |
tapir_657_err        | 280700.58    | 315985.92    | 35285.35     | 12.57        | -0.13        | 68.58        | 32.09        | -0.08        | 1.17         | -0.23        | -1.41        |
tapir_625_err        | 58009.61     | 65848.41     | 7838.79      | 13.51        | -3.30        | 16.59        | 86.25        | -0.03        | 0.78         | -0.24        | -0.06        |
tapir_549_err        | 43283.99     | 44513.15     | 1229.16      | 2.84         | -0.44        | 47.22        | 53.07        | -0.79        | 5.47         | -0.10        | -4.43        |
tapir_500_err        | 37890.09     | 37370.31     | -519.78      | 1.37         | -7.55        | 21.85        | 85.32        | -0.05        | 1.08         | -0.62        | -0.03        |
tapir_507_err        | 43343.16     | 43477.73     | 134.58       | 0.31         | -3.67        | 48.32        | 46.72        | -0.19        | 11.08        | -0.73        | -1.54        |
tapir_619_err        | 146940.34    | 164258.32    | 17317.98     | 11.79        | -0.10        | 65.64        | 28.34        | -0.64        | 7.14         | -0.26        | -0.12        |
tapir_557_err        | 41791.05     | 46868.18     | 5077.13      | 12.15        | -0.47        | 46.56        | 53.03        | -0.06        | 1.50         | -0.18        | -0.37        |
tapir_649_err        | 145496.98    | 138600.36    | -6896.61     | 4.74         | -0.20        | 44.60        | 54.28        | -0.63        | 5.13         | -0.52        | -2.68        |
tapir_525_err        | 57542.57     | 65576.39     | 8033.82      | 13.96        | -3.29        | 16.24        | 86.61        | -0.03        | 0.78         | -0.25        | -0.06        |
tapir_510_err        | 113357.01    | 110296.13    | -3060.88     | 2.70         | -6.72        | 47.08        | 57.27        | -0.41        | 4.44         | -1.39        | -0.27        |
tapir_607_err        | 283531.09    | 285841.45    | 2310.37      | 0.81         | -1.05        | 52.39        | 40.06        | -0.15        | 13.38        | -0.43        | -4.20        |
tapir_600_err        | 44702.42     | 43993.52     | -708.90      | 1.59         | -7.89        | 27.39        | 80.19        | -0.07        | 1.29         | -0.82        | -0.09        |
tapir_519_err        | 28955.90     | 28388.78     | -567.12      | 1.96         | -0.36        | 39.74        | 53.77        | -0.69        | 7.71         | -0.08        | -0.08        |
tapir_508_err        | 28315.68     | 27744.78     | -570.90      | 2.02         | -1.19        | 14.63        | 82.79        | -0.04        | 4.07         | -0.22        | -0.04        |
tapir_623_err        | 61092.52     | 65859.60     | 4767.09      | 7.80         | -8.16        | 61.56        | 44.71        | -0.16        | 3.86         | -1.63        | -0.19        |
tapir_548_err        | 37418.01     | 36462.71     | -955.30      | 2.55         | -0.46        | 20.46        | 80.03        | -0.00        | 0.06         | -0.09        | -0.00        |
tapir_541_err        | 64663.28     | 60812.90     | -3850.38     | 5.95         | -0.68        | 58.18        | 42.10        | -0.01        | 0.58         | -0.16        | -0.01        |
------------------------------------------------------------------------------------------------------------------------------------------------------------------------------------------------------
Mean error: 5.554
