225234.684326
225264.549438
225294.501831
225324.580872
225354.606018
225384.673523
225414.668152
225444.713379
225474.695068
225504.670959
225534.731995
225564.679626
225594.735046
225624.729187
225654.792725
225684.803955
225714.849487
225744.856689
225774.925659
225804.938660
225834.936279
225864.984314
225894.974426
225925.040161
225955.076904
225985.131897
226015.129211
226045.168762
226075.125793
226105.145569
226135.083313
226165.002563
226195.009094
226225.099060
226255.116394
226285.044250
226315.204407
226345.162354
226375.150330
226405.098206
226435.045166
226465.058533
226494.996338
226525.057251
226555.029846
226585.047424
226614.977783
226644.964050
226674.967773
226705.019287
226734.971558
226764.992432
226794.980469
226825.030579
226855.028442
226885.013123
226915.039246
226945.028442
226975.086365
227005.087769
227035.168640
227065.158325
227095.179626
227125.157532
227155.215759
227185.215271
227215.169495
227245.202515
227275.143921
227305.140381
227335.073975
227365.096497
227395.039368
227425.068054
227455.041931
227485.071350
227515.065247
227545.028992
227575.062134
227605.039673
227635.086182
227665.036194
227695.044128
227725.018799
227755.021851
227785.008789
227815.021790
227844.971191
227874.937988
227904.968506
227934.905640
227964.934937
227994.880432
228024.895874
228054.851318
228084.831299
228114.764709
228144.864502
228174.818726
228204.793701
228234.740601
228264.714783
228294.660950
228324.604126
228354.610718
228384.549683
228414.526611
228444.494873
228474.521484
228504.483765
228534.472168
228564.454712
228594.465088
228624.414124
228654.413025
228684.342468
228714.352844
228744.296204
228774.219421
228804.226746
228834.227051
228864.225037
228894.180664
228924.183350
228954.100464
228984.076904
229013.996338
229043.931519
229073.937561
229103.879395
229133.850037
229163.805969
229193.803223
229223.752441
229253.775024
229283.708862
229313.718872
229343.695679
229373.702637
229403.681274
229433.648193
229463.678040
229493.603394
229523.628174
229553.594910
229583.619995
229613.584595
229643.613831
229673.606323
229703.746948
229733.801697
229763.773193
229793.765381
229823.785706
229853.743286
229883.753174
229914.289551
229945.606995
229976.881104
230007.434509
230037.296936
230067.173889
230097.103516
230126.950195
230156.897644
230186.743713
230216.631287
230246.465027
230276.363647
230306.176758
230335.988281
230365.707458
230395.527039
230425.258545
230455.171753
230484.935364
230514.635254
230544.414917
230574.148132
230603.946411
230633.724976
230663.507629
230693.263550
230723.132874
230753.296631
230783.487427
230813.405762
230843.163757
230872.904114
230902.562927
230932.253235
230961.918457
230991.608093
231021.263367
231050.910522
231080.543457
231110.271484
231139.916687
231169.658264
231199.269470
231228.922791
231258.765625
231288.708008
231318.365662
231347.988037
231377.663818
231407.311951
231436.998474
231466.637817
231496.287781
231525.895447
231555.597900
231585.248718
231614.997437
231644.810425
231674.435364
231704.096252
231733.763000
231763.462463
231793.125488
231822.815979
231852.408203
231882.122253
231911.753723
231941.498474
231971.139099
232000.786621
232030.487976
232060.151855
232089.893616
232119.477539
232149.172607
232178.840820
232208.581543
232238.265564
232268.005493
232297.656433
232327.360596
232357.004028
232386.702332
232416.381531
232446.007751
232475.707092
232505.381287
232535.099182
232564.794739
232594.484497
232624.134827
232653.833923
232683.500916
232713.288086
232742.963074
232772.680176
232802.338196
232832.016724
232861.614624
232891.214294
232920.892273
232950.463989
232980.161987
233009.780029
233039.496826
233069.166321
233098.853821
233128.442932
233158.213623
233188.040283
233217.869324
233247.749268
233277.529114
233307.373169
233337.163574
233366.979492
233396.844788
233426.616333
233456.429688
233486.217834
233516.007385
233545.980835
233575.778870
233605.695862
233635.526733
233665.343323
233695.242371
233725.042847
233754.878845
233784.667419
233814.544983
233844.362366
233874.122498
233904.289917
233934.051941
233963.8