235324.894958
235354.624878
235384.643799
235414.590759
235444.588562
235474.591248
235504.643860
235534.637268
235564.688293
235594.650146
235624.612976
235654.642639
235684.600891
235714.611816
235744.553040
235774.541138
235804.482544
235834.559875
235864.514221
235894.471008
235924.465820
235954.426453
235984.416931
236014.383179
236044.449036
236074.367126
236104.396362
236134.307861
236164.277100
236194.309143
236224.268860
236254.205078
236284.403564
236314.608093
236344.500427
236374.505310
236404.440979
236434.500244
236464.468567
236494.474854
236524.449341
236554.431580
236584.418640
236614.343140
236644.429382
236674.397583
236704.512085
236734.762695
236764.753662
236794.670532
236824.586548
236854.570374
236884.489746
236914.470154
236944.382751
236974.401062
237004.396118
237034.845154
237064.772705
237094.822693
237124.786377
237154.802185
237184.767700
237214.739563
237244.740417
237274.681396
237304.689636
237334.614014
237364.607544
237394.656128
237424.657471
237454.603760
237484.638367
237514.604126
237544.633667
237574.605652
237604.583374
237634.606812
237664.629333
237694.554626
237724.514648
237754.523926
237784.453308
237814.495789
237844.406555
237874.413513
237904.377747
237934.427856
237964.405823
237994.420593
238024.394897
238054.411499
238084.465088
238114.408264
238144.460083
238174.397461
238204.543396
238234.498413
238264.467224
238294.424622
238324.407837
238354.305786
238384.312256
238414.233521
238444.187805
238474.085449
238503.972839
238533.974548
238563.979309
238593.960999
238623.896118
238653.858276
238683.800476
238713.792603
238743.698181
238773.707642
238803.623474
238833.651367
238863.603210
238893.588562
238923.517456
238953.545776
238983.457581
239013.349609
239043.323608
239073.171143
239103.120728
239133.026978
239162.991150
239192.914246
239222.884216
239252.769470
239282.712708
239312.593872
239342.511414
239372.405823
239402.324768
239432.288940
239462.150635
239492.114319
239522.010498
239551.996399
239581.885681
239611.901611
239641.796936
239671.868774
239701.777771
239731.738159
239761.702759
239792.578247
239823.587158
239854.637207
239884.443970
239914.143127
239943.887085
239973.620117
240003.375183
240033.068970
240062.813232
240092.504028
240122.284546
240151.976685
240181.760742
240211.506653
240241.279053
240270.947144
240301.164673
240331.062500
240360.765564
240390.357361
240420.006470
240449.600342
240479.212891
240508.898682
240538.469177
240568.095154
240597.692810
240627.348022
240656.927185
240686.586487
240716.190491
240745.836243
240775.437317
240805.099854
240834.687195
240864.393799
240894.000977
240923.636963
240953.250244
240982.896912
241012.519287
241042.183960
241071.793762
241101.469788
241131.078796
241160.802063
241190.430908
241220.073364
241249.779907
241279.454224
241309.179016
241338.829529
241368.515930
241398.176758
241427.846497
241457.492920
241487.204773
241516.812805
241546.474609
241576.182434
241605.800293
241635.465698
241665.070557
241694.691528
241724.338379
241753.939270
241783.564209
241813.191101
241842.797607
241872.395752
241902.053833
241931.663025
241961.309692
241990.897156
242020.603149
242050.363403
242080.049133
242109.609375
242139.210327
242168.779846
242198.360718
242227.957825
242257.534912
242287.178528
242316.765686
242346.372559
242375.930603
242405.705566
242435.329468
242464.977478
242494.644226
242524.306152
242553.927917
242583.607910
242613.205139
242642.839355
242672.511414
242702.152161
242731.859558
242761.483582
242791.164551
242820.823547
242850.489868
242880.174072
242909.741150
242939.388123
242969.013184
242998.669678
243028.290955
243057.948425
243087.614746
243117.231262
243146.897522
243176.560791
243206.285461
243235.894104
243265.553162
243295.244080
243324.893127
243354.584045
243384.235596
243413.877258
243443.544006
243473.179932
243502.874207
243532.531067
243562.207825
243591.883667
243622.299622
243652.637634
243682.924988
243712.929260
243742.907593
243773.083801
243802.891968
243832.787231
243862.607666
243892.488220
243922.295715
243952.151001
243982.026367
244011.844421
244041.729980
244071.501221
244101.320068
244131.091125
244160.838440
244190.661865
244220.447876
244250.298279
244280.066711
244309.949707
244339.720947
244369.544556
244399.335266
244429.136292
244459.173889
244488.967163
244518.795776
244548.587402
244578.442688
244608.229980
244638.069153
244667.845398
244697.675659
244727.455811
244757.270569
244787.129944
244816.939453
244846.806702
244876.590820
244906.419800
244936.183289
244966.006836
244995.863892
245025.665161
245055.600220
245085.621887
245115.469482
245145.266846
245175.160095
245205.014893
245234.741882
245264.532837
245294.281433
245324.031677
245353.824341
245383.555237
245413.383850
245443.100464
245472.868774
245502.548828
245532.324463
245561.992859
245591.771729
245621.446960
245651.135498
245680.911377
245710.556335
245740.340637
245770.006592
245799.766113
245829.490234
245859.323425
245889.119507
245918.935364
245948.683472
245978.475281
246008.219604
246038.039795
246067.755615
246097.573914
246127.333557
246157.119934
246186.897339
246216.657410
246246.448669
246276.194153
246306.044067
246335.787598
246365.549194
246395.306763
246425.166504
246454.964294
246484.809265
246514.577942
246544.386963
246574.151001
246603.986267
246633.819641
246663.613281
246693.428528
246723.218689
246753.100769
246782.858032
246812.664673
246842.404968
246872.287720
246902.058411
246931.898865
246961.680298
246991.491699
247021.304443
247051.143494
247080.948669
247110.849182
247140.666382
247170.547546
247200.318848
247230.191956
247259.952148
247289.718445
247319.639038
247349.407471
247379.262451
247409.135803
247439.083740
247468.957703
247498.804626
247528.580444
247558.360291
247588.237854
247618.024963
247647.801941
247677.567261
247707.420288
247737.219543
247767.151855
247797.005676
247826.818054
247856.556396
247886.403625
247916.137329
247945.971375
247975.695129
248005.497681
248035.239624
248065.035522
248094.767029
248124.571655
248154.319275
248184.109863
248213.940491
248243.689453
248273.504578
248303.320190
248333.183960
248362.941284
248392.817139
248422.568542
248452.403442
248482.191162
248512.012573
248541.937195
248571.889343
248601.821106
248631.742981
248661.602905
248691.474121
248721.381042
248751.304016
248781.231323
248811.081604
248841.019836
248870.900452
248900.847107
248930.677368
248960.591248
248990.446167
249020.385681
249050.278137
249080.224304
249110.119019
249140.039490
249170.017029
249199.888123
249229.843079
249259.747070
249289.678345
249319.611084
249349.555359
249379.419739
249409.335999
249439.215698
249469.136719
249498.993408
249528.871704
249558.729309
249588.660828
249618.550842
249648.407043
249678.341064
249708.211365
249738.159790
249768.058533
249798.002930
249827.879089
249857.794861
249887.690735
249917.622009
249947.484619
249977.362366
250007.249695
250037.142456
250067.049805
250096.911438
250126.864502
250156.759827
250186.743958
250216.638916
250246.606506
250276.517090
250306.464172
250336.390930
250366.277222
250396.205688
250426.106812
250456.035706
250485.871826
250515.789795
250545.618591
250575.451660
250605.379883
250635.198914
250665.071716
250694.935791
250724.852722
250754.727783
250784.637634
250814.484497
250844.378845
250874.230896
250904.142456
250933.955078
250963.847595
250993.670837
251023.495911
251053.415894
251083.264954
251113.128418
251142.949646
251172.874756
251202.702881
251232.594299
251262.436829
251292.333801
251322.201416
251352.098145
251381.911987
251411.834290
251441.644287
251471.490112
251501.346069
251531.156372
251561.004517
251590.836121
251620.745117
251650.613159
251680.465027
251710.285583
251740.189392
251770.026367
251799.886353
251829.754639
251859.560364
251889.439575
251919.299011
251949.187866
251979.097412
252008.983826
252038.842957
252068.707214
252098.592468
252128.462708
252158.402649
252188.280579
252218.183044
252248.055054
252277.968689
252307.782104
252337.768372
252367.592529
252397.488464
252427.379517
252457.206360
252487.138733
252516.991577
252546.878235
252576.661926
252606.535950
252636.435486
252666.314270
252696.139832
252725.965454
252755.873779
252785.738708
252815.577881
252845.360718
252875.228882
252905.034058
252934.862061
252964.621216
252994.376404
253024.208130
253054.052979
253083.945190
253113.722351
253143.593994
253173.372314
253203.250916
253233.023315
253262.781067
253292.612549
253322.453552
253352.327393
253382.108643
253411.985779
253441.732788
253471.593323
253501.403687
253531.238770
253561.041321
253590.921814
253620.755005
253650.616943
253680.462402
253710.282593
253740.151062
253769.965820
253799.824768
253829.680298
253859.502502
253889.301758
253919.193909
253948.965027
253978.805237
254008.578064
254038.405457
254068.195129
254098.035156
254127.818848
254157.678345
254187.520752
254217.338135
254247.172546
254277.001282
254306.824951
254336.641052
254366.460205
254396.243103
254426.080994
254455.864441
254485.702454
254515.491638
254545.257812
254575.061462
254604.951904
254634.895874
254664.748901
254694.574951
254724.349365
254754.183472
254783.970703
254813.774536
254843.514648
254873.305664
254903.073181
254932.851196
254962.683838
254992.465027
255022.294006
255052.112915
255081.995117
255111.915833
255141.963135
255171.966614
255202.061218
255232.078430
255262.049377
255292.102722
255322.078796
255352.121094
255382.088684
255412.095886
255442.054199
255472.024597
255502.061340
255532.031250
255562.049011
255591.977356
255621.984375
255651.913940
255681.918213
255711.878113
255741.878784
255771.809875
255801.826294
255831.780823
255861.784424
255891.727722
255921.766113
255951.712891
255981.715088
256011.665771
256041.667297
256071.655823
256101.696472
256131.666992
256161.845276
256191.817749
256221.972595
256251.946960
256282.008728
256312.004456
256342.009338
256372.078735
256402.094421
256432.193542
256462.177246
256492.257568
256522.244934
256552.289978
256582.265442
256612.330017
256642.319519
256672.385986
256702.354492
256732.412659
256762.425598
256792.429749
256822.499084
256852.475464
256882.533997
256912.550842
256942.602112
256972.584290
257002.631897
257032.642151
257062.746399
257092.752563
257122.758606
257152.850403
257182.845581
257212.932800
257242.952393
257273.020203
257302.998169
257333.073547
257363.121948
257393.234314
257423.223206
257453.215881
257483.274048
257513.262146
257543.309387
257573.284119
257603.332031
257633.318481
257663.386597
257693.381409
257723.455322
257753.452087
257783.519836
257813.506409
257843.562256
257873.582947
257903.623596
257933.612610
257963.659180
257993.628906
258023.641724
258053.705322
258083.880432
258113.944580
258143.944641
258173.998352
258203.970764
258234.021118
258264.028503
258294.079224
258324.053162
258354.102234
258384.110413
258414.172546
258444.173584
258474.256348
258504.277832
258534.315552
258564.339417
258594.406860
258624.395508
258654.446594
258684.526123
258714.549988
258744.654602
258774.613098
258804.715698
258834.725891
258864.788940
258894.776001
258924.824890
258954.854675
258984.895142
259014.875305
259044.875793
259074.944946
259104.938538
259134.984985
259164.994812
259195.053589
259225.065002
259255.092773
259285.245850
259315.310242
259345.284424
259375.364929
259405.347412
259435.385376
259465.387329
259495.347778
259525.416748
259555.419373
259585.463501
259615.441711
259645.493774
259675.503357
259705.536316
259735.517700
259765.573792
259795.543762
259825.589905
259855.552063
259885.536560
259915.579773
259945.647278
259975.636658
260005.598755
260035.660339
260065.652649
260095.717712
260125.688232
260155.652893
260185.598633
260215.649292
260245.621582
260275.718811
260305.702087
260335.739807
260365.757629
260395.770813
260425.818115
260455.813171
260485.854797
260515.881226
260545.935974
260575.936035
260606.008545
260635.999023
260666.062012
260696.035583
260726.087036
260756.095703
260786.126282
260816.310730
260846.431885
260876.595886
260906.714661
260936.860474
260966.983948
260997.157654
261027.262146
261057.361328
261087.533875
261117.672668
261147.844482
261177.931824
261208.099609
261238.212524
261268.383789
261298.494568
261328.667236
261358.773499
261388.937012
261419.033997
261449.184875
261479.320251
261509.410400
261539.601196
261569.768738
261599.898865
261630.044739
261660.204773
261690.307312
261720.468201
261750.561462
261780.708618
261810.797668
261840.912292
261871.057800
261901.136597
261931.270386
261961.366577
261991.518616
262021.580444
262051.731750
262081.817139
262111.914673
262142.057922
28.150574
58.308289
88.403564
118.547424
148.634155
178.768860
208.847656
238.960022
269.092224
299.204041
329.337830
359.414978
389.571411
419.679077
449.820862
479.895630
509.977722
540.135620
570.251831
600.379700
630.486023
660.627808
690.748230
720.873108
750.957397
781.142029
811.236084
841.407593
871.484802
901.571777
931.708374
961.809998
992.005737
1022.118286
1052.269165
1082.375793
1112.531738
1142.636108
1172.729431
1202.867737
1232.958557
1263.122192
1293.278503
1323.353821
1353.443665
1383.653687
1413.831116
1443.985962
1474.106384
1504.296387
1534.372986
1564.470703
1594.632385
1624.716370
1654.897095
1684.975586
1715.160217
1745.369141
1775.617676
1805.735413
1835.860229
1866.015381
1896.129761
1926.297668
1956.466064
1986.696228
2016.868774
2047.099731
2077.252136
2107.489380
2137.654785
2167.826172
2198.057983
2228.267029
2258.499329
2288.689209
2318.946350
2349.115479
2379.335693
2409.491943
2439.723572
2469.899597
2500.071411
2530.287292
2560.459778
2590.689880
2620.859192
2651.065002
2681.198853
2711.423828
2741.589905
2771.812622
2801.975464
2832.144958
2862.378418
2892.535767
2922.797791
2952.962646
2983.175110
3013.327637
3043.557312
3073.710388
3103.935852
3134.090332
3164.328491
3194.500916
3224.718811
3254.872620
3285.111023
3315.364990
3345.538574
3375.755066
3405.928955
3436.169250
3466.334351
3496.556824
3526.722534
3556.958191
3587.145081
3617.374878
3647.552673
3678.157532
3708.336975
3738.538208
3768.810608
3798.988464
3829.234680
3859.415039
3889.687134
3919.893005
3950.164001
3980.344604
4010.605103
4040.817017
4071.066833
4101.240845
4131.547363
4161.835632
4192.044861
4222.309570
4252.514771
4282.762878
4312.985901
4343.278198
4373.472717
4403.704773
4433.957581
4464.141846
4494.397644
4524.578003
4554.830078
4585.010132
4615.280884
4645.496704
4675.752258
4705.942810
4736.105408
4766.367676
4796.565308
4826.812622
4857.008972
4887.407776
4917.581116
4947.599609
4977.916626
5007.828979
5037.704712
5067.595642
5097.449097
5127.269592
5157.186035
5186.959412
5216.800720
5246.740540
5276.540955
5306.438171
5336.297791
5366.192200
5396.012268
5425.896179
5455.736755
5485.589722
5515.405823
5545.181763
5575.026062
5604.802490
5634.675232
5664.484985
5694.341980
5724.162231
5753.991333
5783.875061
5813.712708
5843.616211
5873.458740
5903.334106
5933.106323
5962.980591
5992.788696
6022.634949
6052.446533
6082.275024
6112.198608
6141.989624
6171.858459
6201.651123
6231.577332
6261.403320
6291.270325
6321.099426
6350.922607
6380.684082
6410.534058
6440.301453
6470.107117
6499.866150
6529.640686
6559.460449
6589.238403
6619.058533
6648.834961
6678.638550
6708.433472
6738.218994
6767.928711
6797.802002
6827.535583
6857.336731
6887.064819
6916.796997
6946.544067
6976.308350
7006.116394
7035.847595
7065.651611
7095.348450
7125.211792
7154.974670
7184.780273
7214.451660
7244.289062
7274.055847
7303.823242
7333.550476
7363.291809
7393.112122
7422.922241
7452.705933
7482.399353
7512.211487
7542.007629
7571.779480
7601.508606
7631.324402
7661.105286
7690.970459
7720.738892
7750.548584
7780.328918
7810.042236
7839.915039
7869.698914
7899.525635
7929.300537
7959.166931
7988.932983
8018.791382
8048.560120
8078.432739
8108.232788
8138.041809
8167.921387
8197.769531
8227.661072
8257.487000
8287.372009
8317.188416
8347.039673
8376.858765
8406.743286
8436.528748
8466.410950
8496.217163
8526.041748
8555.923706
8585.705261
8615.572754
8645.375366
8675.277771
8705.110657
8734.995422
8764.802124
8794.678528
8824.497070
8854.305298
8884.190186
8914.016418
8943.896973
8973.742126
9003.562073
9033.334717
9063.186829
9092.940979
9122.769348
9152.638550
9182.416565
9212.262390
9242.028503
9271.899231
9301.669006
9331.451782
9361.275024
9391.088745
9420.952637
9450.694946
9480.503052
9510.300842
9540.193420
9569.960327
9599.815063
9629.605164
9659.394348
9689.231079
9718.948242
9748.818542
9778.722473
9808.653198
9838.550964
9868.468567
9898.370544
9928.356079
9958.275940
9988.294434
10018.214905
10048.122131
10078.095520
10108.041870
10138.064941
10168.002747
10197.966492
10227.865356
10257.831726
10287.783875
10317.742737
10347.629456
10377.530151
10407.498474
10437.386230
10467.319824
10497.218079
10527.199219
10557.118469
10587.070862
10616.991333
10646.859009
10676.825012
10706.804565
10736.664673
10766.517029
10796.464539
10826.361145
10856.331360
10886.224487
10916.161194
10946.043274
10975.995361
11005.878906
11035.801270
11065.674255
11095.550964
11125.511536
11155.409790
11185.340393
11215.230957
11245.185242
11275.096375
11305.059387
11334.966064
11364.923706
11394.821106
11424.811890
11454.702637
11484.678345
11514.588623
11544.505432
11574.497742
11604.392029
11634.298584
11664.171570
11694.147156
11724.067688
11754.015137
11783.867615
11813.814026
11843.700867
11873.642334
11903.557007
11933.466125
11963.439270
11993.390991
12023.353577
12053.288940
12083.250977
12113.146729
12143.163208
12173.044800
12202.977539
12232.840576
12262.721680
12292.725342
12322.682068
12352.582947
12382.501465
12412.442078
12442.332947
12472.305664
12502.210083
12532.231384
12562.122437
12592.097839
12621.977112
12651.897644
12681.740051
12711.670471
12741.516296
12771.388123
12801.316040
12831.167053
12861.106689
12890.967651
12920.879150
12950.714783
12980.630310
13010.511292
13040.408142
13070.249268
13100.124207
13130.029785
13159.907959
13189.764221
13219.601379
13249.529968
13279.399475
13309.296326
13339.163208
13369.156067
13399.121216
13429.310730
13459.187622
13489.033997
13518.971130
13548.804077
13578.731506
13608.566833
13638.500793
13668.303528
13698.199463
13728.076355
13757.984802
13787.801270
13817.700317
13847.525208
13877.419373
13907.223450
13937.069092
13966.866272
13996.689636
14026.544739
14056.327881
14086.177490
14115.982300
14145.878479
14175.685913
14205.539734
14235.335571
14265.156189
14295.086365
14324.878906
14354.736450
14384.574524
14414.498901
14444.381104
14474.287231
14504.106628
14534.026978
14563.883789
14593.804321
14623.660156
14653.489380
14683.401489
14713.243225
14743.121521
14772.904175
14802.763733
14832.595825
14862.457214
14892.260498
14922.158447
14951.941040
14981.788757
15011.667908
15041.513428
15071.341675
15101.160522
15131.032410
15160.895508
15190.815247
15220.630005
15250.496826
15280.497925
15310.446045
15340.218079
15370.126526
15399.948547
15429.839111
15459.660583
15489.490173
15519.290894
15549.115112
15578.932983
15608.778625
15638.576477
15668.386841
15698.196167
15728.057739
15757.924866
15787.786194
15817.627197
15847.398926
15877.313049
15907.132812
15937.038269
15966.894836
15996.804810
16026.669495
16056.560303
16086.388916
16116.285278
16146.154846
16176.030701
16205.837708
16235.736572
16265.566040
16295.392883
16325.258911
16355.256287
16385.320557
16415.312683
16445.413940
16475.454773
16505.540955
16535.566101
16565.658203
16595.721680
16625.810486
16655.824951
16685.851379
16715.922302
16745.965149
16776.041504
16806.058167
16836.123047
16866.146667
16896.153320
16926.153503
16956.202209
16986.181396
17016.221863
17046.205566
17076.201233
17106.230591
17136.228821
17166.333923
17196.359619
17226.361511
17256.338440
17286.370850
17316.388977
17346.420349
17376.391235
17406.433899
17436.398132
17466.439087
17496.402161
17526.444580
17556.479370
17586.534729
17616.463379
17646.497131
17676.530151
17706.525696
17736.585083
17766.501160
17796.540466
17826.491089
17856.527832
17886.513428
17916.528687
17946.487366
17976.507568
18006.499390
18036.566467
18066.500916
18096.485474
18126.495300
18156.448059
18186.486938
18216.463074
18246.468994
18276.432922
18306.471252
18336.443970
18366.469788
18396.421448
18426.393616
18456.417236
18486.357788
18516.362061
18546.288147
18576.320068
18606.270386
18636.289001
18666.257751
18696.283020
18726.245239
18756.257996
18786.277344
18816.256836
18846.268188
18876.204773
18906.224243
18936.151611
18966.177734
18996.125732
19026.134521
19056.102051
19086.102600
19116.044006
19145.989929
19176.010132
19205.962769
19235.986877
19265.926514
19295.910339
19325.889221
19355.898315
19385.851501
19415.850891
19445.784912
19475.772339
19505.736755
19535.703918
19565.729431
19595.662231
19625.658936
19655.605774
19685.651550
19715.640930
19745.657715
19775.634521
19805.622620
19835.629333
19865.611938
19895.657776
19925.626892
19955.615723
19985.630249
20015.678284
20045.677307
20075.633728
20105.669495
20135.711792
20165.694580
20195.703125
20225.814453
20255.782227
20285.832153
20315.801819
20345.780457
20375.818237
20405.789856
20435.821411
20465.783203
20495.811646
20525.744263
20555.728394
20585.670471
20615.685120
20645.601501
20675.602112
20705.545898
20735.535034
20765.505127
20795.474731
20825.463379
20855.385315
20885.409424
20915.406494
20945.437439
20975.404724
21005.337830
21035.349182
21065.333679
21095.336670
21125.302734
21155.342041
21185.348511
21215.381042
21245.377991
21275.394714
21305.377380
21335.373230
21365.387634
21395.432190
21425.436096
21455.404480
21485.476501
21515.468628
21545.529541
21575.518860
21605.557007
21635.543213
21665.589783
21695.567078
21725.537415
21755.576050
21785.614868
21815.658447
21845.629578
21875.709778
21905.698608
21935.727356
21965.710388
21995.679382
22025.821472
22055.997742
22086.083984
22116.260010
22146.579651
22176.707947
22206.917786
22237.019226
22267.206787
22297.314392
22327.470947
22357.599426
22387.799500
22417.906921
22448.088623
22478.187866
22508.390686
22538.482056
22568.664246
22598.808411
22628.939880
22659.108398
22689.250244
22719.434814
22749.549194
22779.747803
22809.867737
22840.066650
22870.189331
22900.378601
22930.501221
22960.619690
22990.795227
23020.899902
23051.085876
23081.229492
23111.405029
23141.506592
23171.667236
23201.772949
23231.962158
23262.063110
23292.232849
23322.319580
23352.501648
23382.603088
23412.778992
23442.897766
23472.994385
23503.180237
23533.301392
23563.478882
23593.565125
23623.733459
23653.852966
23684.015137
23714.124817
23744.288452
23774.378296
23804.576782
23834.691406
23864.837036
23894.949585
23925.039795
23955.220337
23985.323425
24015.494690
24045.606567
24075.765076
24105.876343
24136.043518
24166.146301
24196.313660
24226.421143
24256.579407
24286.705872
24316.827820
24346.988464
24377.089111
24407.248291
24437.348206
24467.515869
24497.624817
24527.824707
24557.936890
24588.033081
24618.197998
24648.304443
24678.500366
24708.593628
24738.749268
24768.856812
24799.034607
24829.138245
24859.297424
24889.383972
24919.557251
24949.664795
24979.833984
25009.970581
25040.120911
25070.243469
25100.436096
25130.558777
25160.717407
25190.855835
25220.987000
25251.200989
25281.305969
25311.513672
25341.665771
25371.872986
25402.041626
25432.245789
25462.405212
25492.635925
25522.806396
25553.030457
25583.198547
25613.409058
25643.574158
25673.729126
25703.948853
25734.189941
25764.359009
25794.496948
25824.728577
25854.896179
25885.104919
25915.259033
25945.484741
25975.662598
26005.889771
26036.055298
26066.243591
26096.406616
26126.630798
26156.798462
26187.019958
26217.191101
26247.352661
26277.574768
26307.729004
26337.951904
26368.109192
26398.346558
26428.493408
26458.718445
26488.886108
26519.120728
26549.297607
26579.544922
26609.721863
26639.919861
26670.090698
26700.334595
26730.485535
26760.666504
26790.884521
26821.034363
26851.271545
26881.426270
26911.653137
26941.853516
26972.088013
27002.287781
27032.522461
27062.701233
27092.927063
27123.138123
27153.383850
27183.589050
27213.797913
27244.040588
27274.260071
27304.498901
27334.688171
27364.922974
27395.111877
27425.380005
27455.544006
27485.787354
27515.990234
27546.161560
27576.413940
27606.612366
27636.831116
27667.043884
27697.270508
27727.464600
27757.699097
27787.875610
27818.110962
27848.314270
27878.512573
27908.771362
27938.976929
27969.216064
27999.391235
28029.630432
28059.826721
28090.017029
28120.281616
28150.524475
28180.777222
28210.968811
28241.229614
28271.533386
28301.602234
28331.537720
28361.776917
28391.607727
28421.456665
28451.344971
28481.173340
28511.042480
28540.830627
28570.708374
28600.477051
28630.259766
28660.127991
28689.946533
28719.809631
28749.607788
28779.460938
28809.248413
28839.067444
28868.859070
28898.631897
28928.476440
28958.284668
28988.105347
29017.914307
29047.797363
29077.631897
29107.432251
29137.269043
29167.086914
29196.924683
29226.718201
29256.598694
29286.436951
29316.327820
29346.154053
29375.999390
29405.843689
29435.671448
29465.555298
29495.385071
29525.217102
29554.990051
29584.814087
29614.680908
29644.455994
29674.254028
29704.094360
29733.914978
29763.670959
29793.497437
29823.226562
29853.011353
29882.738770
29912.505737
29942.196716
29971.920532
30001.709412
30031.408997
30061.247498
30090.984863
30120.759216
30150.529846
30180.304443
30210.012573
30239.791016
30269.583313
30299.332458
30329.087830
30358.799805
30388.580627
30418.293518
30448.077148
30477.809692
30507.556580
30537.343811
30567.068542
30596.816833
30626.544495
30656.341248
30686.081543
30715.924927
30745.653320
30775.413269
30805.198669
30834.936218
30864.781067
30894.488220
30924.300781
30954.039124
30983.815674
31013.607117
31043.384460
31073.130920
31102.847534
31132.645020
31162.503052
31192.276184
31222.036438
31251.901123
31281.714722
31311.524658
31341.326843
31371.124084
31400.857361
31430.719604
31460.496216
31490.303101
31520.058533
31549.818787
31579.680908
31609.473816
31639.275024
31669.051208
31698.857971
31728.708313
31758.538269
31788.302979
31818.147400
31847.946594
31877.842163
31907.625061
31937.383240
31967.225830
31997.040527
32026.861572
32056.638062
32086.467590
32116.218567
32146.063843
32175.806946
32205.680969
32235.503052
32265.300110
32295.174072
32324.981201
32354.829041
32384.610474
32414.460388
32444.238892
32474.067749
32503.841736
32533.703674
32563.459167
32593.280457
32623.127930
32652.866516
32682.830322
32712.700378
32742.595886
32772.420898
32802.279236
32832.087341
32861.903503
32891.756226
32921.557190
32951.419006
32981.232056
33011.112854
33040.885803
33070.813660
33100.623169
33130.586121
33160.561584
33190.488464
33220.453857
33250.428528
33280.361389
33310.305725
33340.285889
33370.208923
33400.217712
33430.117737
33460.069702
33489.952209
33519.920105
33549.814697
33579.792908
33609.723633
33639.651611
33669.607727
33699.577148
33729.499390
33759.431091
33789.341309
33819.224854
33849.163940
33879.083496
33908.990723
33938.890503
33968.865356
33998.736572
34028.701111
34058.572937
34088.526550
34118.416199
34148.369812
34178.242798
34208.174377
34238.019531
34267.929688
34297.902344
34327.804932
34357.786377
34387.684875
34417.632874
34447.519226
34477.452637
34507.328369
34537.286804
34567.129395
34597.079651
34627.072144
34656.979431
34686.826599
34716.744507
34746.634644
34776.521729
34806.391724
34836.231018
34866.143494
34896.026306
34925.934509
34955.805298
34985.770264
35015.648499
35045.596985
35075.469238
35105.404419
35135.276123
35165.153320
35195.034790
35224.873291
35254.767883
35284.629883
35314.597229
35344.450684
35374.366699
35404.212646
35434.149048
35464.074646
35493.972839
35523.955261
35553.845337
35583.774719
35613.656555
35643.573181
35673.428223
35703.366089
35733.271240
35763.154114
35793.107178
35822.961670
35852.868591
35882.796509
35912.743469
35942.595459
35972.528442
36002.406311
36032.404175
36062.273193
36092.152283
36122.079712
36151.905823
36182.023438
36211.939514
36241.899780
36271.729919
36301.645752
36331.486206
36361.368591
36391.165405
36421.077942
36450.951050
36480.860718
36510.710999
36540.646179
36570.481262
36600.377686
36630.204529
36660.060364
36689.978210
36719.832275
36749.782776
36779.606079
36809.514526
36839.359375
36869.272522
36899.131958
36929.028564
36958.870422
36988.816162
37018.662354
37048.577454
37078.390198
37108.280701
37138.103699
37168.035767
37197.897156
37227.798401
37257.656250
37287.506592
37317.447693
37347.306519
37377.228699
37407.088684
37436.989014
37466.879517
37496.794556
37526.623352
37556.511841
37586.335938
37616.200134
37646.130371
37675.971924
37705.892761
37735.748474
37765.677246
37795.543213
37825.443787
37855.261414
37885.155640
37915.021423
37944.967773
37974.845398
38004.739990
38034.609558
38064.490234
38094.360413
38124.183044
38154.102295
38184.033508
38213.887756
38243.682251
38273.536377
38303.357483
38333.215820
38363.030701
38392.884644
38422.705811
38452.530640
38482.422729
38512.270142
38542.095276
38571.847900
38601.754395
38631.609802
38661.504333
38691.328430
38721.222046
38751.066772
38780.952698
38810.806335
38840.650085
38870.468445
38900.404480
38930.221924
38960.092163
38989.907104
39019.787720
39049.649109
39079.470032
39109.376709
39139.214355
39169.097351
39198.940918
39228.807983
39258.597473
39288.462463
39318.256775
39348.114319
39377.930908
39407.793884
39437.497681
39467.369568
39497.237488
39527.035461
39556.891785
39586.716003
39616.634888
39646.471130
39676.355164
39706.224426
39736.274658
39766.269470
39796.301147
39826.262207
39856.262268
39886.298401
39916.312683
39946.318604
39976.301147
40006.361389
40036.335266
40066.394226
40096.384583
40126.413269
40156.391296
40186.402771
40216.450806
40246.455444
40276.493652
40306.485229
40336.573730
40366.565063
40396.658264
40426.663147
40456.716370
40486.715088
40516.759094
40546.735474
40576.755432
40606.787964
40636.796387
40666.825317
40696.778931
40726.809326
40756.794678
40786.825562
40816.779236
40846.810974
40876.782715
40906.766235
40936.827637
40966.784607
40996.794189
41026.748413
41056.831482
41086.794189
41116.838379
41146.793762
41176.813049
41206.793274
41236.783813
41266.750916
41296.722229
41326.736694
41356.733643
41386.791321
41416.754028
41446.794495
41476.728882
41506.767700
41536.712830
41566.749451
41596.716675
41626.740540
41656.694885
41686.660522
41716.667847
41746.621460
41776.657898
41806.600647
41836.592712
41866.571655
41896.589661
41926.585022
41956.634399
41986.609558
42016.600342
42046.629333
42076.608154
42106.595642
42136.556885
42166.581055
42196.565857
42226.594421
42256.586914
42286.558716
42316.543701
42346.521545
42376.504395
42406.434082
42436.449097
42466.410583
42496.443970
42526.398743
42556.397888
42586.362854
42616.286560
42646.283142
42676.198425
42706.178406
42736.109314
42766.057983
42796.025208
42825.962463
42855.963867
42885.917053
42915.922424
42945.890869
42975.921265
43005.830444
43035.829285
43065.791809
43095.810669
43125.744934
43155.747559
43185.674255
43215.650330
43245.650146
43275.607910
43305.569153
43335.458557
43365.464050
43395.434937
43425.424866
43455.333923
43485.319153
43515.255432
43545.282043
43575.265381
43605.216248
43635.179810
43665.134277
43695.128723
43725.060974
43754.988220
43785.033569
43814.973511
43844.963379
43874.926819
43904.942871
43934.925293
43964.923706
43994.855042
44024.771912
44054.719971
44084.628418
44114.612244
44144.513000
44174.448730
44204.355408
44234.352722
44264.269897
44294.252197
44324.171143
44354.133057
44384.053223
44414.041626
44443.936401
44473.833679
44503.844360
44533.771301
44563.745972
44593.656128
44623.607666
44653.533142
44683.456360
44713.368774
44743.232483
44773.184204
44803.044434
44832.962280
44862.883545
44892.861816
44922.761597
44952.710999
44982.591309
45012.518066
45042.390930
45072.317566
45102.222473
45132.217651
45162.124634
45192.056030
45222.000671
45251.899902
45281.902344
45311.789673
45341.735291
45371.700684
45401.817566
45431.865662
45461.978333
45492.018921
45522.092285
45552.212830
45582.286194
45612.423889
45642.485474
45672.617615
45702.650879
45732.752380
45762.781555
45792.895935
45822.937378
45853.051086
45883.089905
45913.140686
45943.251892
45973.284729
46003.390015
46033.427551
46063.525879
46093.599548
46123.726196
46153.759216
46183.839478
46213.860229
46243.984436
46274.021606
46304.112488
46334.164307
46364.244263
46394.294800
46424.410645
46454.453674
46484.521118
46514.605286
46544.680908
46574.812988
46604.884827
46635.003601
46665.077881
46695.238525
46725.300293
46755.440125
46785.491699
46815.649292
46845.722229
46875.829651
46905.868530
46936.003357
46966.079041
46996.144531
47026.291748
47056.364563
47086.488647
47116.560486
47146.700378
47176.747498
47206.860229
47236.899048
47267.015869
47297.100830
47327.236328
47357.281433
47387.393188
47417.451355