Weights for each field: 
l1_icache: -1.157788e-05
cycles: -9.747112e-11
ipc: 2.931738e-01
l2: 3.930420e-07
tlb_data: -1.997700e-07
l1_dcache: -1.133349e-07
tlb_ins: 1.872159e-04

----------------------------------------------------------------------------------------
File		Answer	Output	Error	Error%	L1_I%	Cycles%	IPC%	L2%	TLB_Data%	L1_D%	TLB_Ins%
----------------------------------------------------------------------------------------
ins_msr		0.09	0.09	-0.00	0.00	-116.07	-0.38	206.96	12.27	-0.39	-2.38	0.00
l1_msr		140.68	116.05	-24.63	17.51	-1.29	-0.73	0.13	139.56	-0.02	-40.13	2.48
pr_spmv		80.27	89.85	9.59	11.94	-15.26	-5.10	0.20	175.61	-37.82	-64.62	46.99
bfs		    70.72	58.24	-12.48	17.64	-22.28	-6.91	0.33	117.22	-28.40	-44.31	84.35
cc		    67.97	61.47	-6.51	9.57	-19.64	-6.51	0.31	113.85	-26.84	-41.62	80.46
sssp		84.16	96.40	12.24	14.55	-35.64	-4.96	0.19	98.33	-19.87	-35.75	97.70
pr		    84.43	103.15	18.72	22.18	-13.82	-4.60	0.17	185.17	-39.63	-68.06	40.78
err_sssp	2.00	2.21	0.21	10.58	-5683.3 -9.92	12.18	485.69	-12.19	-152.05	5459.59
tc		    184.98	237.44	52.47	28.36	-17.36	-4.48	0.10	121.16	-9.85	-31.01	41.44
tlb_msr		28.13	24.89	-3.23	11.50	-2.68	-0.70	0.12	51.09	-16.48	-14.77	83.42
err_bfs		0.82	0.74	-0.08	9.92	-17796.91	-24.43	33.59	1400.52	-39.43	-404.42	16931.07
cc_sv		71.80	61.89	-9.92	13.81	-19.65	-6.79	0.30	164.93	-38.36	-61.85	61.43
l2_msr		249.60	202.73	-46.87	18.78	-1.54	-0.73	0.07	136.88	-0.02	-36.78	2.13
bc		    75.29	50.61	-24.68	32.78	-25.32	-8.46	0.36	187.86	-44.59	-67.86	58.00
Mean error: 15.831
