1009.552917
1036.753784
1072.346924
1107.539429
1141.121704
1173.860840
1209.159302
1245.209839
1281.231384
1317.303223
1353.527893
1389.762634
1425.974121
1462.273010
1498.472717
1534.778748
1571.059753
1607.234924
1643.540344
1679.802063
1716.128662
1752.372620
1788.633423
1824.962646
1861.169556
1897.445251
1933.725464
1969.981689
2006.314697
2042.582031
2078.886169
2115.156860
2151.353210
2187.222900
2222.960022
2258.727661
2294.518372
2330.288025
2366.117676
2401.824707
2437.684387
2473.366394
2509.181152
2544.930176
2580.681641
2616.442993
2652.229919
2688.045227
2723.786377
2759.628113
2795.349243
2831.053833
2866.834656
2902.588135
2938.426147
2974.164673
3009.948059
3045.619995
3081.334045
3117.135864
3152.833313
3188.643005
3224.388611
3260.167175
3295.886658
3331.753723
3367.564392
3403.299438
3439.133118
3474.824097
3510.633301
3546.383545
3582.158264
3617.880188
3653.624207
3689.398743
3725.069397
3760.842896
3796.642578
3832.397095
3868.204895
3903.937195
3939.764465
3975.424622
4011.256592
4046.957336
4082.737732
4118.524536
4154.285583
4190.046265
4225.800964
4261.477844
4297.305420
4333.022522
4368.858093
4404.595703
4440.395813
4476.122253
4511.842102
4547.645447
4583.387817
4619.233093
4654.990112
4690.818359
4726.573425
4762.354004
4798.121887
4833.833923
4869.662720
4905.398499
4941.166931
4976.939514
5012.687805
5048.519592
5084.264038
5120.074158
5155.826477
5191.625549
5227.399353
5263.173096
5298.985413
5334.803284
5370.648010
5406.454285
5442.249817
5477.971497
5513.831726
5549.571777
5585.351929
5621.217041
5656.979675
5692.821899
5728.624084
5764.363525
5800.178040
5836.003235
5871.834045
5907.567810
5943.434204
5979.149170
6014.943115
6050.808838
6086.622131
6122.464966
6158.311523
6194.095825
6229.843018
6265.617432
6301.524475
6337.269531
6373.163940
6408.967896
6444.824158
6480.642334
6516.488831
6552.337158
6588.134338
6624.036926
6659.836182
6695.690186
6731.555054
6767.364502
6803.184814
6839.012451
6874.820984
6910.604248
6946.511475
6982.356445
7018.110168
7053.997375
7089.801941
7125.688843
7161.492554
7197.334961
7233.131042
7268.993103
7304.876343
7340.659912
7376.554688
7412.336914
7448.132263
7484.021851
7519.791077
7555.695496
7591.574280
7627.443726
7663.233704
7699.059448
7734.895508
7770.681763
7806.585876
7842.398987
7878.310059
7914.123596
7949.917725
7985.760376
8021.593506
8057.519043
8093.330444
8129.106628
8165.005615
8200.793396
8236.587463
8272.459534
8308.229614
8344.069702
8379.861389
8415.675415
8451.555603
8487.368042
8523.270264
8559.072754
8594.955261
8630.810791
8666.645935
8702.567566
8738.425476
8774.410278
8810.343933
8846.162231
8882.088257
8917.928223
8953.755310
8989.650330
9025.524048
9061.457458
9097.287109
9133.142822
9169.040283
9204.869629
9240.819946
9276.647095
9312.546265
9348.406738
9384.241821
9420.096558
9455.929504
9491.799683
9527.635498
9563.607666
9599.432434
9635.244141
9671.163940
9706.986145
9742.885071
9778.695740
9814.588989
9850.437500
9886.374939
9922.224121
9958.065918
9993.964966
10029.827698
10065.686523
10101.488525
10137.416687
10173.323120
10209.176758
10245.084106
10280.866882
10316.742920
10352.653992
10388.539673
10424.464844
10460.307983
10496.206116
10531.999695
10567.906982
10603.715027
10639.544128
10675.450867
10711.333313
10747.257996
10783.113220
10818.993835
10854.760925
10890.640747
10926.501404
10962.354431
10998.270996
11034.090454
11070.008606
11105.881348
11141.801392
11177.701172
11213.499573
11249.293945
11285.171265
11321.011169
11357.471985
11393.861389
11430.370667
11466.824707
11503.341858
11539.818665
11576.368652
11612.824036
11649.319214
11685.760803
11722.183716
11758.695801
11795.127625
11831.617065
11868.021912
11904.469604
11940.972961
11977.418396
12013.947571
12050.385376
12086.843567
12123.312866
12159.718689
12196.204163
12232.645935
12269.100647
12305.498352
12342.002502
12378.414185
12414.813660
12451.298279
12487.708374
12524.219055
12560.659424
12597.162598
12633.593506
12670.125183
12706.552979
12743.068726
12779.539917
12815.972595
12852.473267
12888.908569
12925.408691
12961.839478
12998.0
