93596.774719
93631.352539
93667.163086
93701.667419
93734.062439
93769.112244
93804.734070
93840.181458
93875.656860
93911.013672
93946.424683
93981.755981
94017.178467
94052.532715
94087.902161
94123.314270
94158.621338
94194.001770
94229.322632
94264.716736
94300.003784
94335.278442
94370.670654
94405.968323
94441.304749
94476.635620
94512.049011
94547.398193
94582.696472
94618.107056
94653.430054
94688.860962
94724.228271
94759.609009
94794.958923
94830.359497
94865.718750
94901.193542
94936.585327
94972.052917
95007.506165
95042.971680
95078.516174
95114.038818
95149.668945
95185.277527
95221.045898
95256.872375
95293.008179
95328.906860
95365.230652
95401.802124
95438.479919
95474.941833
95512.003235
95548.746277
95584.421509
95620.024963
95655.653992
95691.345215
95727.112305
95763.039612
95799.076050
95835.229126
95871.237366
95907.102783
95943.058899
95978.879761
96014.756775
96050.597656
96086.549683
96122.488953
96158.498108
96194.588806
96231.254333
96267.609924
96303.338867
96338.741333
96374.110535
96409.558228
96444.953247
96480.375061
96515.781189
96551.196167
96586.657166
96622.112915
96657.532410
96693.014343
96728.506958
96764.002991
96799.565613
96835.083008
96870.662903
96906.141602
96941.699097
96977.243042
97012.837402
97048.366089
97083.913818
97119.440308
97155.026917
97190.682129
97226.306030
97262.041931
97297.747192
97333.726624
97370.144592
97406.099304
97442.309631
97478.676392
97514.986633
97551.422974
97587.972351
97624.810303
97660.866821
97696.623047
97731.872131
97767.300415
97802.653503
97838.003845
97873.437317
97908.697327
97944.137939
97979.487061
98014.858704
98050.310242
98085.759583
98121.256042
98156.681580
98192.129578
98227.544922
98263.075195
98298.539001
98333.979370
98369.442078
98404.971069
98440.527344
98476.067383
98511.694580
98547.258240
98582.923950
98618.520752
98654.202820
98689.780273
98725.477661
98761.148132
98796.899414
98832.581970
98868.442017
98904.411621
98940.618835
98976.843567
99013.317383
99049.215149
99085.671082
99121.879333
99157.989563
99194.245789
99230.631104
99267.394043
99304.241394
99340.343872
99376.345459
99411.615906
99446.937683
99482.109131
99517.350952
99552.686462
99588.032654
99623.495972
99658.895935
99694.429260
99729.887512
99765.417908
99800.930359
99836.449341
99872.085510
99907.627808
99943.276306
99978.893921
100014.576782
100050.226440
100085.904846
100121.703796
100157.522888
100193.878845
100229.879578
100266.041870
100302.228943
100338.546509
100374.993958
100411.520996
100448.375610
100485.311951
100521.628174
100557.466797
100592.929688
100628.260071
100663.678894
100699.145752
100734.474854
100769.983459
100805.386597
100840.949646
100876.448730
100912.001343
100947.583618
100983.099609
101018.789795
101054.397705
101090.123352
101125.755859
101161.479126
101197.121948
101232.829651
101268.642456
101304.468079
101340.489929
101376.568420
101412.544189
101448.917297
101485.020935
101521.208008
101557.364807
101593.848633
101630.632935
101667.666504
101703.716614
101739.624939
101774.783203
101810.192322
101845.652771
101881.058777
101916.640320
101952.122192
101987.667542
102023.187134
102058.718506
102094.411499
102130.056458
102165.773010
102201.381042
102237.077332
102272.745239
102308.553894
102344.348083
102380.259460
102416.309143
102452.573059
102488.831787
102525.135498
102561.598206
102598.164246
102634.921143
102671.969971
102708.111816
102743.996155
102779.253845
102814.596680
102849.868347
102885.165039
102920.552612
102956.003662
102991.544617
103026.987061
103062.590515
103098.053467
103133.729980
103169.313660
103204.971741
103240.636536
103276.335083
103312.192322
103347.984619
103384.000183
103420.119507
103456.238525
103492.336670
103528.520569
103564.745972
103601.286072
103638.191589
103674.877136
103710.761719
103746.699280
103781.720703
103816.855347
103852.247253
103887.705444
103923.132568
103958.702271
103994.183655
104029.734802
104065.201477
104100.814270
104136.362244
104172.002747
104207.569519
104243.262939
104278.911926
104314.679688
104350.394165
104386.167847
104422.166870
104458.378113
104494.143311
104530.678467
104566.896301
104603.189575
104639.674866
104676.382324
104713.255127
104749.295105
104785.210327
104820.581787
104855.946655
104891.184326
104926.529175
104961.963196
104997.443542
105032.983582
105068.465576
105104.102661
105139.647217
105175.229370
105210.866333
105246.497986
105282.198547
105317.877319
105353.708923
105389.475037
105425.412842
105461.301453
105497.230042
105533.468933
105569.737549
105606.020264
105642.555542
105679.278625
105716.287964
105752.377441
105788.306519
105823.487000
105858.821777
105894.177734
105929.547607
105965.055664
106000.529846
106036.021118
106071.534241
106107.127808
106142.686584
106178.290649
106213.918762
106249.572449
106285.306702
106321.039001
106356.889526
106392.800476
106429.034729
106465.079163
106501.207947
106537.397156
106573.717224
106610.277283
106647.076904
106684.019043
106720.041321
106755.945984
106791.096924
106826.543945
106861.939758
106897.413147
106932.841919
106968.347412
107003.889587
107039.407104
107075.010742
107110.577698
107146.184937
107181.788513
107217.480042
107253.232483
107289.055786
107325.024719
107361.162048
107397.249390
107433.294983
107469.616638
107505.951904
107542.569214
107579.481995
107616.037231
107651.923340
107687.356140
107722.675720
107757.903809
107793.339233
107828.824951
107864.255432
107899.714539
107935.265747
107970.776489
108006.402222
108041.968994
108077.512878
108113.149048
108148.681152
108184.400452
108220.020386
108255.859924
108291.760925
108328.000732
108363.892883
108400.136963
108436.376831
108472.745911
108509.383179
108546.293945
108583.006775
108618.987000
108654.652283
108689.736145
108725.088074
108760.534668
108796.095093
108831.510132
108867.001770
108902.406067
108938.091370
108973.618347
109009.227234
109044.943115
109080.713684
109116.733948
109152.759399
109188.514160
109225.100342
109261.262085
109297.667908
109334.135986
109370.960632
109407.785645
109443.825012
109479.737061
109514.840210
109550.208923
109585.576111
109621.013428
109656.487305
109691.922546
109727.424500
109762.936279
109798.452087
109834.052063
109869.621094
109905.299194
109940.986450
109976.719116
110012.766235
110049.096558
110085.188721
110121.567261
110157.822754
110194.236389
110230.787415
110267.711121
110304.344055
110340.347900
110376.042603
110411.262634
110446.582947
110482.035095
110517.425781
110552.887207
110588.387268
110623.771912
110659.331055
110694.901062
110730.605347
110766.309204
110802.272400
110838.495056
110874.403748
110910.804443
110947.027161
110983.515503
111020.091736
111057.093506
111093.490845
111129.450073
111164.838379
111200.158325
111235.531677
111270.868652
111306.321411
111341.731079
111377.274719
111412.818054
111448.321533
111483.949951
111519.519531
111555.262451
111590.962769
111626.945190
111663.239380
111699.398438
111735.496216
111771.968811
111808.595825
111845.371399
111881.744446
111917.712463
111953.119324
111988.478882
112023.891296
112059.268188
112094.744690
112130.272278
112165.805298
112201.334412
112236.960999
112272.594421
112308.315613
112344.346924
112380.702087
112416.776855
112452.927124
112489.283813
112525.976440
112562.817749
112599.499268
112635.594910
112671.172119
112706.556641
112742.027527
112777.481750
112813.049072
112848.642151
112884.288513
112919.883423
112955.674744
112991.735352
113027.887390
113064.367126
113100.663086
113137.212891
113174.011658
113210.766968
113246.996094
113283.021545
113318.217773
113353.729370
113389.197571
113424.784729
113460.441467
113496.000488
113531.672607
113567.332642
113603.275757
113639.298584
113675.713989
113711.924011
113748.382751
113785.313904
113822.144287
113858.403564
113894.316345
113929.567627
113964.987976
114000.462341
114035.917969
114071.390747
114107.007935
114142.612427
114178.303223
114213.929932
114249.881592
114285.675110
114322.402344
114358.775330
114395.350403
114432.354736
114468.612427
114504.665100
114539.953674
114575.529785
114611.024048
114646.590393
114682.101807
114717.648743
114753.146179
114788.686829
114824.199341
114859.792236
114895.341980
114930.982056
114966.572266
