220757.732666
220792.442261
220828.253540
220862.859009
220895.300842
220930.263428
220967.377747
221004.624817
221041.801086
221079.077271
221116.291748
221153.609375
221190.891174
221228.244812
221265.527588
221302.852051
221339.842590
221376.579224
221413.389709
221450.156738
221487.078247
221523.963257
221560.925720
221597.863464
221634.762634
221671.796936
221708.723877
221745.727966
221782.650146
221819.690613
221856.669189
221893.780212
221930.757812
221967.791565
222004.769287
222041.810974
222078.795593
222115.798462
222152.753052
222189.716553
222226.818665
222263.825073
222300.868591
222337.854492
222374.885193
222411.829102
222448.846680
222485.788208
222522.750732
222559.802429
222596.688049
222633.704224
222670.643066
222707.644165
222744.621887
222781.634094
222818.543030
222855.463989
222892.383057
222929.288330
222966.238892
223003.145508
223040.070862
223076.986328
223113.906250
223150.877441
223187.817261
223224.773621
223261.673462
223298.635559
223335.523621
223372.422363
223409.384033
223446.234436
223483.189087
223520.067078
223556.974548
223593.814758
223630.795532
223667.696716
223704.605347
223741.564331
223778.485413
223815.481812
223852.372620
223889.338379
223926.279968
223963.197693
224000.206970
224037.086975
224074.082214
224110.974670
224147.969910
224184.929626
224221.959778
224258.937378
224295.792114
224332.808960
224369.721191
224406.714172
224443.655640
224480.712524
224517.648071
224554.662109
224591.597717
224628.545349
224665.454285
224702.366211
224739.411804
224776.383606
224813.409058
224850.403687
224887.418396
224924.347229
224961.257324
224998.268738
225035.253906
225072.285461
225109.141968
225146.134155
225183.083862
225220.078003
225257.090698
225294.030762
225330.973572
225368.042664
225405.039062
225442.067627
225479.009644
225516.022522
225553.022583
225589.986084
225626.991211
225663.899597
225700.891846
225737.864868
225774.874207
225811.850647
225848.779907
225885.841431
225922.831848
225959.862488
225996.807739
226033.835449
226070.926086
226107.889893
226144.936829
226181.872681
226218.915894
226255.897278
226292.972961
226329.962280
226366.894226
226403.926941
226440.972534
226478.005310
226514.976746
226552.037354
226589.165649
226626.208740
226663.343140
226700.360168
226737.458801
226774.460266
226811.533203
226848.537170
226885.563843
226922.707031
226959.730896
226996.826294
227033.828003
227070.936707
227107.998169
227145.122986
227182.197266
227219.287537
227256.369263
227293.461914
227330.521057
227367.530212
227404.632141
227441.654907
227478.759033
227515.777710
227552.889404
227589.891724
227626.918945
227663.980774
227701.081909
227738.089233
227775.187012
227812.283020
227849.382568
227886.498596
227923.557251
227960.678833
227997.750000
228034.845215
228071.863831
228108.986084
228146.090515
228183.156860
228220.265930
228257.333679
228294.472412
228331.551025
228368.694580
228405.774048
228442.793640
228479.904846
228516.906311
228553.985046
228591.020203
228628.152405
228665.234131
228702.396851
228739.445801
228776.528320
228813.539246
228850.606934
228887.721313
228924.813538
228962.007446
228999.145020
229036.289307
229073.377808
229110.530151
229147.608887
229184.718384
229221.886841
229258.974487
229296.086670
229333.166016
229370.341797
229407.428833
229444.553406
229481.756165
229518.901489
229556.116638
229593.281555
229630.475159
229667.562866
229704.597595
229741.740295
229778.852417
229816.035339
229853.126953
229890.291565
229927.401184
229964.571472
230001.627075
230038.707397
230075.899780
230113.002014
230150.126587
230187.234863
230224.421936
230261.543945
230298.693054
230335.804993
230372.933411
230410.132446
230447.324036
230484.490112
230521.742065
230558.846741
230596.056580
230633.203918
230670.406067
230707.547180
230744.755798
230781.872986
230819.103394
230856.270081
230893.437317
230930.513550
230967.596069
231004.840881
231041.982544
231079.214600
231116.311462
231153.514465
231190.572327
231227.703491
231264.790527
231301.981567
231339.133728
231376.288025
231413.423645
231450.639771
231487.776367
231524.908508
231562.1
