176517.552368
176552.148987
176587.585815
176621.926880
176655.463623
176686.365601
176721.482361
176757.513245
176793.571838
176829.548889
176865.565002
176901.509766
176937.555420
176973.549988
177009.646118
177045.634644
177081.593628
177117.262268
177152.891113
177188.563843
177224.169067
177259.843506
177295.464478
177331.090820
177366.753052
177402.340698
177438.006958
177473.614990
177509.292908
177544.911987
177580.572327
177616.198120
177651.798584
177687.458679
177723.037231
177758.677124
177794.259338
177829.915466
177865.517822
177901.162598
177936.739807
177972.317810
178007.955994
178043.525452
178079.188782
178114.784729
178150.439026
178186.000244
178221.586121
178257.200745
178292.791565
178328.428345
178364.018311
178399.675415
178435.238586
178470.919006
178506.506104
178542.150146
178577.773132
178613.375305
178649.031738
178684.665283
178720.348938
178755.933777
178791.586670
178827.150757
178862.811951
178898.424744
178934.094177
178969.682861
179005.310303
179040.980286
179076.581055
179112.258240
179147.858887
179183.534424
179219.139526
179254.752258
179290.447937
179326.068420
179361.714661
179397.300903
179432.985291
179468.573486
179504.259766
179539.827332
179575.480042
179611.059265
179646.699951
179682.292847
179717.898010
179753.563049
179789.137390
179824.789795
179860.344788
179896.012878
179931.580688
179967.227356
180002.807007
180038.323181
180073.844910
180109.331238
180144.968506
180180.563110
180216.222412
180251.780212
180287.458740
180323.029785
180358.672607
180394.253662
180429.928772
180465.506226
180501.149658
180536.715942
180572.330750
180607.910461
180643.481812
180679.091858
180714.664612
180750.317932
180785.892212
180821.545288
180857.119446
180892.789978
180928.387817
180963.969360
180999.635071
181035.223938
181070.891113
181106.432739
181142.077332
181177.635864
181213.251099
181248.822327
181284.485779
181320.032288
181355.626221
181391.195251
181426.835754
181462.407959
181498.042236
181533.616272
181569.187927
181604.825867
181640.384338
181676.024963
181711.609558
181747.262268
181782.819885
181818.479492
181854.081360
181889.634460
181925.255127
181960.800476
181996.420776
182031.949280
182067.562561
182103.104492
182138.730469
182174.290283
182209.915405
182245.460999
182281.102234
182316.669861
182352.223328
182387.868652
182423.458069
182459.129700
182494.711731
182530.302063
182565.881287
182601.456787
182637.084656
182672.675232
182708.357239
182743.938904
182779.560852
182815.112793
182850.717102
182886.335388
182921.944824
182957.589966
182993.182922
183028.860413
183064.467407
183100.020508
183135.655396
183171.232971
183206.878540
183242.464966
183278.122986
183313.699219
183349.319275
183384.900024
183420.517151
183456.132751
183491.724670
183527.379395
183562.964966
183598.603455
183634.206787
183669.838501
183705.429016
183741.061523
183776.629761
183812.205688
183847.864441
183883.430847
183919.085205
183954.634888
183990.281799
184025.867249
184061.452942
184097.098816
184132.665588
184168.337952
184203.927307
184239.572144
184275.139893
184310.722900
184346.391296
184381.978760
184417.653015
184453.215698
184488.860107
184524.385254
184560.030457
184595.632812
184631.226013
184666.899658
184702.503113
184738.156189
184773.747864
184809.385498
184844.957886
184880.575989
184916.145203
184951.675964
184987.333313
185022.910828
185058.547363
185094.087219
185129.701233
185165.260925
185200.902283
185236.459656
185272.026001
185307.651062
185343.195312
185378.826904
185414.432556
185450.064941
185485.620605
185521.259155
185556.850769
185592.449524
185628.083313
185663.646790
185699.279358
185734.852966
185770.482910
185806.058960
185841.620361
185877.262207
185912.830933
185948.456848
185984.038330
186019.669617
186055.228027
186090.849060
186126.448669
186162.011658
186197.660645
186233.243652
186268.855225
186304.405579
186340.036621
186375.578430
186411.165527
186446.787048
186482.330688
186517.951233
186553.522095
186589.135071
186624.687195
186660.240234
186695.846008
186731.386414
186767.007935
186802.565002
186838.190735
186873.749451
186909.355225
186944.910950
186980.476013
187016.056763
187051.598511
187087.196594
187122.749939
187158.388733
187193.961426
187229.576904
187265.156433
187300.756470
187336.313110
187371.952759
187407.530823
187443.114258
187478.755127
187514.335754
187549.978210
187585.574219
187621.223877
187656.817566
187692.453857
187728.022827
187763.546753
187799.198425
187834.804871
187870.432922
187905.989319
187941.617615
187977.187134
188012.804260
188048.386658
188083.964783
188119.602295
188155.178772
188190.789795
188226.339844
188261.984436
188297.552551
188333.175110
188368.761841
188404.383728
188439.955261
188475.493713
188511.070984
188546.650696
188582.288940
188617.840881
188653.475464
188689.079407
188724.718201
188760.292542
188795.910583
188831.483643
188867.043701
188902.683350
188938.254211
188973.922974
189009.520142
189045.158020
189080.732910
189116.377808
189151.945984
189187.567932
189223.136353
189258.778442
189294.354797
189329.997559
189365.571106
189401.143433
189436.781738
189472.358582
189508.003052
189543.557190
189579.177185
189614.718445
189650.343262
189685.905701
189721.476746
189757.109436
189792.648926
189828.273438
189863.781738
189899.412720
189934.971863
189970.629456
190006.145264
190041.781067
190077.366699
190113.028748
190148.597717
190184.243958
190219.783752
190255.418152
190290.982727
190326.560303
190362.175659
190397.826660
190433.403076
190468.967590
190504.586670
190540.159302
190575.799561
190611.330505
190646.966370
190682.550537
190718.166992
190753.708801
190789.322693
190824.868164
190860.506897
190896.062073
190931.686035
190967.278137
191002.843445
191038.474182
191074.033630
191109.672852
191145.249451
191180.889832
191216.456848
191252.109131
191287.666321
191323.288025
191358.828003
191394.379272
191429.991394
191465.570984
191501.196777
191536.759705
191572.389465
191607.961243
191643.591309
191679.179810
191714.762878
191750.424622
191785.998718
191821.674927
191857.257751
191892.879700
191928.439087
191964.201111
192000.164124
192036.101990
192071.765564
192107.455994
192143.138000
192178.772156
192214.475159
192250.106628
192285.822571
192321.459167
192357.163940
192392.802612
192428.531433
192464.185791
192499.817017
192535.522156
192571.166687
192606.910339
192642.598389
192678.339844
192713.971558
192749.682007
192785.329407
192821.069946
192856.737610
192892.377563
192928.084778
192963.741272
192999.467163
193035.104248
193070.807007
193106.438293
193142.061707
193177.775330
193213.413879
193249.122559
193284.734863
193320.428406
193356.070129
193391.754822
193427.393921
193463.033386
193498.753723
193534.421326
193570.155396
193605.809082
193641.491272
193677.121155
193712.823181
193748.478027
193784.161743
193819.891968
193855.528381
193891.243042
193926.895996
193962.542358
193998.266846
194033.930298
194069.651855
194105.311523
194141.013794
194176.658081
194212.339050
194247.995544
194283.631165
194319.350830
194354.989502
194390.719238
194426.377502
194462.068665
194497.722046
194533.444580
194569.096497
194604.816345
194640.460388
194676.088440
194711.810059
194747.461060
194783.184570
194818.854248
194854.562012
194890.199158
194925.854797
194961.604309
194997.247314
195032.958618
195068.617432
195104.351624
195139.970581
195175.707764
195211.371643
195247.020325
195282.718445
195318.377014
195354.059814
195389.682434
195425.396790
195461.059326
195496.771973
195532.434326
195568.086243
195603.760193
195639.407043
195675.102539
195710.776367
195746.513672
195782.176025
195817.848206
195853.575623
195889.251343
195924.969421
195960.629761
195996.381409
196032.047058
196067.804138
196103.472656
196139.207886
196174.869324
196210.521790
196246.239197
196281.900696
196317.619507
196353.251526
196388.993408
196424.643921
196460.317566
196496.029663
196531.680237
196567.406006
196603.084045
196638.835632
196674.529297
196710.221802
196745.859741
196781.503540
196817.206299
196852.856689
196888.573242
196924.220093
196959.942688
196995.584351
197031.266296
197066.988953
197102.641541
197138.367493
197174.014709
197209.738342
197245.426880
197281.142212
197316.804810
197352.519104
197388.193481
197423.870850
197459.601990
197495.262024
197531.012085
197566.673950
197602.407166
197638.072693
197673.793640
197709.435120
197745.090271
197780.833374
197816.500427
197852.192383
197887.827271
197923.529663
197959.192993
197994.936035
198030.597900
198066.314758
198101.973572
198137.633911
198173.351135
198209.009277
198244.729980
198280.380371
198316.085693
198351.734680
198387.416748
198423.151428
198458.824158
198494.552795
198530.194458
198565.918213
198601.564575
198637.285950
198672.941895
198708.643372
198744.309021
198779.942749
198815.656067
198851.385681
198887.058594
198922.693420
198958.436890
198994.101929
199029.832153
199065.461487
199101.177002
199136.815674
199172.546936
199208.206116
199243.879700
199279.618408
199315.274170
199350.980957
199386.630981
199422.347229
199458.018616
199493.726440
199529.387329
199565.139343
199600.804321
199636.504028
199672.137512
199707.834351
199743.480469
199779.124878
199814.855286
199850.487732
199886.186523
199921.822144
199957.532227
199993.168396
200028.812927
200064.505981
200100.187805
200135.953796
200171.605957
200207.318359
200242.960632
200278.681335
200314.342468
200350.080322
200385.734192
200421.433167
200457.092163
200492.734375
200528.471313
200564.084839
200599.815308
200635.467896
200671.220764
200706.869995
200742.588928
200778.211670
200813.851013
200849.587280
200885.261780
200921.031189
200956.704102
200992.437622
201028.079041
201063.793640
201099.453064
201135.168945
201170.832275
201206.573486
201242.238403
201277.892212
201313.609314
201349.235779
201384.957153
201420.617249
201456.371765
201492.053711
201527.804321
201563.475952
201599.204285
201634.856445
201670.536987
201706.280396
201741.950745
201777.687866
201813.380798
201849.127991
201884.803101
201920.507629
201956.143372
201991.836792
202027.491516
202063.208801
202098.860291
202134.502319
202170.217346
202205.876343
202241.615967
202277.260193
202312.985962
202348.639343
202384.396301
202420.050964
202455.704773
202491.435425
202527.097351
202562.837708
202598.509277
202634.264771
202669.970215
202705.644470
202741.359131
202777.011292
202812.765442
202848.437439
202884.148560
202919.796570
202955.550171
202991.220703
203026.873230
203062.603149
203098.270447
203133.979004
203169.644836
203205.352173
203241.024536
203276.763428
203312.404175
203348.129883
203383.811523
203419.577942
203455.254761
203490.943542
203526.738220
203562.419434
203598.199524
203633.871094
203669.656250
203705.338074
203741.076416
203776.794983
203812.567810
203848.233582
203883.960571
203919.616333
203955.360168
203991.014526
204026.658752
204062.375977
204098.040588
204133.783630
204169.466431
204205.198120
204240.852722
204276.567627
204312.224915
204347.963135
204383.651245
204419.324890
204455.044006
204490.680298
204526.403320
204562.071655
204597.719971
204633.449707
204669.144226
204704.883057
204740.530334
204776.240967
204811.895386
204847.550110
204883.240051
204918.868164
204954.598083
204990.233643
205025.942017
205061.571777
205097.191162
205132.913208
205168.557312
205204.262085
205239.939270
205275.569702
205311.282227
205346.949768
205382.653381
205418.295654
205454.001770
205489.665588
205525.411560
205561.080566
205596.802063
205632.435059
205668.143555
205703.811768
205739.425232
205775.124146
205810.809143
205846.534973
205882.215271
205917.905457
205953.641968
205989.333130
206025.089783
206060.773315
206096.555542
206132.248962
206167.997498
206203.677307
206239.416626
206275.083923
206310.789429
206346.540100
206382.209717
206417.885071
206453.578918
206489.319397
206524.985596
206560.678833
206596.358154
206632.093628
206667.800110
206703.500366
206739.238403
206774.909424
206810.636475
206846.309631
206882.028198
206917.697510
206953.390930
206989.118958
207024.782959
207060.540710
207096.222107
207131.936890
207167.594299
207203.300720
207238.979309
207274.711487
207310.370789
207345.992249
207381.698669
207417.358154
207453.064636
207488.720093
207524.424744
207560.087341
207595.751282
207631.370911
207667.027710
207702.727356
207738.375610
207774.092