210899.351685
210933.741516
210969.169006
211003.460632
211036.411743
211070.593201
211106.062012
211141.477417
211176.946960
211212.356506
211247.751282
211283.214417
211318.597961
211354.055969
211389.451965
211424.962036
211460.401917
211495.879272
211531.270935
211566.745789
211602.125793
211637.597046
211673.002136
211708.352051
211743.785400
211779.136658
211814.566162
211849.930054
211885.368408
211920.758118
211956.189758
211991.579407
212027.014954
212062.421021
212097.802246
212133.265991
212168.628723
212204.133423
212239.557068
212275.009033
212310.390747
212345.886902
212381.267761
212416.707581
212452.195923
212487.641479
212523.162903
212558.628906
212594.154480
212629.634705
212665.157715
212700.618042
212736.086121
212771.648254
212807.131409
212842.678406
212878.175842
212913.717285
212949.222229
212984.647461
213020.095520
213055.504517
213091.008362
213126.363220
213161.799194
213197.248962
213232.690491
213268.124268
213303.540710
213339.017639
213374.394287
213409.863220
213445.298279
213480.807739
213516.242859
213551.695068
213587.163269
213622.588989
213658.082214
213693.520203
213729.062195
213764.538391
213800.012085
213835.481506
213870.934998
213906.391113
213941.808899
213977.277466
214012.679993
214048.137085
214083.598328
214118.986633
214154.430054
214189.834900
214225.314331
214260.735413
214296.220459
214331.644043
214367.135376
214402.569214
214437.973572
214473.431335
214508.853271
214544.339172
214579.723938
214615.194092
214650.555359
214685.959595
214721.347778
214756.788269
214792.266785
214827.637634
214863.072998
214898.470764
214933.985779
214969.349915
215004.842163
215040.268616
215075.668335
215111.127136
215146.514526
215182.022278
215217.423035
215252.839661
215288.287964
215323.723328
215359.201538
215394.585022
215430.036682
215465.444580
215500.895569
215536.287109
215571.676208
215607.133362
215642.554810
215678.041931
215713.464172
215748.992981
215784.470215
215819.952942
215855.418579
215890.964783
215926.385071
215961.887878
215997.335938
216032.824097
216068.384216
216103.876343
216139.319031
216174.834900
216210.278320
216245.820251
216281.286438
216316.854553
216352.354675
216387.943176
216423.528625
216459.129089
216494.800110
216530.446228
216565.958801
216601.374634
216636.881287
216672.265686
216707.736450
216743.136902
216778.588562
216813.953674
216849.413696
216884.814880
216920.237793
216955.704102
216991.120300
217026.622314
217062.050842
217097.576538
217132.959473
217168.451599
217203.860779
217239.251526
217274.707825
217310.117615
217345.628906
217381.026611
217416.518250
217451.916077
217487.400024
217522.798767
217558.197510
217593.703003
217629.149170
217664.646423
217700.049438
217735.548218
217770.927429
217806.435120
217841.868103
217877.403076
217912.841614
217948.353149
217983.803467
218019.356262
218054.793701
218090.257751
218125.771912
218161.310974
218196.895813
218232.413147
218268.017517
218303.576172
218339.200317
218374.638123
218410.132507
218445.542786
218481.034851
218516.498047
218551.930054
218587.435852
218622.878784
218658.387939
218693.803040
218729.341736
218764.778442
218800.297913
218835.739807
218871.242493
218906.769714
218942.208984
218977.744934
219013.222290
219048.767639
219084.260925
219119.801758
219155.280396
219190.772522
219226.322571
219261.800171
219297.321594
219332.810242
219368.351990
219403.845947
219439.441467
219474.928162
219510.399414
219545.898560
219581.342590
219616.824097
219652.273499
219687.802490
219723.252014
219758.763428
219794.161255
219829.675720
219865.116516
219900.641174
219936.086426
219971.593628
220007.071411
220042.527588
220078.028870
220113.470642
220149.000305
220184.466187
220219.996033
220255.483887
220291.044434
220326.545105
220362.054382
220397.530579
220433.066895
220468.555420
220504.034912
220539.598450
220575.059326
220610.579163
220646.008423
220681.534607
220717.003845
220752.532593
220788.001709
220823.488220
220858.956299
220894.430359
220929.950134
220965.375305
221000.896301
221036.337097
221071.823425
221107.230042
221142.752808
221178.184448
221213.658813
221249.080811
221284.518860
221319.980286
221355.430359
221390.946045
221426.403809
221461.878967
221497.303772
221532.755249
221568.160217
221603.570557
221639.066162
221674.488342
221709.962036
221745.404358
221780.874817
221816.254639
221851.658997
221887.128967
221922.524719
221958.010986
221993.444275
222028.925171
222064.352173
222099.847839
222135.291687
222170.790527
222206.217834
222241.699951
222277.136475
222312.540955
222347.993530
222383.377991
222418.832642
222454.209839
222489.664978
222525.021851
222560.422607
222595.872375
222631.244080
222666.696228
222702.136047
222737.617676
222773.021484
222808.519287
222843.957397
222879.459290
222914.874451
222950.281433
222985.755859
223021.167053
223056.628174
223092.038086
223127.520142
223162.960083
223198.476013
223233.885620
223269.275269
223304.695312
223340.025818
223375.448181
223410.856812
223446.316895
223481.695312
223517.144714
223552.514709
223587.925964
223623.385010
223658.795349
223694.252563
223729.646484
223765.119873
223800.522095
223835.912842
223871.385315
223906.767822
223942.231018
223977.667542
224013.145081
224048.540344
224084.014465
224119.391541
224154.795532
224190.247437
224225.635010
224261.136230
224296.564026
224332.027405
224367.431580
224402.909668
224438.298584
224473.730713
224509.196960
224544.638855
224580.108521
224615.526306
224651.002136
224686.433044
224721.858032
224757.318237
224792.685669
224828.158630
224863.584106
224899.057251
224934.422729
224969.914795
225005.329895
225040.740967
225076.162537
225111.598572
225146.988892
225182.327026
225217.758118
225253.162476
225288.565186
225324.036316
225359.476746
225394.886230
225430.329163
225465.742432
225501.115173
225536.589600
225571.981934
225607.410828
225642.787231
225678.274414
225713.674377
225749.079712
225784.515625
225819.894470
225855.360107
225890.735107
225926.172180
225961.585815
225997.023193
226032.412964
226067.870544
226103.271240
226138.690857
226174.161743
226209.561401
226245.072754
226280.463013
226315.896484
226351.244019
226386.696899
226422.084473
226457.499329
226493.000122
226528.427795
226563.889465
226599.294495
226634.723450
226670.132324
226705.554016
226741.041382
226776.461243
226811.967957
226847.377380
226882.838135
226918.241028
226953.696411
226989.173950
227024.582520
227060.104492
227095.478516
227130.933899
227166.300537
227201.683655
227237.116760
227272.509644
227307.953918
227343.311890
227378.803040
227414.190247
227449.645264
227485.024170
227520.394165
227555.830933
227591.186829
227626.624084
227662.011353
227697.465027
227732.849243
227768.227356
227803.669800
227839.079651
227874.469543
227909.862000
227945.325562
227980.705078
228016.174255
228051.525818
228086.978943
228122.335815
228157.743164
228193.226196
228228.679321
228264.138794
228299.529602
228334.988342
228370.360779
228405.810547
228441.221802
228476.730103
228512.188293
228547.711731
228583.186340
228618.588745
228654.069397
228689.494385
228724.960327
228760.331604
228795.827209
228831.241577
228866.671448
228902.145569
228937.654114
228973.034241
229008.468872
229044.006409
229079.437378
229114.937805
229150.334717
229185.776489
229221.181763
229256.692627
229292.069519
229327.540344
229362.938232
229398.358337
229433.848633
229469.207764
229504.703552
229540.118469
229575.601013
229611.000244
229646.453491
229681.815735
229717.234436
229752.599426
229788.053650
229823.364258
229858.832520
229894.231812
229929.696594
229965.099609
230000.513611
230035.871521
230071.269043
230106.745239
230142.112793
230177.554565
230212.961914
230248.451111
230283.861755
230319.340393
230354.695923
230390.146667
230425.511658
230460.958496
230496.377808
230531.853638
230567.262024
230602.734558
230638.193481
230673.608521
230709.072388
230744.466064
230779.912781
230815.302307
230850.770447
230886.069153
230921.492554
230956.868530
230992.266174
231027.610962
231063.074280
231098.434387
231133.787598
231169.242981
231204.646423
231240.110779
231275.516907
231311.034241
231346.494202
231381.993469
231417.424988
231452.892212
231488.268982
231523.697083
231559.198303
231594.610779
231630.138000
231665.538757
231700.999329
231736.379211
231771.855347
231807.243225
231842.656982
231878.155090
231913.579895
231949.064636
231984.497864
232019.943359
232055.372925
232090.871460
232126.252625
232161.696411
232197.070679
232232.433472
232267.897339
232303.270996
232338.715515
232374.140137
232409.632141
232445.072510
232480.577332
232515.988159
232551.435852
232586.814209
232622.232849
232657.700378
232693.100220
232728.568909
232763.986389
232799.419434
232834.805725
232870.234070
232905.623535
232941.014648
232976.445984
233011.799255
233047.263245
233082.647827
233118.095398
233153.494629
233188.993408
233224.392151
233259.728882
233295.153687
233330.592590
233366.071289
233401.468384
233436.931641
233472.356750
233507.775269
233543.260803
233578.679993
233614.170166
233649.578186
233685.011719
233720.381958
233755.884644
233791.227173
233826.582397
233862.030762
233897.478638
233932.973206
233968.383179
234003.812561
234039.304810
234074.697876
234110.138184
234145.496704
234180.930786
234216.345337
234251.777344
234287.152649
234322.572144
234357.974792
234393.394470
234428.872742
234464.291077
234499.774170
234535.183228
234570.648010
234606.020630
234641.469971
234676.857483
234712.290710
234747.748840
234783.141418
234818.557617
234853.949097
234889.387451
234924.766357
234960.275879
234995.677917
235031.075439
235066.540771
235101.889038
235137.315857
235172.692261
235208.103210
235243.446167
235278.788025
235314.223206
235349.576294
235385.027893
235420.364197
235455.790771
235491.188232
235526.681641
235562.088989
235597.501038
235632.968994
235668.342163
235703.745667
235739.112305
235774.584656
235809.985596
235845.458923
235880.868225
235916.338745
235951.776917
235987.218201
236022.569092
236057.935120
236093.371887
236128.744934
236164.200317
236199.584839
236235.016418
236270.369629
236305.767212
236341.193054
236376.568298
236412.030090
236447.442810
236482.922424
236518.304871
236553.699707
236589.072266
236624.524719
236659.934875
236695.344238
236730.834900
236766.203796
236801.634460
236836.975159
236872.304077
236907.734192
236943.093628
236978.559265
237013.935791
237049.342407
237084.718201
237120.160156
237155.549805
237190.919922
237226.381287
237261.771545
237297.272156
237332.664368
237368.121887
237403.458069
237438.882019
237474.357605
237509.768799
237545.258606
237580.682007
237616.211182
237651.635132
237687.142029
237722.600342
237758.114990
237793.553406
237828.997131
237864.478210
237899.890198
237935.370361
237970.764709
238006.260010
238041.640625
238077.115234
238112.510986
238147.917358
238183.366211
238218.781067
238254.254456
238289.647217
238325.146240
238360.525574
238395.977966
238431.423401
238466.933777
238502.368774
238537.802368
238573.313293
238608.724915
238644.236206
238679.636719
238715.156616
238750.599426
238786.031372
238821.463318
238856.872131
238892.340454
238927.721619
238963.197754
238998.682068
239034.202026
239069.612305
239105.022583
239140.552917
239175.979919
239211.478394
239246.856812
239282.334229
239317.710938
239353.141602
239388.533936
239423.975403
239459.326843
239494.788330
239530.162415
239565.538147
239600.965210
239636.262085
239671.657227
239707.050720
239742.523010
239777.915894
239813.383972
239848.801331
239884.175659
239919.629456
239954.989685
239990.448303
240025.876282
240061.333191
240096.765564
240132.265991
240167.678955
240203.160645
240238.575623
240273.952393
240309.396423
240344.802185
240380.157227
240415.555603
240451.008789
240486.418091
240521.893311
240557.316345
240592.794006
240628.134766
240663.567627
240698.977051
240734.454956
240769.841858
240805.228943
240840.688416
240876.078979
240911.589539
240947.014343
240982.545349
241018.016418
241053.487122
241088.865234
241124.333374
241159.700806
241195.089050
241230.554260
241265.992065
241301.476257
241336.898376
241372.326843
241407.716309
241443.177673
241478.538757
241513.916565
241549.404968
241584.808777
241620.268005
241655.675964
241691.137634
241726.522156
241761.991089
241797.395752
241832.840088
241868.335815
241903.751282
241939.189636
241974.591