36056.576111
36091.088440
36126.992859
36161.605164
36194.079468
36228.465027
36262.812927
36299.291870
36335.576111
36371.804321
36408.067993
36444.246094
36480.462341
36515.727783
36552.651794
36590.206177
36627.748230
36665.180298
36702.607849
36740.263733
36777.730408
36815.147766
36852.738342
36890.313660
36927.765686
36965.188538
37002.879700
37040.353210
37077.843445
37115.364685
37153.002502
37190.440063
37228.037292
37265.664429
37303.272583
37340.782471
37378.408386
37416.060425
37453.604431
37491.258118
37528.919800
37566.544739
37604.037231
37641.795349
37679.373413
37716.986389
37754.606018
37792.297302
37829.859924
37867.378296
37905.134705
37942.712463
37980.343689
38017.967651
38055.715271
38093.274170
38130.813049
38168.595398
38206.133240
38243.734497
38281.385925
38319.145752
38356.689880
38394.355103
38432.058594
38469.674561
38507.263245
38544.926941
38582.609924
38620.139954
38657.848572
38695.568726
38733.249817
38770.818970
38808.586426
38846.264893
38883.894409
38921.579285
38959.345886
38996.950256
39034.515808
39072.294434
39109.926819
39147.570862
39185.221436
39223.026489
39260.671692
39298.284485
39336.147705
39373.772888
39411.382996
39449.115417
39486.735657
39524.320618
39562.039062
39599.574646
39637.381531
39674.874695
39712.528076
39750.269470
39787.815857
39825.570862
39863.297913
39900.978149
39938.675354
39976.441895
40014.097473
40051.735107
40089.604126
40127.285950
40164.973206
40202.762390
40240.433594
40277.978455
40315.557373
40353.017944
40390.336548
40427.639771
40464.844971
40502.111450
40539.286682
40576.543823
40613.727661
40651.011292
40688.217041
40725.479858
40762.673035
40799.922791
40837.084167
40874.354553
40911.556580
40948.744812
40986.032837
41023.256653
41060.568848
41097.771667
41135.045593
41172.268921
41209.645203
41246.974304
41284.226440
41321.593506
41358.948364
41396.339722
41433.635986
41471.068298
41508.507324
41545.979187
41583.288269
41620.814636
41658.316406
41695.862671
41733.342590
41770.966370
41808.435852
41846.087830
41883.723267
41921.278198
41959.009094
41996.536011
42034.284180
42071.830627
42109.571411
42147.150024
42184.738464
42222.335510
42259.917908
42297.481079
42335.091614
42372.641479
42410.014954
42447.640991
42485.112671
42522.639404
42560.022949
42597.428528
42634.748657
42672.046265
42709.426941
42746.747253
42784.151733
42821.436157
42858.831848
42896.088928
42933.408813
42970.664978
43007.957153
43045.252869
43082.509460
43119.793518
43157.004700
43194.254517
43231.380798
43268.529663
43305.708252
43342.988708
43380.159302
43417.373047
43454.520813
43491.644226
43528.938110
43566.059387
43603.292419
43640.428772
43677.597290
43714.805664
43751.656494
43788.475464
43825.404663
43861.962952
43898.850220
43935.331726
43972.019409
44008.769836
44045.285034
44082.135498
44118.580505
44155.309509
44191.779785
44228.705688
44265.070068
44301.913940
44338.587158
44375.184326
44412.098999
44448.766968
44485.511475
44522.436279
44559.137390
44595.957153
44632.946777
44669.560242
44706.481506
44743.315247
44780.056396
44817.028870
44853.709106
44890.440308
44927.518921
44964.397034
45001.181885
45038.350708
45075.325256
45112.188293
45149.408997
45186.574463
45223.998413
45261.197754
45298.673584
45336.028931
45373.495056
45411.184814
45448.758118
45486.449280
45523.979431
45561.630066
45599.276123
45637.031555
45674.552307
45712.225342
45749.934082
45787.699402
45825.292786
45863.070740
45900.779297
45938.475403
45976.487061
46014.238464
46052.301880
46090.061768
46128.182251
46166.067749
46204.005249
46241.977478
46279.840759
46317.935059
46355.947388
46393.921753
46431.877136
46470.062256
46508.026733
46546.000183
46584.092285
46622.073364
46660.073364
46698.171265
46736.301270
46774.194641
46812.187683
46850.214233
46888.199097
46926.143799
46964.223328
47002.268372
47040.334473
47078.215149
47116.420410
47154.390381
47192.302307
47230.427551
47268.508423
47306.481750
47344.457031
47382.604126
47420.537720
47458.459534
47496.584351
47534.603882
47572.639771
47610.583801
47648.799744
47686.724243
47724.707153
47762.784668
47800.912170
47838.802307
47876.781311
47914.950195
47952.902954
47990.928772
48029.007812
48067.064453
48105.025879
48143.106506
48181.194702
48219.126892
48257.164368
48295.273132
48333.355835
48371.249878
48409.389343
48447.453186
48485.438965
48523.467712
48561.545044
48599.550720
48637.499634
48675.589355
48713.625549
48751.658203
48789.615173
48827.821472
48865.854065
48903.799561
48941.996643
48979.999390
49018.036194
49056.065979
49094.268738
49132.229309
49170.277893
49208.420898
49246.466003
49284.506042
49322.548279
49360.700317
49398.675720
49436.682190
49474.822571
49512.921021
49550.884033
49588.898926
49627.090698
49664.999512
49703.033020
49741.130981
49779.175842
49817.149841
49855.212341
49893.332275
49931.279053
49969.333557
50007.456909
50045.505798
50083.466003
50121.620300
50159.701721
50197.613403
50235.727905
50273.862122
50311.858032
50349.828857
50388.022827
50426.047180
50464.079468
50502.122864
50540.210693
50578.292969
50616.238708
50654.505432
50692.642517
50730.552551
50768.709351
50806.851929
50844.888916
50882.857910
50921.066162
50959.083496
50997.111633
51035.140503
51073.191528
51111.205139
51149.198120
51187.453308
51225.445496
51263.516846
51301.644287
51339.728333
51377.699890
51415.715881
51453.904480
51491.817444
51529.884705
51568.030457
51606.148132
51644.133850
51682.255005
51720.365112
51758.359558
51796.402832
51834.569458
51872.705444
51910.715454
51948.836853
51986.980347
52024.905212
52062.970154
52101.105408
52139.203857
52177.207458
52215.374084
52253.470459
52291.517700
52329.497253
52367.672180
52405.793945
52443.743164
52481.932068
52520.072510
52558.033508
52596.090637
52634.289612
52672.290710
52710.264526
52748.451477
52786.502991
52824.595581
52862.616699
52900.836304
52938.825562
52976.812500
53014.968628
53053.049011
53091.109924
53129.214722
53167.463745
53205.444702
53243.445679
53281.646606
53319.690674
53357.780151
53395.846863
53434.059692
53472.041565
53509.997803
53548.208557
53586.213806
53624.213318
53662.270264
53700.448608
53738.396118
53776.378723
53814.545776
53852.580811
53890.592651
53928.689575
53966.838196
54004.792358
54042.893311
54081.071838
54119.088440
54157.117371
54195.257812
54233.341614
54271.275757
54309.369385
54347.499634
54385.536987
54423.517822
54461.654480
54499.670532
54537.684753
54575.764221
54613.901367
54652.005737
54689.972168
54728.186340
54766.250977
54804.317505
54842.400024
54880.616577
54918.559204
54956.618530
54994.702454
55032.679016
55070.671509
55108.731506
55146.891907
55184.907593
55222.979309
55261.145081
55299.277283
55337.255249
55375.388794
55413.575378
55451.537354
55489.681396
55527.821899
55565.917175
55603.935242
55642.151367
55680.215881
55718.260254
55756.390076
55794.545532
55832.618958
55870.628113
55908.868713
55946.942566
55984.928162
56023.097168
56061.260437
56099.300476
56137.351196
56175.591003
56213.628540
56251.724976
56289.791992
56327.924561
56366.006836
56404.036621
56442.329224
56480.414673
56518.391235
56556.625977
56594.707764
56632.741028
56670.799194
56708.994873
56746.999207
56785.064941
56823.171265
56861.345093
56899.336426
56937.405823
56975.634949
57013.652100
57051.688049
57089.867432
57128.032104
57166.072632
57204.146179
57242.370789
57280.349426
57318.411560
57356.572632
57394.692078
57432.692322
57470.734070
57508.891113
57546.937073
57584.950928
57623.123657
57661.194946
57699.194275
57737.399109
57775.560486
57813.479248
57851.558594
57889.720398
57927.822266
57965.864624
58004.099487
58042.206787
58080.282227
58118.239014
58156.500183
58194.469849
58232.468384
58270.633362
58308.747253
58346.768555
58384.859863
58423.033997
58461.033997
58499.073181
58537.209290
58575.247375
58613.352234
58651.413391
58689.634094
58727.654175
58765.728149
58803.910400
58842.012085
58880.075500
58918.211975
58956.407837
58994.363098
59032.471680
59070.645264
59108.654663
59146.727478
59184.820740
59222.954529
59260.958069
59298.989075
59337.163025
59375.287354
59413.253723
59451.375061
59489.607483
59527.631165
59565.801575
59603.985901
59642.049072
59680.036011
59718.190674
59756.343628
59794.383606
