214492.361328
214522.222107
214552.258728
214582.243286
214612.297363
214642.273499
214672.239136
214702.277161
214732.351257
214762.400757
214792.405090
214822.480591
214852.450989
214882.467224
214912.399109
214942.371338
214972.285217
215002.223083
215032.251160
215062.235596
215092.274902
215122.244080
215152.275452
215182.259521
215212.304932
215242.305420
215272.308655
215302.325928
215332.334717
215362.387024
215392.401611
215422.441284
215452.414368
215482.480591
215512.451782
215542.492004
215572.484436
215602.551392
215632.551697
215662.627686
215692.685425
215722.675659
215752.704224
215782.655884
215812.673340
215842.635742
215872.645020
215902.634827
215932.631592
215962.704773
215992.704773
216022.763428
216052.741516
216082.815796
216112.805725
216142.866394
216172.836243
216202.902466
216232.879517
216262.926758
216292.925598
216322.892090
216352.962708
216382.956482
216412.998779
216442.974243
216472.984009
216502.994446
216533.047058
216563.083191
216593.067322
216623.116394
216653.185486
216683.331848
216713.367249
216743.410095
216773.361755
216803.313599
216833.336304
216863.316650
216893.351074
216923.322266
216953.336304
216983.302246
217013.332275
217043.323181
217073.358887
217103.340393
217133.317444
217163.343811
217193.318420
217223.363953
217253.341187
217283.372009
217313.333069
217343.311890
217373.282898
217403.347229
217433.323425
217463.263916
217493.299133
217523.246521
217553.279968
217583.251587
217613.298035
217643.286255
217673.347534
217703.352600
217733.394287
217763.382507
217793.406250
217823.406555
217853.397888
217883.447876
217913.405579
217943.439148
217973.392700
218003.417786
218033.359436
218063.347473
218093.293335
218123.323853
218153.323608
218183.338867
218213.318359
218243.315735
218273.263489
218303.273621
218333.205444
218363.135376
218393.171692
218423.106262
218453.101807
218483.054199
218513.140320
218543.140320
218573.230225
218603.226807
218633.240356
218663.183350
218693.157776
218723.189941
218753.141418
218783.165466
218813.136597
218843.208069
218873.208252
218903.255066
218933.231140
218963.285034
218993.283630
219023.325989
219053.430664
219083.582947
219113.784363
219144.969238
219176.072144
219206.594849
219236.450500
219266.271545
219296.149719
219326.002502
219355.875183
219385.708435
219415.604065
219445.444092
219475.328003
219505.157227
219535.004211
219564.871765
219594.700867
219624.911621
219654.930603
219684.622498
219714.276794
219744.022461
219773.709290
219803.502197
219833.197632
219862.949646
219892.621704
219922.275269
219952.027527
219981.711121
220011.449036
220041.145874
220070.918030
220100.604858
220130.341064
220159.999512
220189.710876
220219.388367
220249.155762
220278.856567
220308.588318
220338.276184
220368.051453
220397.707947
220427.441895
220457.112854
220486.793823
220516.556030
220546.199219
220575.909668
220605.598145
220635.335388
220665.047119
220694.755798
220724.435730
220754.160828
220783.805115
220813.517151
220843.152649
220872.825439
220902.535828
220932.242859
220962.039429
220991.696411
221021.380188
221051.021606
221080.761230
221110.372009
221140.211243
221169.917786
221199.585632
221229.394592
221259.070862
221288.794922
221318.451904
221348.151489
221377.831238
221407.571899
221437.251831
221467.011353
221496.677856
221526.413818
221556.061401
221585.767822
221615.505798
221645.200500
221674.897461
221704.550598
221734.273499
221763.945618
221793.695984
221823.463135
221853.201782
221882.998535
221912.743774
221942.592407
221972.415466
222002.214600
222031.996765
222061.742432
222091.510559
222121.204163
222150.981140
222180.719543
222210.441101
222240.393921
222270.126526
222299.957947
222329.719421
222359.543945
222389.326111
222419.179810
222448.880249
222478.687073
222508.437500
222538.142334
222567.916992
222597.648132
222627.423767
222657.127502
222686.919495
222716.625977
222746.336548
222776.129578
222805.799622
222835.551941
222865.272095
222895.064514
222925.434814
222955.893616
222986.518616
223017.302917
223048.024841
223078.793335
223109.625000
223140.416443
223171.215088
223202.025574
223232.8