46708.445679
46732.205688
46761.670288
46791.007385
46820.432678
46849.808411
46879.167419
46908.609863
46937.959412
46967.445923
46996.795288
47026.476746
47055.880310
47085.273804
47114.595215
47144.025879
47173.421509
47202.793152
47232.294312
47261.670532
47291.062805
47320.513977
47349.946228
47379.312744
47408.807434
47438.209167
47467.654358
47497.131409
47526.585571
47556.002136
47585.580505
47615.027710
47644.491089
47674.116272
47703.581482
47733.124939
47762.704102
47792.189758
47821.736694
47851.371704
47880.849060
47910.346008
47939.980347
47969.521973
47999.109436
48028.758545
48058.347290
48087.872498
48117.474426
48147.028748
48176.529358
48206.186707
48235.708008
48265.297852
48294.926697
48324.562988
48354.095154
48383.779114
48413.334778
48442.972412
48472.632629
48502.187134
48531.767212
48561.393921
48590.977112
48620.536621
48650.259460
48679.835815
48709.447876
48739.132629
48768.815308
48798.409546
48828.076538
48857.756287
48887.410889
48916.984558
48946.730225
48976.324524
49005.910278
49035.660278
49065.221558
49094.854553
49124.485107
49154.135315
49183.744934
49213.431030
49243.020813
49272.692627
49302.320129
49331.893005
49361.528870
49391.195007
49420.835327
49450.419128
49480.119324
49509.646667
49539.296936
49568.960754
49598.590393
49628.168030
49657.919678
49687.540405
49717.178406
49746.944397
49776.535095
49806.196045
49835.938354
49865.637512
49895.270508
49925.051636
49954.674744
49984.387207
50014.091614
50043.793518
50073.439758
50103.167114
50132.911011
50162.613586
50192.488525
50222.174988
50252.010071
50281.818298
50311.570496
50341.278931
50371.095032
50400.814758
50430.597046
50460.423340
50490.213623
50519.959717
50549.768127
50579.587769
50609.299377
50639.084778
50668.908325
50698.690613
50728.437744
50758.305359
50788.045227
50817.794434
50847.628235
50877.407532
50907.130249
50936.897705
50966.624756
50996.290833
51026.131470
51055.852112
51085.593506
51115.350281
51145.029358
51174.678406
51204.516663
51234.276794
51264.061829
51293.868286
51323.638794
51353.346252
51383.130676
51412.959717
51442.652771
51472.545105
51502.304749
51532.117554
51561.931335
51591.742004
51621.492981
51651.400391
51681.157776
51710.994568
51740.852600
51770.640930
51800.376770
51830.275940
51860.035645
51889.876160
51919.728760
51949.567261
51979.359192
52009.274780
52039.060486
52068.800110
52098.677185
52128.395325
52158.197144
52188.032837
52217.807129
52247.572021
52277.461731
52307.241943
52337.081421
52366.932373
52396.745972
52426.574524
52456.357300
52486.297852
52516.110779
52545.916199
52575.840881
52605.754456
52635.569763
52665.507385
52695.329407
52725.156616
52755.101807
52784.907532
52814.811035
52844.726135
52874.620117
52904.417053
52934.299133
52964.176392
52994.000183
53023.939819
53054.536560
53085.843567
53116.749451
53146.650208
53176.544800
53206.520996
53236.429565
53266.306885
53296.330994
53326.198853
53356.168945
53386.114807
53416.010498
53445.876648
53475.820435
53505.727173
53535.555359
53565.540039
53595.408203
53625.318848
53655.266907
53685.131714
53715.111084
53745.077087
53775.023010
53804.936829
53834.980713
53864.937866
53894.906433
53924.899475
53954.872314
53984.785461
54014.731506
54044.798462
54074.724731
54104.729431
54134.737854
54164.728455
54194.672852
54224.741943
54254.648254
54284.552734
54314.605042
54344.514343
54374.449707
54404.422974
54434.387390
54464.286194
54494.363281
54524.248291
54554.235352
54584.221680
54614.167908
54644.157227
54674.170166
54704.115051
54734.026489
54764.067993
54793.978333
54823.878174
54853.931091
54883.850952
54913.799011
54943.767456
54973.744507
55003.677856
55033.691101
55063.617676
55093.577637
55123.628845
55153.583252
55183.571655
55213.602905
55243.584412
55273.532959
55303.609802
55333.534912
55363.479675
55393.553650
55423.493958
55453.476379
55483.421082
55513.412415
55543.317383
55573.262329
55603.242737
55633.132263
55663.108826
55693.109741
55723.044800
55752.916931
55782.924561
55812.837097
55842.800476
55872.771057
55902.667236
55932.618652
55962.632507
55992.483154
56022.342468
56052.359619
56082.263306
56112.194885
56142.140503
56172.060974
56201.954224
56231.960510
56261.780701
56291.702087
56321.721924
56351.651489
56381.540649
56411.576660
56441.460022
56471.367432
56501.312683
56531.147156
56561.052307
56590.932251
56620.831177
56650.606750
56680.550171
56710.368408
56740.262207
56770.185547
56800.037109
56829.906189
56859.806946
56889.674927
56919.489197
56949.420593
56979.247314
57009.146423
57039.092957
57068.925049
57098.808472
57128.738831
57158.667603
57188.532349
57218.503845
57248.339722
57278.228577
57308.102783
57338.065857
57367.911255
57397.848083
57427.828430
57457.673401
57487.583923
57517.544250
57547.437073
57577.299805
57607.256409
57637.138489
57667.078308
57697.037292
57726.964233
57756.801270
57786.786560
57816.596313
57846.529602
57876.494019
57906.362915
57936.275208
57966.210938
57996.076355
58025.928162
58055.913086
58085.737549
58115.597168
58145.570435
58175.477295
58205.335510
58235.323669
58265.243958
58295.077515
58325.084106
58354.975281
58384.937073
58414.936340
58444.841858
58474.821655
58504.876526
58534.822632
58564.768799
58594.852112
58624.750366
58654.768372
58684.778809
58714.751648
58744.667603
58774.653076
58804.657837
58834.573914
58864.629761
58894.536255
58924.556702
58954.541504
58984.515564
59014.451294
59044.488098
59074.418945
59104.372681
59134.257568
59164.281982
59194.169556
59224.057251
59254.098694
59283.973816
59313.965332
59343.945557
59373.923279
59403.839783
59433.847900
59463.789490
59493.778992
59523.817566
59553.849060
59583.801270
59613.910950
59643.828674
59673.843262
59703.898865
59733.900635
59763.852112
59793.867676
59823.864990
59853.779602
59883.909485
59913.857300
59943.863586
59973.908508
60003.921753
60033.895508
60063.986389
60093.950134
60123.964172
60154.018738
60183.986084
60214.026733
60244.090149
60274.119629
60304.107300
60334.172546
60364.130676
60394.124390
60424.162354
60454.294678
60484.270691
60514.408630
60544.386841
60574.470093
60604.550842
60634.666138
60664.855957
60694.890259
60725.018250
60755.005981
60785.038940
60815.131531
60845.208618
60875.233948
60905.403748
60935.409302
60965.489441
60995.562256
61025.600525
61055.609619
61085.726135
61115.717285
61145.764771
61175.850586
61205.862549
61235.893127
61265.969849
61296.023010
61326.016602
61356.168762
61386.165283
61416.222534
61446.294189
61476.335205
61506.304016
61536.389221
61566.351929
61596.328613
61626.403564
61656.353760
61686.406250
61716.410095
61746.411926
61776.367554
61806.498535
61836.489502
61866.548645
61896.597046
61926.676086
61956.671021
61986.823059
62016.829529
62046.892822
62076.993530
62106.966248
62137.028870
62167.136169
62197.231201
62227.242859
62257.285950
62287.383057
62317.432312
62347.452637
62377.613403
62407.635742
62437.734314
62467.788818
62497.792358
62527.841858
62557.924561
62587.976074
62617.976135
62648.084106
62678.091125
62708.124756
62738.171021
62768.215637
62798.197571
62828.248840
62858.319824
62888.279114
62918.413452
62948.398743
62978.426331
63008.518188
63038.585449
63068.613159
63098.696655
63128.723877
63158.731567
63188.826294
63218.825500
63248.857300
63278.961548
63309.041931
63339.022156
63369.073975
63399.147949
63429.147400
63459.259338
63489.237061
63519.282654
63549.361145
63579.426941
63609.429138
63639.525330
63669.589233
63699.584473
63729.704468
63759.714478
63789.771729
63819.767090
63849.911316
63879.936340
63909.998779
63940.075500
63970.108154
64000.181458
64030.263977
64060.304565
64090.360901
64120.519043
64150.578003
64180.677979
64210.759338
64240.774597
64270.791382
64300.851501
64330.888306
64360.908691
64391.038940
64421.045715
64451.083496
64481.217529
64511.240173
64541.277466
64571.330566
64601.413818
64631.429810
64661.574829
64691.591614
64721.640625
64751.777405
64781.791626
64811.859680
64841.939026
64872.017761
64902.033447
64932.162476
64962.203491
64992.258118
65022.313416
65052.322998
65082.387024
65112.473877
65142.531799
65172.556030
65202.661072
65232.661499
65262.709412
65292.795715
65322.881287
65352.946167
65383.007996
65413.143005
65443.181824
65473.262878
65503.374329
65533.485474
65563.530151
65593.628113
65623.712280
65653.736267
65683.874512
65713.942993
65744.070862
65774.239685
65804.431885
65834.506165
65865.586121
65896.727478
65927.804382
65958.998413
65990.072144
66021.202393
66052.364746
66083.498413
66114.559753
66145.704468
66176.819458
66207.900085
66239.119812
66270.187622
66301.336304
66332.523010
66363.181213
66393.036194
66423.102783
66453.023865
66482.931152
66512.947327
66542.782104
66572.719238
66602.697327
66632.705261
66662.596497
66692.637329
66722.585449
66752.562134
66782.500793
66812.478943
66842.400879
66872.322388
66902.358582
66932.268494
66962.196838
66992.206055
67022.212036
67052.132324
67082.154663
67112.019043
67141.957947
67171.979370
67201.933594
67231.896362
67261.943970
67291.877747
67321.737427
67351.765198
67381.664551
67411.623230
67441.619690
67471.521179
67501.469910
67531.508240
67561.380493
67591.298340
67621.354858
67651.211121
67681.174622
67711.162903
67741.136780
67771.010132
67800.997559
67830.979858
67860.882812
67890.923889
67920.810730
67950.744507
67980.721802
68010.684082
68040.595032
68070.601990
68100.604431
68130.623047
68160.584595
68190.545593
68220.539001
68250.458557
68280.593079
68310.498535
68340.468750
68370.452637
68400.420105
68430.339417
68460.395386
68490.333801
68520.308472
68550.290283
68580.178040
68610.052063
68640.085083
68669.965820
68699.886047
68729.935059
68759.855347
68789.875305
68819.982971
68850.015808
68879.904480
68909.996887
68940.182312
68970.572998
69000.888306
69031.149597
69061.295227
69091.479187
69121.475403
69151.266052
69181.274963
69211.081116
69240.904114
69270.801819
69300.623962
69330.412842
69360.317078
69390.106873
69419.925232
69449.684021
69479.503723
69509.272644
69539.028137
69568.848389
69598.552917
69628.341431
69658.114380
69687.895935
69717.639648
69747.429504
69777.139282
69806.859009
69836.596619
69866.329712
69896.048828
69925.849670
69955.596069
69985.377625
70015.144409
70044.847656
70074.591980
70104.351868
70134.154968
70163.841797
70193.624573
70223.262390
70253.083679
70282.830261
70312.660278
70342.383850
70372.201233
70401.959778
70431.768738
70461.542847
70491.254883
70520.973145
70550.736694
70580.444092
70610.111816
70639.842468
70669.569946
70699.359314
70729.072754
70758.849976
70788.574890
70818.354187
70848.081177
70877.841675
70907.528015
70937.224365
70966.935791
70996.630554
71026.361145
71056.063416
71085.841919
71115.586792
71145.356506
71175.071533
71204.942505
71234.680908
71264.486877
71294.262817
71323.986328
71353.651611
71383.459106
71413.180054
71442.953674
71472.830505
71502.579346
71532.355408
71562.244202
71592.037598
71621.811279
71651.659180
71681.364990
71711.134521
71740.925720
71770.689880
71800.423279
71830.367065
71860.144653
71889.912537
71919.773682
71949.479980
71979.238831
72009.099487
72038.882019
72068.607117
72098.481018
72128.170105
72157.915771
72187.710876
72217.443848
72247.238220
72277.035339
72306.862183
72336.607422
72366.458435
72396.228455
72426.002258
72455.750305
72485.522339
72515.217468
72545.018188
72574.783813
72604.486267
72634.250000
72664.061401
72693.858948
72723.597351
72753.547913
72783.308167
72813.093018
72842.949097
72872.709595
72902.483948
72932.317871
72962.117859
72991.837341
73021.714233
73051.456848
73081.200562
73111.102966
73140.843994
73170.662598
73200.480408
73230.245728
73259.974915
73289.854004
73319.567078
73349.382446
73379.277893
73409.149780
73438.943970
73468.858948
73498.697571
73528.457336
73558.337585
73588.054810
73617.821716
73647.612244
73677.353027
73707.026123
73736.854553
73766.620422
73796.367737
73826.247986
73856.031250
73885.808533
73915.537720
73945.417542
73975.076416
74004.831665
74034.636414
74064.354736
74094.113159
74123.937683
74153.720947
74183.472107
74213.375671
74243.109009
74272.921997
74302.810242
74332.578857
74362.334290
74392.178040
74421.983459
74451.692017
74481.561523
74511.311157
74541.165527
74571.043457
74600.857605
74630.575073
74660.463928
74690.256348
74719.995728
74749.748291
74779.450378
74809.225830
74838.942383
74868.687378
74898.400818
74928.177124
74957.917786
74987.607666
75017.458496
75047.176819
75076.928955
75106.624146
75136.370178
75166.042542
75195.806335
75225.459229
75255.140381
75284.887207
75314.616211
75344.316772
75374.031250
75403.780640
75433.516541
75463.303223
75492.994812
75522.699219
75552.374695
75582.303589
75611.983154
75641.704956
75671.431274
75701.154785
75730.854675
75760.581787
75790.327637
75820.095764
75849.807007
75879.475037
75909.162170
75938.871765
75968.503662
75998.127502
76027.802490
76057.457397
76087.169861
76116.850098
76146.501038
76176.175232
76205.925171
76235.559143
76265.239136
76294.820923
76324.441711
76354.133545
76383.738831
76413.419861
76443.117432
76472.827148
76502.483276
76532.206299
76561.847778
76591.517822
76621.163818
76650.851440
76680.500000
76710.117188
76739.820740
76769.468689
76799.145691
76828.797424
76858.480103
76888.144775
76917.974121
76947.967041
76977.677429
77007.316833
77037.001099
77066.683777
77096.332336
77126.051575
77155.677185
77185.363220
77215.038147
77244.710571
77274.448242
77304.142273
77333.875183
77363.537842
77393.297852
77423.015320
77452.695740
77482.359680
77512.085144
77541.778198
77571.404846
77601.071960
77630.785706
77660.582703
77690.308228
77720.067932
77749.782104
77779.517944
77809.231079
77838.883484
77868.567322
77898.230652
77927.911682
77957.500610
77987.164246
78016.813843
78046.538147
78076.161072
78105.877380
78135.519043
78165.282715
78194.967529
78224.673462
78254.291992
78283.969971
78313.651855
78343.286011
78373.005432
78402.727234
78432.480591
78462.201599
78491.917236
78521.689209
78551.384277
78581.128479
78610.807922
78640.502869
78670.115112
78699.817444
78729.446167
78759.132202
78788.787537
78818.539734
78848.208069
78877.958801
78907.701782
78937.464600
78967.146362
78996.882080
79026.557800
79056.287903
79085.985352
79115.722595
79145.374451
79175.088623
79204.807373
79234.456360
79264.207947
79293.895264
79323.654602
79353.363892
79383.099792
79412.799316
79442.529175
79472.220215
79501.996338
79531.649902
79561.350281
79591.043640
79620.770508
79650.452698
79680.234375
79709.910889
79739.664856
79769.346802
79799.029297
79828.731201
79858.353516
79888.070679
79917.696167
79947.382019
79976.984802
80006.770752
80036.477417
80066.237549
80095.923584
80125.641968
80155.291992
80185.033081
80214.664551
80244.365234
80274.049377
80303.758301
80333.458130
80363.117676
80392.879089
80422.568237
80452.337341
80482.066162
80511.835754
80541.519470
80571.259949
80600.972290
80630.610413
80660.561646
80690.238281
80719.965454
80749.621460
80779.295166
80809.017090
80838.701782
80868.428284
80898.068054
80927.847900
80957.568176
80987.196533
81016.924133
81046.604736
81076.347717
81106.064941
81135.793823
81165.391479
81195.089722
81224.728271
81254.351318
81284.067139
81313.698181
81343.357361
81373.040710
81402.751587
81432.378845
81462.037231
81491.768799
81521.464722
81551.194031
81580.816772
81610.462646
81640.204102
81669.864075
81699.540161
81729.188904
81758.872131
81788.522888
81818.143799
81847.861145
81877.542419
81907.230042
81936.911011
81966.565125
81996.238281
82025.894104
82055.609253
82085.257690
82115.025208
82144.694763
82174.375549
82204.165894
82233.852661
82263.552307
82293.221436
82322.897400
82352.607544
82382.304749
82412.057922
82441.791077
82471.524780
82501.271606
82530.929077
82560.693726
82590.348022
82620.012390
82649.761902
82679.359924
82709.002869
82738.681763
82768.353455
82797.984497
82827.599548
82857.255981
82886.919739
82916.607910
82946.226746
82975.898438
83005.608948
83035.297607
83064.989563
83094.664368
83124.319946
83154.083618
83183.733398
83213.523926
83243.252991
83272.936829
83302.627014
83332.292542
83361.962524
83391.567566
83421.301575
83450.942993
83480.610657
83510.311890
83539.982117
83569.710388
83599.354065
83629.000977
83658.677917
83688.304077
83717.998962
83747.615417
83777.321289
83806.942932
83836.570129
83866.254517
83895.890930
83925.566895
83955.226013
83984.815430
84014.547241
84044.191772
84073.845703
84103.544861
84133.173218
84162.935364
84192.612305
84222.273132
84251.929993
84281.636841
8431