------------------------------------------------------------------------------------------------------------------------------------------------------------------------------------------------------
File                 | Reading      | Prediction   | Error        | Error%       | L1_I%        | Stalls%      | Ins%         | L2%          | L1_D%        | TLB_I%       | L3           |
------------------------------------------------------------------------------------------------------------------------------------------------------------------------------------------------------
pr_spmv              | 8740.44      | 6123.60      | -2616.84     | 29.94        | -0.19        | 75.80        | 27.44        | -2.06        | -4.33        | 0.81         | 2.53         |
sssp                 | 8729.12      | 5817.56      | -2911.56     | 33.35        | -0.23        | 70.87        | 29.32        | -0.86        | -1.71        | 1.47         | 1.13         |
tc                   | 74206.46     | 44757.78     | -29448.68    | 39.68        | -0.13        | 56.42        | 44.94        | -1.11        | -1.14        | 0.25         | 0.78         |
cc_sv                | 8719.26      | 5501.61      | -3217.65     | 36.90        | -0.20        | 72.47        | 29.55        | -1.28        | -2.65        | 0.79         | 1.31         |
bfs                  | 34743.14     | 23216.14     | -11527.00    | 33.18        | -0.21        | 72.70        | 27.60        | -0.60        | -1.09        | 0.86         | 0.74         |
pr                   | 8743.20      | 5711.42      | -3031.77     | 34.68        | -0.23        | 74.31        | 28.39        | -1.71        | -3.57        | 0.81         | 2.00         |
cc                   | 34700.79     | 23989.81     | -10710.97    | 30.87        | -0.20        | 73.38        | 26.93        | -0.59        | -1.08        | 0.76         | 0.80         |
bc                   | 8667.40      | 5555.79      | -3111.61     | 35.90        | -0.21        | 70.14        | 29.31        | -0.97        | -1.85        | 0.93         | 2.66         |
------------------------------------------------------------------------------------------------------------------------------------------------------------------------------------------------------
Mean error: 34.313
