186285.839722
186315.843323
186345.823853
186375.786011
186405.801880
186435.758850
186465.767517
186495.709351
186525.687927
186555.594727
186585.544983
186615.430298
186645.550293
186675.478699
186705.360291
186735.330627
186765.216553
186795.168823
186825.021851
186854.941711
186884.807312
186914.730103
186944.589600
186974.542053
187004.410706
187034.280945
187064.229004
187094.134216
187124.115417
187154.010498
187183.954895
187213.836182
187243.796082
187273.710388
187303.689026
187333.620544
187363.492371
187393.481567
187423.403992
187453.361755
187483.274841
187513.226013
187543.105774
187573.037537
187602.941711
187632.825684
187662.855408
187692.826355
187722.807434
187752.727661
187782.689026
187812.571289
187842.532166
187872.421570
187902.319580
187932.227234
187962.149536
187992.117004
188022.052856
188052.035339
188081.946838
188111.938293
188141.824219
188171.802307
188201.690186
188231.598206
188261.477295
188291.338257
188321.313354
188351.238647
188381.193359
188411.112732
188441.077026
188470.997986
188500.926758
188530.840332
188560.812866
188590.731689
188620.664490
188650.641907
188680.575256
188710.556885
188740.515808
188770.522278
188800.493164
188830.501099
188860.431335
188890.415100
188920.371277
188950.379150
188980.320435
189010.230469
189040.229553
189070.142029
189100.117798
189130.073059
189160.114868
189190.034302
189220.024475
189249.898804
189279.845154
189309.753601
189339.783203
189369.719971
189399.648376
189429.594543
189459.519226
189489.492981
189519.410950
189549.356689
189579.285339
189609.247192
189639.156555
189669.082703
189699.042236
189728.928955
189758.916443
189788.810303
189818.775085
189848.730103
189878.695862
189908.612366
189938.612915
189968.543884
189998.540710
190028.461609
190058.400208
190088.392883
190118.334351
190148.330688
190178.248047
190208.246887
190238.176208
190268.131104
190298.056335
190328.031860
190357.968262
190388.035950
190417.989441
190447.934326
190477.958801
190507.928162
190537.985657
190567.941040
190597.984131
190627.922852
190657.943665
190687.844360
190718.008606
190748.038574
190778.039673
190808.278137
190839.373901
190870.534119
190900.938049
190930.780029
190960.519348
190990.373108
191020.173279
191050.012146
191079.758850
191109.558655
191139.299561
191169.049744
191198.868469
191228.659973
191258.521729
191288.338623
191318.613281
191348.420410
191378.089111
191407.677979
191437.257812
191466.935059
191496.527771
191526.159973
191555.753235
191585.408936
191615.015320
191644.648743
191674.256592
191703.844421
191733.531860
191763.130005
191792.772339
191822.352844
191851.985535
191881.591553
191911.222900
191940.818604
191970.426575
192000.032104
192029.710327
192059.288879
192088.960571
192118.514526
192148.151367
192177.749878
192207.333313
192236.997742
192266.564087
192296.178406
192325.762390
192355.397522
192384.948242
192414.595581
192444.240295
192473.926575
192503.516785
192533.200867
192562.822266
192592.440002
192622.100952
192651.655701
192681.326843
192710.903503
192740.565186
192770.131287
192799.778320
192829.323792
192858.893677
192888.585266
192918.186096
192947.939331
192977.561829
193007.257690
193036.881531
193066.542236
193096.143066
193125.721375
193155.386353
193184.957703
193214.590271
193244.173218
193273.798645
193303.390991
193333.022400
193362.593811
193392.224609
193421.779114
193451.431641
193481.066956
193510.839233
193540.513916
193570.231873
193599.892029
193629.522888
193659.287354
193688.945007
193718.648926
193748.324951
193778.046997
193807.691101
193837.358826
193867.121582
193896.790955
193926.561462
193956.251038
193985.833252
194015.501831
194045.122864
194074.798401
194104.424194
194134.123901
194163.738647
194193.324097
194223.031250
194252.634033
194282.263000
194311.868530
194341.554565
194371.208313
194400.905457
194430.573608
194460.266785
194489.884949
194519.574463
194549.200073
194579.513062
194609.865662
194640.063599
194670.353760
194700.598083
194730.910583
194761.432678
194791.731750
194821.973328
194852.359253
194882.877197
194913.474548
194944.036194
194974.565735
195005.1