204440.001343
204469.761353
204499.789490
204529.753723
204559.833740
204589.811584
204619.817383
204649.810852
204679.760010
204709.757446
204739.707764
204769.698059
204799.628113
204829.643921
204859.524231
204889.514343
204919.434814
204949.418030
204979.370422
205009.368469
205039.291565
205069.213806
205099.195251
205129.145569
205159.171692
205189.126099
205219.130432
205249.024780
205279.005066
205308.925903
205338.893799
205368.840759
205398.791687
205428.810120
205458.749207
205488.765991
205518.701294
205548.750366
205578.697144
205608.713196
205638.676086
205668.691956
205698.652527
205728.655151
205758.711609
205788.706787
205818.761169
205848.822693
205878.836609
205908.849976
205938.838562
205968.810852
205998.740723
206028.769348
206058.701599
206088.735901
206118.694519
206148.707703
206178.655762
206208.697632
206238.677612
206268.725525
206298.748230
206328.714417
206358.727661
206388.673950
206418.701599
206448.659180
206478.667358
206508.629150
206538.633789
206568.810913
206598.828186
206628.796326
206658.763672
206688.805969
206718.751770
206748.763367
206778.684326
206808.682068
206838.724121
206868.792664
206898.731628
206928.781677
206958.782959
206988.815796
207018.826782
207048.820557
207078.949646
207109.149231
207139.200806
207169.194824
207199.237427
207229.208435
207259.230896
207289.219788
207319.270569
207349.281494
207379.322876
207409.318115
207439.291382
207469.325500
207499.296631
207529.323547
207559.286621
207589.300964
207619.280579
207649.342773
207679.353577
207709.318665
207739.358398
207769.348083
207799.376587
207829.325989
207859.379456
207889.334351
207919.375366
207949.340881
207979.379700
208009.363159
208039.336792
208069.366821
208099.336121
208129.369446
208159.380249
208189.437988
208219.460754
208249.533691
208279.540466
208309.706482
208339.687256
208369.702881
208399.663330
208429.667053
208459.611145
208489.567505
208519.605896
208549.578430
208579.619202
208609.568726
208639.587891
208669.599426
208699.626465
208729.650757
208759.697327
208789.668518
208819.695190
208849.683655
208879.642578
208909.689514
208939.674561
208969.704834
208999.697693
209030.635132
209061.737244
209092.737305
209122.543579
209152.431030
209182.222229
209212.073547
209242.207825
209272.037292
209301.891052
209331.709900
209361.523010
209391.292236
209421.415039
209451.229797
209481.060486
209511.467529
209541.701721
209571.820923
209601.596191
209631.259827
209660.950989
209690.645691
209720.291199
209750.019470
209779.698669
209809.421082
209839.071289
209868.786560
209898.471558
209928.229614
209957.891907
209987.639160
210017.290344
210046.956299
210076.691101
210106.415405
210136.221802
210165.925964
210195.660034
210225.345886
210255.153809
210284.837341
210314.590271
210344.255554
210373.981750
210403.682739
210433.306335
210463.033813
210492.726501
210522.455200
210552.145508
210581.887146
210611.551025
210641.319519
210671.016174
210700.801025
210730.500061
210760.247559
210789.910706
210819.638916
210849.421936
210879.156677
210908.929382
210938.657471
210968.473572
210998.217285
211027.950439
211057.919861
211087.629272
211117.324890
211147.055176
211176.715698
211206.407104
211236.462219
211266.192139
211295.926147
211325.609375
211355.373413
211385.060791
211414.831177
211444.553467
211474.354248
211504.051758
211533.750244
211563.447144
211593.152649
211622.882263
211652.596191
211682.332825
211711.990234
211741.823853
211771.805359
211801.602844
211831.369324
211861.195007
211890.930359
211920.746094
211950.516052
211980.280518
212010.044922
212039.768127
212069.519104
212099.251160
212128.996460
212158.667847
212188.420776
212218.120117
212247.849976
212277.597290
212307.346558
212337.123230
212366.841370
212396.645081
212426.356995
212456.063538
212485.840637
212515.563782
212545.396851
212575.150208
212604.924194
212634.635010
212664.426208
212694.237427
212723.980957
212753.744812
212783.542114
212813.884644
212844.306702
212874.907593
212905.664185
212936.531311
212967.416565
212998.265381
213029.068237
213059.919067
213090.709351
213121.514343
213152.363525
213183.2