tlb_msr,57525.000000,1782424327.000000,0.100000,32353896.000000,20539920.000000,32436945.000000,110915.000000,0.000000
tc,3559496.000000,109194563322.000000,0.820000,731930858.000000,117084328.000000,649577427.000000,525536.000000,0.108122
sssp,2967299.000000,49056400125.000000,0.630000,241156551.000000,95894554.000000,304069459.000000,503069.000000,0.332717
pr_spmv,1184361.000000,47035081243.000000,0.600000,401461195.000000,170084950.000000,512314105.000000,225532.000000,0.573097
pr,1231344.000000,48695113984.000000,0.590000,485970913.000000,204637555.000000,619468512.000000,224684.000000,0.829097
l2_msr,270376.000000,15115940346.000000,0.460000,705997739.000000,211140.000000,657901285.000000,23049.000000,0.156252
l1_msr,128905.000000,8673540405.000000,0.500000,412073934.000000,114105.000000,410950816.000000,15366.000000,0.120840
ins_msr,8805.000000,3468138.000000,0.620000,27409.000000,1729.000000,18417.000000,0.000000,0.000000
cc_sv,1050443.000000,43115562094.000000,0.640000,259685744.000000,118837781.000000,337752947.000000,203052.000000,0.083561
cc,1042915.000000,41056219808.000000,0.650000,178048842.000000,82601371.000000,225725815.000000,264178.000000,0.088269
bfs,1120819.000000,41289863658.000000,0.650000,173700287.000000,82785104.000000,227693531.000000,262389.000000,0.155550
bc,1106532.000000,43938950839.000000,0.630000,241883851.000000,112964265.000000,302996969.000000,156787.000000,0.146109
