----------------------------------------------------------------------------------------
File         | Answer       | Output       | Error        | Error%       | L1_I%        | Stalls%      | Ins%         | L2%          | TLB_D%       | L1_D%        | TLB_I%       | L3           |
----------------------------------------------------------------------------------------
pr           | 16.51        | 16.06        | -0.45        | 2.75         | -0.06        | 30.40        | 64.46        | 2.81         | 2.34         | -0.00        | -0.00        | 0.05         |
err_sssp_7   | 19465.13     | 17267.21     | -2197.92     | 11.29        | -0.01        | 14.69        | 84.95        | 0.29         | 0.06         | -0.00        | -0.00        | 0.02         |
tc           | 13.31        | 13.76        | 0.45         | 3.37         | -0.07        | 30.26        | 63.99        | 3.50         | 2.27         | -0.00        | -0.00        | 0.05         |
tlb_msr      | 48.49        | 46.79        | -1.70        | 3.51         | -0.00        | 4.44         | 1.79         | 30.01        | 62.63        | -0.00        | -0.00        | 1.13         |
err_sssp_10  | 46545.99     | 42031.78     | -4514.21     | 9.70         | -0.01        | 14.31        | 85.37        | 0.26         | 0.06         | -0.00        | -0.00        | 0.01         |
cc           | 11.02        | 11.17        | 0.15         | 1.36         | -0.05        | 30.18        | 63.99        | 3.13         | 2.71         | -0.00        | -0.00        | 0.04         |
err_bfs_7    | 10939.21     | 9828.46      | -1110.75     | 10.15        | -0.01        | 14.49        | 85.10        | 0.31         | 0.08         | -0.00        | -0.00        | 0.03         |
l2_msr       | 512.80       | 511.14       | -1.66        | 0.32         | -0.00        | 2.82         | 6.30         | 58.30        | 0.56         | -0.00        | -0.00        | 32.03        |
bc           | 17.43        | 17.32        | -0.11        | 0.63         | -0.06        | 30.23        | 64.29        | 3.26         | 2.23         | -0.00        | -0.00        | 0.04         |
err_bfs_10   | 11575.27     | 10313.89     | -1261.37     | 10.90        | -0.01        | 14.62        | 84.90        | 0.37         | 0.07         | -0.00        | -0.00        | 0.04         |
bfs          | 12.92        | 12.71        | -0.21        | 1.62         | -0.06        | 30.15        | 63.87        | 3.65         | 2.31         | -0.00        | -0.00        | 0.09         |
cc_sv        | 12.46        | 12.41        | -0.05        | 0.43         | -0.06        | 29.91        | 64.04        | 3.57         | 2.51         | -0.00        | -0.00        | 0.03         |
sssp         | 109.07       | 107.12       | -1.95        | 1.79         | -0.05        | 31.00        | 64.91        | 1.73         | 2.41         | -0.00        | -0.00        | 0.01         |
l1_msr       | 284.67       | 240.55       | -44.12       | 15.50        | -0.00        | 3.17         | 8.38         | 74.18        | 0.88         | -0.00        | -0.00        | 13.40        |
err_bfs_5    | 54.05        | 80.81        | 26.76        | 49.51        | -0.11        | 12.93        | 65.04        | 16.04        | 3.37         | -0.00        | -0.01        | 2.75         |
err_sssp_5   | 1428.12      | 1187.63      | -240.49      | 16.84        | -0.01        | 16.40        | 81.87        | 1.30         | 0.26         | -0.00        | -0.00        | 0.19         |
pr_spmv      | 18.41        | 18.25        | -0.15        | 0.84         | -0.06        | 30.27        | 65.01        | 2.56         | 2.21         | -0.00        | -0.00        | 0.00         |
Mean error: 8.265
