------------------------------------------------------------------------------------------------------------------------------------------------------------------------------------------------------
File                 | Reading      | Prediction   | Error        | Error%       | L1_I%        | Stalls%      | Ins%         | L2%          | L1_D%        | TLB_I%       | L3           |
------------------------------------------------------------------------------------------------------------------------------------------------------------------------------------------------------
520_err              | 20708.88     | 23138.00     | 2429.12      | 11.73        | -3.56        | 65.69        | 32.03        | -0.32        | -4.43        | 6.07         | 4.52         |
527_err              | 21011.94     | 23893.34     | 2881.40      | 13.71        | -8.01        | 31.71        | 68.34        | -0.28        | -5.44        | 13.06        | 0.62         |
605_err              | 45465.35     | 45004.11     | -461.24      | 1.01         | -0.54        | 69.01        | 25.55        | -0.91        | -8.47        | 1.80         | 13.56        |
602_err              | 52113.29     | 42195.00     | -9918.29     | 19.03        | -32.45       | 59.74        | 56.15        | -0.47        | -6.22        | 21.36        | 1.89         |
503_err              | 45717.63     | 38598.81     | -7118.82     | 15.57        | -0.69        | 28.67        | 75.43        | -0.63        | -6.15        | 2.34         | 1.03         |
621_err              | 341802.69    | 276223.21    | -65579.48    | 19.19        | -4.59        | 44.67        | 57.35        | -0.26        | -3.76        | 5.11         | 1.47         |
531_err              | 20664.10     | 19369.48     | -1294.61     | 6.27         | -5.26        | 38.11        | 64.92        | -0.03        | -0.79        | 1.74         | 1.31         |
654_err              | 318320.03    | 186669.28    | -131650.75   | 41.36        | -0.45        | 24.65        | 75.58        | -1.09        | -9.79        | 7.52         | 3.59         |
628_err              | 248613.12    | 198626.73    | -49986.39    | 20.11        | -4.17        | 30.39        | 75.01        | -0.29        | -6.74        | 5.02         | 0.78         |
538_err              | 31256.54     | 30714.39     | -542.15      | 1.73         | -0.80        | 9.09         | 93.51        | -0.01        | -2.53        | 0.71         | 0.03         |
544_err              | 21514.19     | 20253.82     | -1260.38     | 5.86         | -1.08        | 39.09        | 63.63        | -0.03        | -2.67        | 1.00         | 0.06         |
603_err              | 575692.07    | 508998.77    | -66693.31    | 11.58        | -0.28        | 14.68        | 82.30        | -0.26        | -2.84        | 5.93         | 0.48         |
631_err              | 22891.74     | 24410.95     | 1519.21      | 6.64         | -5.12        | 41.20        | 61.31        | -0.06        | -0.97        | 2.27         | 1.37         |
526_err              | 20946.05     | 16630.89     | -4315.15     | 20.60        | -7.38        | 33.42        | 71.14        | -0.10        | -2.24        | 4.52         | 0.65         |
521_err              | 45519.70     | 35295.98     | -10223.72    | 22.46        | -2.24        | 38.83        | 60.92        | -0.30        | -3.55        | 5.84         | 0.50         |
644_err              | 267143.73    | 182818.92    | -84324.82    | 31.57        | -0.42        | 30.66        | 71.02        | -0.03        | -2.34        | 1.05         | 0.06         |
638_err              | 463081.49    | 477081.02    | 13999.53     | 3.02         | -0.48        | 3.80         | 99.63        | -0.02        | -3.94        | 0.86         | 0.16         |
554_err              | 23514.28     | 22494.96     | -1019.32     | 4.33         | -1.20        | 32.42        | 74.71        | -1.00        | -9.65        | 1.76         | 2.96         |
627_err              | 272333.58    | 10544.48     | -261789.09   | 96.13        | -35.34       | 47.53        | 66.87        | -0.23        | -4.14        | 23.93        | 1.38         |
620_err              | 21985.91     | 22618.48     | 632.57       | 2.88         | -3.55        | 66.13        | 32.18        | -0.33        | -4.55        | 5.50         | 4.61         |
502_err              | 11158.20     | 14217.22     | 3059.01      | 27.41        | -30.31       | 63.81        | 55.38        | -0.55        | -5.71        | 14.31        | 3.07         |
505_err              | 21369.80     | 21060.01     | -309.79      | 1.45         | -1.02        | 64.11        | 30.51        | -0.72        | -7.81        | 1.79         | 13.16        |
541_err              | 31075.24     | 26225.56     | -4849.68     | 15.61        | -1.36        | 49.01        | 51.73        | -0.02        | -1.00        | 1.63         | 0.01         |
623_err              | 31070.52     | 27199.99     | -3870.53     | 12.46        | -39.31       | 62.25        | 58.97        | -0.31        | -7.65        | 25.17        | 0.87         |
548_err              | 26523.01     | 18358.84     | -8164.17     | 30.78        | -1.46        | 14.76        | 85.80        | -0.00        | -0.05        | 0.94         | 0.01         |
508_err              | 10582.20     | 11735.56     | 1153.36      | 10.90        | -1.72        | 8.48         | 99.17        | -0.05        | -7.28        | 1.33         | 0.07         |
519_err              | 10804.37     | 13920.46     | 3116.10      | 28.84        | -1.41        | 54.06        | 59.54        | -1.12        | -12.91       | 1.54         | 0.30         |
510_err              | 32248.15     | 27629.45     | -4618.71     | 14.32        | -1.90        | 32.54        | 79.64        | -1.08        | -11.70       | 2.21         | 0.29         |
607_err              | 181414.01    | 140882.74    | -40531.27    | 22.34        | -4.17        | 61.46        | 44.26        | -0.24        | -22.32       | 5.33         | 15.69        |
600_err              | 21047.68     | 16238.27     | -4809.41     | 22.85        | -33.72       | 20.90        | 107.01       | -0.08        | -2.07        | 7.82         | 0.14         |
525_err              | 22355.13     | 30623.72     | 8268.59      | 36.99        | -11.23       | 11.60        | 99.10        | -0.03        | -1.17        | 1.51         | 0.22         |
557_err              | 20531.68     | 23764.45     | 3232.77      | 15.75        | -1.04        | 44.29        | 55.87        | -0.09        | -2.37        | 1.99         | 1.36         |
619_err              | 103151.90    | 84120.44     | -19031.46    | 18.45        | -0.36        | 79.10        | 30.08        | -0.99        | -11.46       | 3.09         | 0.54         |
500_err              | 11988.45     | 17608.77     | 5620.32      | 46.88        | -32.61       | 20.77        | 98.71        | -0.08        | -1.93        | 15.00        | 0.14         |
507_err              | 10499.62     | 11921.99     | 1422.37      | 13.55        | -4.64        | 64.02        | 60.38        | -0.35        | -30.73       | 2.04         | 9.28         |
625_err              | 31191.16     | 32969.88     | 1778.72      | 5.70         | -13.17       | 13.58        | 93.92        | -0.04        | -1.28        | 6.78         | 0.23         |
549_err              | 23737.81     | 29204.05     | 5466.24      | 23.03        | -0.77        | 51.34        | 42.76        | -0.94        | -6.75        | 0.97         | 13.39        |
657_err              | 226111.64    | 142826.86    | -83284.78    | 36.83        | -0.60        | 55.34        | 38.71        | -0.14        | -2.13        | 2.96         | 5.86         |
641_err              | 265786.98    | 26923.73     | -238863.25   | 89.87        | -2.88        | 50.27        | 51.80        | -0.02        | -1.07        | 1.85         | 0.04         |
648_err              | 11162.98     | 18543.48     | 7380.50      | 66.12        | -1.78        | 15.02        | 85.72        | -0.00        | -0.10        | 1.14         | 0.01         |
523_err              | 11123.14     | 16218.49     | 5095.35      | 45.81        | -6.05        | 56.03        | 53.14        | -0.32        | -10.15       | 7.11         | 0.24         |
511_err              | 21594.06     | 14150.68     | -7443.37     | 34.47        | -50.45       | 17.88        | 145.25       | -0.00        | -14.59       | 1.91         | 0.02         |
------------------------------------------------------------------------------------------------------------------------------------------------------------------------------------------------------
Mean error: 23.219
