------------------------------------------------------------------------------------------------------------------------------------------------------------------------------------------------------
File         | Answer       | Output       | Error        | Error%       | L1_I%        | Stalls%      | Ins%         | L2%          | TLB_D%       | L1_D%        | TLB_I%       | L3           |
------------------------------------------------------------------------------------------------------------------------------------------------------------------------------------------------------
503_err      | 45717.63     | 36603.35     | -9114.29     | 19.94        | -0.62        | 40.86        | 73.59        | -7.49        | -0.97        | -7.59        | 1.51         | 0.71         |
544_err      | 21514.19     | 21849.09     | 334.90       | 1.56         | -0.85        | 48.97        | 54.57        | -0.29        | -0.11        | -2.90        | 0.57         | 0.04         |
538_err      | 31256.54     | 29278.85     | -1977.69     | 6.33         | -0.71        | 12.89        | 90.75        | -0.13        | -0.17        | -3.11        | 0.46         | 0.02         |
628_err      | 248613.12    | 196448.27    | -52164.85    | 20.98        | -3.59        | 41.52        | 70.16        | -3.33        | -0.43        | -7.97        | 3.11         | 0.52         |
531_err      | 20664.10     | 20338.98     | -325.11      | 1.57         | -4.26        | 49.05        | 57.19        | -0.35        | -2.59        | -0.88        | 1.01         | 0.82         |
621_err      | 341802.69    | 289038.54    | -52764.14    | 15.44        | -3.73        | 57.70        | 50.70        | -2.84        | -1.54        | -4.21        | 3.00         | 0.92         |
527_err      | 21011.94     | 23187.75     | 2175.81      | 10.36        | -7.02        | 44.16        | 65.15        | -3.23        | -1.16        | -6.56        | 8.25         | 0.42         |
520_err      | 20708.88     | 18872.34     | -1836.54     | 8.87         | -3.71        | 108.85       | 36.33        | -4.50        | -38.80       | -6.36        | 4.56         | 3.63         |
602_err      | 52113.29     | 43632.99     | -8480.31     | 16.27        | -26.69       | 78.08        | 50.23        | -5.13        | -3.31        | -7.04        | 12.66        | 1.20         |
605_err      | 45465.35     | 43846.94     | -1618.41     | 3.56         | -0.47        | 95.74        | 24.26        | -10.56       | -9.04        | -10.17       | 1.13         | 9.12         |
620_err      | 21985.91     | 18325.81     | -3660.10     | 16.65        | -3.72        | 110.31       | 36.75        | -4.67        | -40.00       | -6.57        | 4.16         | 3.73         |
627_err      | 272333.58    | 10820.89     | -261512.69   | 96.03        | -29.29       | 62.60        | 60.28        | -2.56        | -1.49        | -4.72        | 14.29        | 0.88         |
505_err      | 21369.80     | 21387.10     | 17.30        | 0.08         | -0.86        | 85.32        | 27.79        | -8.07        | -4.75        | -9.01        | 1.08         | 8.49         |
502_err      | 11158.20     | 14958.77     | 3800.57      | 34.06        | -24.50       | 81.96        | 48.70        | -5.96        | -4.10        | -6.35        | 8.34         | 1.91         |
603_err      | 575692.07    | 471921.51    | -103770.56   | 18.03        | -0.26        | 21.40        | 82.12        | -3.15        | -0.77        | -3.59        | 3.92         | 0.34         |
554_err      | 23514.28     | 19813.28     | -3701.01     | 15.74        | -1.16        | 49.74        | 78.47        | -12.88       | -4.78        | -12.82       | 1.22         | 2.20         |
638_err      | 463081.49    | 440701.19    | -22380.30    | 4.83         | -0.44        | 5.56         | 99.78        | -0.24        | -0.34        | -4.99        | 0.57         | 0.11         |
644_err      | 267143.73    | 190484.95    | -76658.79    | 28.70        | -0.34        | 39.77        | 63.06        | -0.37        | -0.15        | -2.63        | 0.62         | 0.04         |
521_err      | 45519.70     | 36345.14     | -9174.56     | 20.16        | -1.85        | 50.97        | 54.73        | -3.27        | -0.34        | -4.04        | 3.47         | 0.32         |
631_err      | 22891.74     | 25870.92     | 2979.18      | 13.01        | -4.11        | 52.54        | 53.52        | -0.64        | -2.41        | -1.07        | 1.31         | 0.85         |
526_err      | 20946.05     | 16983.42     | -3962.62     | 18.92        | -6.15        | 44.23        | 64.45        | -1.14        | -1.95        | -2.57        | 2.71         | 0.42         |
600_err      | 21047.68     | 15766.87     | -5280.81     | 25.09        | -29.53       | 29.09        | 101.96       | -0.99        | -3.07        | -2.50        | 4.94         | 0.10         |
510_err      | 32248.15     | 25154.56     | -7093.60     | 22.00        | -1.77        | 48.31        | 80.93        | -13.40       | -0.71        | -15.04       | 1.49         | 0.21         |
607_err      | 181414.01    | 146297.34    | -35116.67    | 19.36        | -3.42        | 79.99        | 39.43        | -2.63        | -1.27        | -25.15       | 3.14         | 9.90         |
519_err      | 10804.37     | 13944.72     | 3140.35      | 29.07        | -1.19        | 72.94        | 54.98        | -12.67       | -0.12        | -15.08       | 0.94         | 0.20         |
557_err      | 20531.68     | 22842.78     | 2311.10      | 11.26        | -0.92        | 62.27        | 53.77        | -1.11        | -13.33       | -2.89        | 1.27         | 0.93         |
525_err      | 22355.13     | 29704.31     | 7349.18      | 32.87        | -9.84        | 16.17        | 94.51        | -0.39        | -0.14        | -1.41        | 0.95         | 0.15         |
548_err      | 26523.01     | 18089.62     | -8433.39     | 31.80        | -1.26        | 20.25        | 80.55        | -0.02        | -0.05        | -0.06        | 0.59         | 0.01         |
623_err      | 31070.52     | 26164.88     | -4905.64     | 15.79        | -34.75       | 87.47        | 56.72        | -3.65        | -13.11       | -9.30        | 16.04        | 0.59         |
541_err      | 31075.24     | 29496.26     | -1578.98     | 5.08         | -1.03        | 58.90        | 42.55        | -0.19        | -0.08        | -1.04        | 0.89         | 0.01         |
508_err      | 10582.20     | 10964.32     | 382.12       | 3.61         | -1.56        | 12.27        | 98.20        | -0.55        | -0.15        | -9.12        | 0.87         | 0.05         |
523_err      | 11123.14     | 14126.85     | 3003.71      | 27.00        | -5.91        | 86.94        | 56.44        | -4.19        | -24.84       | -13.63       | 5.01         | 0.18         |
648_err      | 11162.98     | 18276.38     | 7113.39      | 63.72        | -1.54        | 20.60        | 80.46        | -0.05        | -0.06        | -0.12        | 0.71         | 0.01         |
641_err      | 265786.98    | 30409.75     | -235377.22   | 88.56        | -2.17        | 60.16        | 42.43        | -0.23        | -0.11        | -1.11        | 1.01         | 0.03         |
511_err      | 21594.06     | 14093.43     | -7500.63     | 34.73        | -43.08       | 24.26        | 134.92       | -0.05        | -0.08        | -17.15       | 1.17         | 0.01         |
507_err      | 10499.62     | 12453.97     | 1954.35      | 18.61        | -3.78        | 82.83        | 53.47        | -3.78        | -1.33        | -34.43       | 1.20         | 5.82         |
500_err      | 11988.45     | 16742.72     | 4754.28      | 39.66        | -29.16       | 29.52        | 96.04        | -0.93        | -2.86        | -2.37        | 9.67         | 0.10         |
619_err      | 103151.90    | 93874.80     | -9277.10     | 8.99         | -0.27        | 95.80        | 24.94        | -10.08       | -0.38        | -12.02       | 1.70         | 0.32         |
549_err      | 23737.81     | 26970.21     | 3232.41      | 13.62        | -0.71        | 75.13        | 42.84        | -11.55       | -7.30        | -8.55        | 0.65         | 9.50         |
625_err      | 31191.16     | 31708.09     | 516.93       | 1.66         | -11.65       | 19.08        | 90.34        | -0.49        | -0.20        | -1.56        | 4.32         | 0.16         |
------------------------------------------------------------------------------------------------------------------------------------------------------------------------------------------------------
Mean error: 21.589
