------------------------------------------------------------------------------------------------------------------------------------------------------------------------------------------------------
File         | Reading      | Prediction   | Error        | Error%       | L1_I%        | Stalls%      | Ins%         | L2%          | L1_D%        | TLB_I%       | L3           |
------------------------------------------------------------------------------------------------------------------------------------------------------------------------------------------------------
sssp_err     | 8716.53      | 5789.20      | -2927.32     | 33.58        | -0.30        | 67.23        | 30.48        | -0.17        | -1.86        | 3.06         | 1.56         |
pr_err       | 8719.55      | 5661.30      | -3058.25     | 35.07        | -0.29        | 70.56        | 29.60        | -0.34        | -3.93        | 1.70         | 2.70         |
cc_err       | 35890.42     | 23548.50     | -12341.92    | 34.39        | -0.28        | 70.41        | 28.32        | -0.12        | -1.20        | 1.67         | 1.19         |
bc_err       | 8723.34      | 5534.93      | -3188.42     | 36.55        | -0.27        | 66.45        | 30.38        | -0.19        | -2.02        | 2.13         | 3.52         |
pr_spmv_err  | 8714.18      | 6172.33      | -2541.85     | 29.17        | -0.24        | 70.88        | 28.13        | -0.40        | -4.69        | 2.97         | 3.34         |
cc_sv_err    | 8716.53      | 5454.26      | -3262.27     | 37.43        | -0.29        | 69.13        | 30.80        | -0.25        | -2.92        | 1.75         | 1.79         |
tc_err       | 70139.87     | 44479.93     | -25659.94    | 36.58        | -0.17        | 53.36        | 46.73        | -0.22        | -1.25        | 0.53         | 1.03         |
bfs_err      | 37573.19     | 22893.68     | -14679.51    | 39.07        | -0.28        | 69.67        | 29.01        | -0.12        | -1.21        | 1.86         | 1.06         |
------------------------------------------------------------------------------------------------------------------------------------------------------------------------------------------------------
Mean error: 35.230
