159810.101440
159833.589355
159863.175781
159892.702515
159922.287292
159951.882629
159981.534668
160011.153015
160040.810730
160070.414978
160099.995667
160129.618774
160159.145142
160188.731689
160218.408875
160248.026306
160277.612915
160307.292603
160336.885315
160366.542480
160396.202698
160425.815369
160455.481812
160485.125793
160514.955017
160544.526917
160574.180603
160603.819885
160633.483215
160663.112610
160692.809082
160722.464417
160752.146729
160781.835388
160811.502014
160841.200073
160870.819702
160900.491394
160930.110657
160959.798340
160989.413757
161019.071106
161048.671692
161078.352051
161107.987366
161137.686523
161167.326477
161196.910767
161226.585449
161256.198364
161285.875122
161315.533997
161345.252563
161374.949158
161404.724182
161434.464661
161464.169617
161493.954285
161523.655212
161553.429932
161583.402710
161613.143738
161642.838318
161672.614990
161702.311340
161732.095947
161761.934448
161791.673462
161821.411682
161851.198059
161880.907104
161910.571289
161940.347412
161970.093567
161999.902344
162029.702515
162059.538330
162089.304565
162119.112122
162148.860474
162178.658752
162208.388794
162238.132690
162267.838684
162297.631897
162327.302368
162357.011841
162386.681213
162416.452942
162446.141479
162475.888000
162505.578003
162535.366699
162565.093079
162594.829590
162624.507690
162654.216370
162683.886047
162713.549561
162743.253052
162773.034607
162802.780457
162832.536804
162862.315613
162892.006470
162921.737976
162951.444092
162981.184753
163010.843262
163040.635193
163070.324463
163100.073486
163129.795593
163159.506653
163189.207520
163218.973450
163248.687195
163278.375854
163308.119934
163337.789795
163367.553772
163397.211365
163426.965576
163456.670166
163486.455200
163516.132080
163545.887756
163575.570618
163605.299377
163635.021423
163664.719666
163694.491516
163724.213684
163753.989380
163783.678894
163813.468262
163843.167358
163872.942993
163902.622742
163932.445007
163962.168945
163991.917297
164021.672546
164051.421265
164081.141846
164110.916687
164140.653442
164170.425415
164200.178589
164230.640991
164261.752563
164292.768494
164322.827393
164352.392822
164382.035889
164411.614563
164441.263245
164470.840515
164500.489868
164530.049988
164559.696411
164589.253662
164618.815308
164648.460876
164678.018005
164707.663147
164737.462463
164767.597473
164797.135071
164826.666687
164856.135010
164885.660095
164915.153503
164944.713623
164974.226624
165003.678345
165033.220154
165062.670654
165092.191528
165121.669617
165151.187744
165180.674255
165210.206787
165239.690369
165269.216492
165298.698914
165328.240051
165357.723999
165387.259094
165416.708801
165446.149719
165475.693237
165505.148193
165534.676514
165564.107178
165593.641846
165623.099365
165652.599121
165682.078613
165711.518494
165741.064392
165770.489807
165800.009705
165829.461365
165858.906982
165888.474609
165917.949280
165947.482788
165976.973816
166006.516418
166036.042847
166065.596802
166095.073914
166124.541138
166154.080750
166183.588806
166213.149658
166242.670776
166272.227539
166301.775513
166331.343445
166360.897583
166390.484863
166420.002563
166449.572571
166479.072693
166508.623718
166538.105103
166567.615601
166597.203918
166626.765869
166656.303406
166685.833435
166715.393005
166744.937561
166774.511536
166804.032410
166833.554749
166863.139771
166892.680054
166922.318848
166951.973694
166981.647949
167011.322693
167040.993835
167070.583374
167100.252075
167129.818237
167159.364319
167189.006775
167218.549561
167248.213135
167277.869690
167307.556335
167337.188904
167366.782104
167396.442688
167426.036255
167455.739441
167485.407288
167515.053955
167544.772888
167574.520508
167604.278870
167634.059021
167663.772644
167693.437683
167723.118713
167752.844421
167782.570923
167812.298462
167841.944336
167871.600769
167901.208008
167931.243408
167961.545837
167991.897034
168022.410156
168052.910217
168083.328735
168113.684753
168144.050903
168174.400513
168204.893188
168235.192383
168265.463257
168295.769104
168326.107178
168356.292236
168386.513428
168416.670593
168447.111572
168477.5