221274.229492
221304.293762
221334.026367
221363.841125
221393.569153
221423.326904
221453.137573
221482.867676
221512.689880
221542.443848
221572.281799
221602.064331
221631.910706
221661.722473
221691.506653
221721.222656
221751.068298
221780.797974
221810.526489
221840.356201
221870.103210
221899.911377
221929.626953
221959.425354
221989.172974
222018.972168
222048.721130
222078.508972
222108.243347
222138.084900
222167.809448
222197.527222
222227.367981
222257.096436
222286.881653
222316.653503
222346.545776
222376.299622
222406.062683
222435.817261
222465.618958
222495.385071
222525.189514
222554.950806
222584.762695
222614.548096
222644.372070
222674.152039
222703.922607
222733.756348
222763.564819
222793.380066
222823.114380
222852.927063
222882.656860
222912.437561
222942.170044
222971.970642
223001.636963
223031.402527
223061.084473
223090.810303
223120.601746
223150.326355
223180.137939
223209.849976
223239.665039
223269.495789
223299.314697
223329.112305
223358.964722
223388.716675
223418.512085
223448.250610
223478.064331
223507.808472
223537.653870
223567.435730
223597.205688
223626.933899
223656.764221
223686.573303
223716.390564
223746.220337
223776.014648
223805.806580
223835.575623
223865.394836
223895.147095
223924.957092
223954.703613
223984.505249
224014.197510
224043.971863
224073.683655
224103.438904
224133.199402
224162.995605
224192.695374
224222.490906
224252.197144
224281.989258
224311.741150
224341.539307
224371.311279
224401.053894
224430.838196
224460.624634
224490.437317
224520.190186
224549.970398
224579.750977
224609.569214
224639.368774
224669.180725
224698.902893
224728.651489
224758.429016
224788.216492
224818.027649
224847.809448
224877.623047
224907.383301
224937.172546
224966.879883
224996.692871
225026.449951
225056.244263
225085.988281
225115.792847
225145.571167
225175.379761
225205.120605
225234.850891
225264.637024
225294.352478
225324.143799
225353.868103
225383.657593
225413.434509
225443.243835
225472.984009
225502.802917
225532.523804
225562.342834
225592.129639
225621.957275
225651.729919
225681.553345
225711.353760
225741.149292
225770.982300
225800.729004
225830.552307
225860.354126
225890.149170
225919.851746
225949.641113
225979.357239
226009.102844
226038.860779
226068.562561
226098.348938
226128.043579
226157.772339
226187.484924
226217.271973
226247.013306
226276.807129
226306.550110
226336.333740
226366.048523
226395.837402
226425.563782
226455.308228
226485.068359
226514.857239
226544.533752
226574.247925
226604.044800
226633.749695
226663.503967
226693.177490
226722.934692
226752.609192
226782.362549
226812.049255
226841.781494
226871.487244
226901.193726
226930.946533
226960.695435
226990.421082
227020.144775
227049.915466
227079.623840
227109.389709
227139.081604
227168.851501
227198.572876
227228.359192
227258.051880
227287.810242
227317.534363
227347.287659
227377.007690
227406.783569
227436.532288
227466.230042
227495.997437
227525.687988
227555.415161
227585.132263
227614.922546
227644.642029
227674.405823
227704.108521
227733.832581
227763.624695
227793.322021
227823.116394
227852.787537
227882.551697
227912.203979
227941.905396
227971.524597
228001.215515
228030.880005
228060.509277
228090.254211
228119.997314
228149.781860
228179.514282
228209.281250
228239.025818
228268.822205
228298.552612
228328.269104
228358.091858
228387.831238
228417.596130
228447.317688
228477.149170
228506.877441
228536.661804
228566.430054
228596.254089
228626.015442
228655.699402
228685.495789
228715.221619
228745.025452
228774.773254
228804.557861
228834.270447
228864.093994
228893.815002
228923.616821
228953.350464
228983.031189
229012.853699
229042.637329
229072.365601
229102.149109
229131.949646
229161.725769
229191.524292
229221.258972
229251.046021
229280.752441
229310.522400
229340.208557
229369.969849
229399.683350
229429.378967
229459.185059
229488.952454
229518.750122
229548.459412
229578.250977
229608.016968
229637.756104
229667.581970
229697.277710
229727.052490
229756.757263
229786.543823
229816.253906
229846.049194
229875.731140
229905.529907
229935.253906
229965.051025
229994.729614
230024.338501
230054.097290
230083.777344
230113.506165
230143.254822
230173.027039
230202.735168
230232.497864
230262.170227
230291.934265
230321.612671
230351.277832
230381.032349
230410.735718
230440.487000
230470.183228
230499.937927
230529.635498
230559.320496
230589.236023
230618.940186
230648.712097
230678.395447
230708.165039
230737.839722
230767.613403
230797.329224
230827.081421
230856.897400
230886.657471
230916.450500
230946.260925
230976.097168
231005.843750
231035.666687
231065.398315
231095.156067
231124.854797
231154.572083
231184.363525
231214.094666
231243.886719
231273.634766
231303.442322
231333.172119
231363.001770
231392.779968
231422.587280
231452.378723
231482.114929
231511.921387
231541.636841
231571.475769
231601.204834
231631.006348
231660.738220
231690.491150
231720.232178
231750.009766
231779.737427
231809.532654
231839.324646
231869.146912
231898.937195
231928.695496
231958.489319
231988.237244
232018.082947
232047.841553
232077.632996
232107.344666
232137.161438
232166.882812
232196.648254
232226.346802
232256.076050
232285.785889
232315.519836
232345.207092
232374.957581
232404.684692
232434.471191
232464.207275
232494.045776
232523.773438
232553.594666
232583.341553
232613.054321
232642.844971
232672.573059
232702.289185
232732.006348
232761.790161
232791.508484
232821.307617
232851.041870
232880.810059
232910.528381
232940.300903
232970.007690
232999.687805
233029.473572
233059.255310
233088.991638
233118.691650
233148.460876
233178.183350
233207.972046
233237.720215
233267.485229
233297.194702
233326.942505
233356.653137
233386.372192
233416.050293
233445.775879
233475.569031
233505.339783
233535.184692
233564.929199
233594.765564
233624.529114
233654.279297
233684.101562
233713.860901
233743.651428
233773.383362
233803.115967
233832.791504
233862.538452
233892.269714
233922.009033
233951.739868
233981.521301
234011.246094
234040.981445
234070.688782
234100.431641
234130.171265
234159.950623
234189.780396
234219.537476
234249.315186
234279.013123
234308.852905
234338.590210
234368.386353
234398.163818
234428.003784
234457.763306
234487.532471
234517.366028
234547.121643
234576.923035
234606.631042
234636.390625
234666.165894
234695.955078
234725.719177
234755.449402
234785.241394
234814.984924
234844.787476
234874.504822
234904.302185
234934.024963
234963.800598
234993.521667
235023.294373
235053.031311
235082.792969
235112.545837
235142.363220
235172.103821
235201.844543
235231.626221
235261.392395
235291.171997
235320.907471
235350.649414
235380.348816
235410.117737
235439.776306
235469.531494
235499.212769
235528.985718
235558.686890
235588.428589
235618.163818
235647.899353
235677.638184
235707.342651
235737.096497
235766.781311
235796.517273
235826.203308
235855.996826
235885.694336
235915.467590
235945.161743
235974.902893
236004.610840
236034.348694
236064.101196
236093.793945
236123.537231
236153.256592
236182.998047
236212.710022
236242.467468
236272.182251
236301.944946
236331.673279
236361.425720
236391.142212
236420.829712
236450.580566
236480.364197
236510.021851
236539.687439
236569.432861
236599.119324
236628.889465
236658.573486
236688.336365
236718.038940
236747.762451
236777.498291
236807.257874
236836.981140
236866.666565
236896.471619
236926.153687
236955.919006
236985.635498
237015.408447
237045.127197
237074.909668
237104.620178
237134.343689
237164.106384
237193.843567
237223.628235
237253.298462
237283.064758
237312.765137
237342.511841
237372.174500
237401.941040
237431.671143
237461.411011
237491.203308
237520.896729
237550.643433
237580.327515
237610.075562
237639.744080
237669.470764
237699.155701
237728.914185
237758.598999
237788.327515
237817.965454
237847.660339
237877.406494
237907.065674
237936.762573
237966.367798
237996.093750
238025.774841
238055.528442
238085.174377
238114.882507
238144.546204
238174.207153
238203.923889
238233.556030
238263.304871
238292.951660
238322.705688
238352.375427
238382.140808
238411.801147
238441.525208
238471.216003
238500.889587
238530.626892
238560.282532
238590.045593
238619.743042
238649.462280
238679.100647
238708.826843
238738.475342
238768.212585
238797.857544
238827.514343
238857.247009
238886.886658
238916.612488
238946.237183
238976.013245
239005.686523
239035.481873
239065.152649
239094.829163
239124.504395
239154.147217
239183.868958
239213.532410
239243.235535
239272.900146
239302.614014
239332.296143
239362.008911
239391.661499
239421.310913
239451.044556
239480.702942
239510.405273
239540.074890
239569.803467
239599.446167
239629.205933
239658.848511
239688.604126
239718.277222
239748.032043
239777.724487
239807.425171
239837.186279
239866.902039
239896.686462
239926.380920
239956.152161
239985.811584
240015.513123
240045.183411
240074.976135
240104.680542
240134.500305
240164.204773
240193.925293
240223.681274
240253.346375
240283.092041
240312.800476
240342.607117
240372.315918
240402.122375
240431.834167
240461.562317
240491.322937
240521.028259
240550.809631
240580.512878
240610.319275
240639.950256
240669.680054
240699.337524
240729.015076
240758.700439
240788.328918
240818.059937
240847.780212
240877.503113
240907.195435
240936.912659
240966.624390
240996.389099
241026.060608
241055.838013
241085.541382
241115.331726
241145.042786
241174.812500
241204.537170
241234.209778
241264.007629
241293.872314
241323.863708
241353.806641
241383.842468
241414.157837
241445.208862
241476.193237
241507.233521
241538.185913
241569.182312
241600.135986
241631.151245
241662.127686
241693.149048
241724.186279
241755.171692
241786.223816
241817.215454
241848.265259
241879.250061
241910.275574
241940.045349
241969.776367
241999.440857
242029.168457
242058.837708
242088.504700
242118.226135
242147.896240
242177.677979
242207.368652
242237.138550
242266.804688
242296.554504
242326.220703
242355.956726
242385.598694
242415.300415
242444.976379
242474.618652
242504.333313
242533.997803
242563.756592
242593.393921
242623.095032
242652.790222
242682.489624
242712.105103
242741.784729
242771.475098
242801.180298
242830.804504
242860.529846
242890.196960
242919.933655
242949.600525
242979.315002
243008.971619
243038.645630
243068.356812
243098.026550
243127.722229
243157.403076
243187.137878
243216.815308
243246.583496
243276.238098
243305.954895
243335.628113
243365.319214
243394.971069
243424.676392
243454.346924
243484.048340
243513.732788
243543.402100
243573.035583
243602.719482
243632.368103
243662.106567
243691.742432
243721.393188
243751.057922
243780.710815
243810.382690
243840.073486
243869.843384
243899.546753
243929.340759
243959.048096
243988.828491
244018.490234
244048.248474
244077.993408
244107.692444
244137.416199
244167.051086
244196.811218
244226.515198
244256.298767
244285.951111
244315.676147
244345.357605
244375.112427
244404.773682
244434.480957
244464.349670
244494.588196
244524.691772
244554.786926
244584.829773
244614.700928
244644.372375
244673.937012
244703.490601
244732.963684
244762.511353
244792.024536
244821.577148
244851.104431
244880.638611
244910.121948
244939.594116
244969.164062
244998.612671
245028.154419
245057.627686
245087.132324
245116.601135
245146.166565
245175.651611
245205.196045
245234.696777
245264.223022
245293.701294
245323.198792
245352.719543
245382.188232
245411.719482
245441.194397
245470.651245
245500.186096
245529.726624
245559.189270
245588.749451
245618.229492
245647.786560
245677.285645
245706.834167
245736.310791
245765.840393
245795.309387
245824.879639
245854.299316
245883.885010
245913.420898
245942.997437
245972.470215
246001.976624
246031.549316
246061.014893
246090.609741
246120.099121
246149.599182
246179.134460
246208.674377
246238.175720
246267.734436
246297.235962
246326.769287
246356.313110
246385.798523
246415.353821
246444.865662
246474.373169
246503.865601
246533.426819
246562.901184
246592.460999
246621.980591
246651.550354
246681.055176
246710.575562
246740.118774
246769.624207
246799.194153
246828.698425
246858.240112
246887.709412
246917.244690
246946.693665
246976.219604
247005.726501
247035.205078
247064.771667
247094.258423
247123.826294
247153.317322
247182.873230
247212.353577
247241.903809
247271.403137
247300.959351
247330.440491
247359.977722
247389.508240
247419.053284
247448.545044
247478.120972
247507.657349
247537.149475
247566.750610
247596.208191
247625.743896
247655.212769
247684.729980
247714.190979
247743.699036
247773.261230
247802.769897
247832.325317
247861.781311
247891.331970
247920.788696
247950.330688
247979.792847
248009.313110
248038.808044
248068.344910
248097.831360
248127.327942
248156.885315
248186.373169
248215.945068
248245.417419
248274.960938
248304.462219
248334.045349
248363.558411
248393.109436
248422.611755
248452.134827
248481.692688
248511.182373
248540.733704
248570.236267
248599.820801
248629.295715
248658.856628
248688.353210
248717.880371
248747.430359
248776.883911
248806.434875
248835.879150
248865.375000
248894.837219
248924.390686
248953.857300
248983.387146
249012.908630
249042.372864
249071.930603
249101.450562
249130.985657
249160.467834
249190.044189
249219.510681
249249.035583
249278.547607
249308.092285
249337.583435
249367.166687
249396.672974
249426.155273
249455.742981
249485.280334
249514.823425
249544.301025
249573.877747
249603.353882
249632.891724
249662.405823
249691.979675
249721.507141
249751.098389
249780.605530
249810.119385
249839.687744
249869.232605
249898.762085
249928.245178
249957.809082
249987.269287
250016.804565
250046.326965
250075.805420
250105.383728
250134.890137
250164.413208
250193.906982
250223.444275
250252.922363
250282.466858
250311.962646
250341.508850
250370.999207
250400.510864
250430.013733
250459.561096
250489.078735
250518.618469
250548.093079
250577.587891
250607.112244
250636.609131
250666.141663
250695.606384
250725.175659
250754.675049
250784.176147
250813.675171
250843.112305
250872.641174
250902.084106
250931.597839
250961.045654
250990.584595
251020.062012
251049.570435
251078.995056
251108.534241
251137.976013
251167.489746
251196.956116
251226.470581
251255.948425
251285.469421
251314.960144
251344.476685
251373.921692
251403.459351
251432.914124
251462.337036
251491.879028
251521.359192
251550.856995
251580.338989
251609.845642
251639.340881
251668.876038
251698.326416
251727.781189
251757.297302
251786.775513
251816.294434
251845.749268
251875.290161
251904.732910
251934.237915
251963.716736
251993.213013
252022.672485
252052.186462
252081.643372
252111.148376
252140.589966
252170.133972
252199.578247
252229.019470
252258.570312
252288.005066
252317.504639
252346.956421
252376.483521
252405.946777
252435.473999
252464.959778
252494.504089
252523.960022
252553.533142
252583.020752
252612.541748
252642.022095
252671.513611
252700.993469
252730.542908
252760.026245
252789.517395
252819.053894
252848.538818
252878.049011
252907.507629
252937.028931
252966.447205
252995.943665
253025.426453
253054.931824
253084.364990
253113.866882
253143.373413
253172.933838
253202.453247
253231.972900
253261.469360
253290.977661
253320.583740
253350.035889
253379.527588
253408.983948
253438.546997
253468.009399
253497.528137
253527.036011
253556.536926
253586.050232
253615.531067
253645.069519
253674.563293
253704.099182
253733.587280
253763.095215
253792.536011
253822.095032
253851.537659
253881.055969
253910.529785
253940.059387
253969.489258
253999.017029
254028.474976
254057.992981
254087.458801
254116.949707
254146.472595
254175.925598
254205.449524
254234.864319
254264.377319
254293.841980
254323.356567
254352.816895
254382.351074
254411.800171
254441.268738
254470.757202
254500.224670
254529.701233
254559.144104
254588.665466
254618.130310
254647.643616
254677.064392
254706.612488
254736.080505
254765.550537
254795.088257
254824.555847
254854.062683
254883.510376
254913.043701
254942.507446
254972.028442
255001.527527
255031.049744
255060.521545
255090.054871
255119.550415
255149.023010
255178.566040
255208.017761
255237.540161
255267.007507
255296.569458
255326.031128
255355.547119
255385.005432
255414.536072
255443.962646
255473.463501
255502.946472
255532.512085
255562.035950
255591.509094
255621.018494
255650.566956
255680.045471
255709.537231
255739.072449
255768.552917
255798.088318
255827.533020
255857.042664
255886.515808
255916.027954
255945.480835
255975.015930
2560