----------------------------------------------------------------------------------------
File		Answer	Output	Error	Error%	L1_I%	Stalls%	Ins%	L2%	    TLB_D%	 L1_D%	TLB_I%	L3%
----------------------------------------------------------------------------------------
tc		    294.40	312.77	18.37	6.24	-109.84	173.69	-109.58	432.03	15.89	-256.47	26.53	-72.25	
pr		    140.84	179.75	38.91	27.62	-72.33	155.99	-64.20	538.91	39.12	-432.33	30.14	-95.29	
bfs		    127.82	121.90	-5.92	4.63	-87.22	192.60	-87.37	275.77	28.15	-226.03	39.36	-35.26	
cc		    122.17	131.74	9.58	7.84	-54.93	173.10	-79.93	246.46	25.21	-206.22	31.84	-35.53		
l2_msr		455.69	378.52	-77.17	16.93	-0.60	22.37	-6.82	337.26	0.01	-202.77	0.70	-50.15
cc_sv		131.09	117.17	-13.92	10.62	-92.28	204.94	-92.94	415.56	35.27	-337.42	34.70	-67.84
sssp		357.74	381.47	23.73	6.63	-79.06	207.48	-62.55	122.44	10.51	-102.28	27.06	-23.63
bc		    147.94	127.73	-20.21	13.66	-103.73	208.28	-88.80	359.79	37.55	-292.98	34.10	-54.21
pr_spmv		141.25	114.25	-27.00	19.12	-104.92	234.20	-99.87	629.92	48.90	-529.93	45.34	-123.62	
tlb_msr		49.29	48.89	-0.40	0.82	-3.67	31.81	-1.29	119.86	20.97	-77.79	11.19	-1.09	
l1_msr		259.99	269.63	9.64	3.71	-0.45	16.80	-5.98	278.06	0.01	-178.16	0.73	-11.02
Mean error: 10.711
