765714
43570600081
243102529
112272286
299114201
75.160828
698007
40398408824
175671536
81218360
222823293
70.343689
678860
40665828324
176093412
81760401
224591995
70.690857
663795
42824819774
258895505
117789438
333848281
73.608276
8896
3511309
28743
1806
19085
0.094971
83506
8686071687
411951511
61091
411212241
140.429932
193099
15218679652
697204607
96086
657925917
236.586853
825196
47830181828
456218588
192027762
577870187
83.566528
811228
46297800148
400012911
169581651
507459456
81.042419
2693283
47741108595
243261725
97136619
301188717
82.972656
2928163
108960139800
731865361
115375276
646780444
184.991577
47540
1818894654
32345669
20551755
32593701
27.190491
a
