Weights for each field: 
l1_icache: -5.455940e-06
cycles: 1.651485e-10
ins: 1.931654e-01
l2: 8.151070e-07
tlb_data: 3.494010e-07
l1_dcache: -3.366766e-07
tlb_ins: 7.129178e-05
l3: -5.481935e-06

----------------------------------------------------------------------------------------
File		Answer	Output	Error	Error%	L1_I%	Cycles%	IPC%	L2%   TLB_Data%	L1_D%  TLB_Ins% L3%
----------------------------------------------------------------------------------------
pr_spmv		80.48	88.99	8.51	10.57	-7.16	8.74	0.13	362.41	65.77	-192.95	18.61	-155.54
bc		    75.18	68.45	-6.73	8.95	-9.08	10.61	0.18	282.76	56.36	-145.98	15.52	-110.36
cc		    70.11	70.22	0.11	0.16	-8.62	9.81	0.18	203.67	39.91	-107.38	32.21	-69.77
tc		    184.23	224.91	40.68	22.08	-8.34	8.02	0.07	265.77	17.66	-95.23	14.59	-102.54
l1_msr		147.55	167.76	20.21	13.70	-0.40	0.86	0.06	200.53	0.02	-82.47	0.62	-19.22
pr		    82.30	92.07	9.77	11.87	-7.28	8.59	0.13	400.21	71.09	-211.24	16.86	-178.36
ins_msr		0.13	0.13	0.00	0.03	-35.61	0.44	91.32	17.76	0.46	-4.86	30.50	-0.00
err_bfs		0.86	0.84	-0.03	3.20	-6630.	33.87	21.04	2708.39	59.20	-1101.	5377.30	-368.15
err_sssp	1.98	2.05	0.07	3.50	-2979.	18.42	8.58	1053.72	24.35	-484.02	2619.03	-160.42
l2_msr		257.85	170.28	-87.57	33.96	-1.08	1.49	0.05	335.22	0.02	-129.99	1.13	-106.84
cc_sv		74.01	71.74	-2.27	3.07	-8.38	9.91	0.17	290.63	55.86	-154.79	21.42	-114.82
bfs		    70.36	69.03	-1.33	1.89	-8.57	9.76	0.18	208.15	40.34	-105.37	27.34	-71.83
sssp		83.33	59.41	-23.92	28.70	-29.91	13.18	0.21	332.88	56.10	-168.66	56.68	-160.49
tlb_msr		28.65	25.61	-3.04	10.62	-1.06	1.16	0.07	103.04	27.80	-42.75	13.06	-1.32
Mean error: 10.879
