------------------------------------------------------------------------------------------------------------------------------------------------------------------------------------------------------
File                 | Reading      | Prediction   | Error        | Error%       | L1_I%        | Stalls%      | Ins%         | L2%          | L1_D%        | TLB_I%       | L3           |
------------------------------------------------------------------------------------------------------------------------------------------------------------------------------------------------------
sssp                 | 8723.74      | 6120.64      | -2603.10     | 29.84        | -0.28        | 99.94        | 0.41         | -0.00        | -0.07        |
bfs                  | 37572.25     | 22893.90     | -14678.35    | 39.07        | -0.28        | 100.05       | 0.28         | -0.00        | -0.05        |
cc_sv                | 8728.31      | 5842.44      | -2885.87     | 33.06        | -0.26        | 99.71        | 0.63         | -0.00        | -0.08        |
pr_spmv              | 8719.11      | 6055.73      | -2663.37     | 30.55        | -0.27        | 99.33        | 1.11         | -0.00        | -0.18        |
tc                   | 70175.62     | 71839.16     | 1663.54      | 2.37         | -0.10        | 99.95        | 0.18         | -0.00        | -0.03        |
cc                   | 36313.46     | 23081.55     | -13231.91    | 36.44        | -0.26        | 100.03       | 0.28         | -0.00        | -0.06        |
pr                   | 8729.84      | 5834.12      | -2895.72     | 33.17        | -0.29        | 99.53        | 0.89         | -0.00        | -0.13        |
bc                   | 8726.09      | 5827.91      | -2898.18     | 33.21        | -0.27        | 99.99        | 0.45         | -0.00        | -0.17        |
------------------------------------------------------------------------------------------------------------------------------------------------------------------------------------------------------
Mean error: inf
