166144.573120
166174.571289
166204.531433
166234.414124
166264.335632
166294.228027
166324.169250
166354.037842
166384.002747
166413.931824
166443.887878
166473.807007
166503.700378
166533.629089
166563.512878
166593.484497
166623.366943
166653.348816
166683.260376
166713.256836
166743.198853
166773.200073
166803.121948
166833.089050
166863.000122
166892.892151
166922.881836
166952.777771
166982.720642
167012.598816
167042.556396
167072.430542
167102.360352
167132.253479
167162.167847
167192.049683
167222.000671
167251.889404
167281.760315
167311.726807
167341.609985
167371.574402
167401.510620
167431.465271
167461.342346
167491.307678
167521.182007
167551.055237
167581.018127
167611.002563
167640.911194
167670.838684
167700.819092
167730.739014
167760.746460
167790.644287
167820.621826
167850.565491
167880.510193
167910.436218
167940.363159
167970.274719
168000.241699
168030.264893
168060.171692
168090.158508
168120.121826
168150.163086
168180.361084
168210.377930
168240.309937
168270.295044
168300.248352
168330.283447
168360.203979
168390.186646
168420.042908
168449.993958
168479.887573
168509.773438
168539.748230
168569.653748
168599.627197
168629.542603
168659.504028
168689.431641
168719.416443
168749.341553
168779.324646
168809.237854
168839.225525
168869.163513
168899.165344
168929.130737
168959.158630
168989.081970
169019.097046
169049.093689
169079.044861
169109.054688
169139.053711
169169.072449
169199.031616
169229.051575
169259.009827
169289.047119
169319.014099
169348.968384
169378.998413
169408.969482
169438.987061
169468.981445
169498.997253
169528.954651
169558.981018
169588.957031
169618.963501
169648.895203
169678.911194
169708.856812
169738.824463
169768.861450
169798.790405
169828.789856
169858.877869
169888.890015
169918.831970
169948.837952
169978.778809
170008.786072
170038.746765
170068.750366
170098.687378
170128.689270
170158.634888
170188.572144
170218.623779
170248.644897
170278.660156
170308.592468
170338.630859
170368.584167
170398.554199
170428.478394
170458.431885
170488.361694
170518.306580
170548.273438
170578.199341
170608.192139
170638.113892
170668.092468
170698.031616
170728.034058
170757.972717
170787.957214
170818.461487
170849.611572
170880.821228
170911.499451
170941.338379
170971.142517
171000.955017
171030.784729
171060.646729
171090.480469
171120.321411
171150.185974
171179.994202
171209.848450
171239.594177
171269.305603
171299.024475
171328.774597
171358.534485
171388.285095
171418.010071
171447.829346
171477.508911
171507.298523
171537.020813
171566.858887
171596.579468
171626.334045
171656.474548
171686.633057
171716.607422
171746.218140
171775.873413
171805.460571
171835.145447
171864.767822
171894.455200
171924.098083
171953.718811
171983.381226
172013.073181
172042.622620
172072.205566
172101.866455
172131.485291
172161.171509
172190.777832
172220.378418
172250.031860
172279.616089
172309.266663
172338.932251
172368.506104
172398.147888
172427.821716
172457.424683
172487.019409
172516.651184
172546.327820
172575.919312
172605.602112
172635.184998
172664.742371
172694.393127
172723.949097
172753.575623
172783.134033
172812.788879
172842.350769
172872.082703
172901.680176
172931.347107
172961.026550
172990.616943
173020.225525
173049.840088
173079.482422
173109.068726
173138.731873
173168.312378
173197.991150
173227.649658
173257.258362
173286.901794
173316.574585
173346.277527
173375.913208
173405.605896
173435.168091
173464.798523
173494.395874
173524.060852
173553.705688
173583.285950
173612.932434
173642.513977
173672.189758
173701.834595
173731.490417
173761.069885
173790.727783
173820.369324
173850.059631
173879.672974
173909.242188
173938.774719
173968.414612
173998.008484
174027.605225
174057.314880
174087.014282
174116.849609
174146.615234
174176.451416
174206.248352
174236.039612
174265.866394
174295.585449
174325.406006
174355.121094
174384.899414
174414.643982
174444.410583
174474.145386
174503.929016
174533.708557
174563.445679
174593.288391
174622.998352
174652.781555
174682.559082
174712.358826
174742.091003
174771.838745
174801.650574
174831.382324
174861.1