799880 0.63 244755694 112161360 298826970 75.263794
725530 0.65 176533690 81170192 222912227 70.703674
647162 0.65 176983498 81625070 224719291 69.942810
683244 0.65 259874874 117988206 333340946 74.367065
8527 0.62 27373 1736 18397 0.077759
88114 0.49 412012388 66207 411210811 142.235718
276557 0.46 698682776 96516 657910188 240.032043
891182 0.60 483714237 203094229 613400312 84.461609
819116 0.60 400633603 170073928 508082518 81.222534
2649810 0.64 244835471 96789387 301103539 84.954407
2781145 0.82 730560735 115408844 645201057 184.529419
50400 0.10 32350051 20552280 32605089 27.319214
a
