146167.486145
146170.211670
146172.947388
146175.668457
146178.383423
146181.168762
146183.930115
146186.695862
146189.483337
146192.261292
146194.939331
146197.761658
146200.493286
146203.246155
146205.942749
146208.641357
146211.320007
146213.998962
146216.662292
146219.367554
146222.059875
146224.746948
146227.428345
146230.118713
146232.814514
146235.496216
146238.180908
146240.860962
146243.506348
146246.137085
146248.777100
146251.399536
146254.088989
146256.732605
146259.378601
146262.032043
146264.646423
146267.224182
146269.784546
146272.349609
146274.896973
146277.465698
146279.996216
146282.566223
146285.149475
146287.727600
146290.309875
146292.878357
146295.441406
146297.996765
146300.558044
146303.101318
146305.620911
146308.178284
146310.740845
146313.290955
146315.844055
146318.401489
146320.961365
146323.514343
146326.077515
146328.637817
146331.213074
146333.804932
146336.370239
146338.946838
146341.531494
146344.111084
146346.696106
146349.281860
146351.853699
146354.436340
146356.987366
146359.576111
146362.135010
146364.707581
146367.296082
146369.849121
146372.406128
146374.963867
146377.524170
146380.089722
146382.640625
146385.195374
146387.757874
146390.319214
146392.881653
146395.432312
146397.994446
146400.564148
146403.114746
146405.677856
146408.253418
146410.819824
146413.292419
146415.801147
146418.311768
146420.828369
146423.339233
146425.853638
146428.370483
146430.931091
146433.490417
146436.056946
146438.601685
146441.116211
146443.627319
146446.139587
146448.654053
146451.171204
146453.688782
146456.210205
146458.724426
146461.279053
146463.834839
146466.391235
146468.858643
146471.414124
146473.873474
146476.383179
146478.892151
146481.399780
146483.913025
146486.455994
146488.971680
146491.482117
146493.993164
146496.506775
146499.014893
146501.524780
146504.038574
146506.545898
146509.057922
146511.569580
146514.079468
146516.589966
146519.102783
146521.626892
146524.087830
146526.595520
146529.107300
146531.621826
146534.129578
146536.641724
146539.148560
146541.664978
146544.172974
146546.685852
146549.197205
146551.706604
146554.216248
146556.729492
146559.239441
146561.764893
146564.337646
146566.900574
146569.466980
146572.034119
146574.543213
146577.007996
146579.515259
146582.024170
146584.557312
146587.064575
146589.576111
146592.086365
146594.603882
146597.112122
146599.620300
146602.129333
146604.643311
146607.156555
146609.664795
146612.176697
146614.690796
146617.196289
146619.713562
146622.237915
146624.808594
146627.355591
146629.856384
146632.463623
146634.945190
146637.457092
146640.018188
146642.535950
146645.050232
146647.562866
146650.076172
146652.589050
146655.106079
146657.622498
146660.135132
146662.648132
146665.164551
146667.679016
146670.191223
146672.702209
146675.214661
146677.728638
146680.245239
146682.747498
146685.262390
146687.724243
146690.233826
146692.744568
146695.253296
146697.764160
146700.274414
146702.787842
146705.304626
146707.820068
146710.328796
146712.840820
146715.382568
146717.896301
146720.404663
146722.917419
146725.433228
146727.946106
146730.459473
146732.963135
146735.469177
146737.980225
146740.445068
146742.958984
146745.466919
146747.977966
146750.486084
146752.996460
146755.512573
146758.024719
146760.531128
146763.039612
146765.549561
146768.061584
146770.574951
146773.088013
146775.595093
146778.106323
146780.617554
146783.130249
146785.634949
146788.145203
146790.668274
146793.147461
146795.658081
146798.166199
146800.674683
146803.185486
146805.692383
146808.200867
146810.710327
146813.218872
146815.724182
146818.236206
146820.747131
146823.284790
146825.841431
146828.362305
146830.881226
146833.385498
146835.903564
146838.413269
146840.923218
146843.388367
146845.894714
146848.404968
146850.916016
146853.428772
146855.934570
146858.452637
146860.958252
146863.463318
146865.972107
146868.525879
146871.093323
146873.662292
146876.228760
146878.801208
146881.321289
146883.841492
146886.347473
146888.856445
146891.368530
146893.882446
146896.396118
146898.856201
146901.367981
146903.880127
146906.390930
146908.902588
146911.414612
146913.925415
146916.439392
146918.952087
146921.469849
146923.979980
146926.491028
146928.996887
146931.512695
146934.025818
146936.544067
146939.051697
146941.560913
146944.099121
146946.618042
146949.131836
146951.653931
146954.172913
146956.745544
146959.319031
146961.881836
146964.393555
146966.902283
146969.412964
146971.927124
146974.437927
146976.955811
146979.463806
146981.978516
146984.489685
146987.014404
146989.513489
146992.029297
146994.535828
146997.044983
146999.557983
147002.019714
147004.529724
147007.040771
147009.548950
147012.065247
147014.574097
147017.084167
147019.608887
147022.140686
147024.652283
147027.169617
147029.678345
147032.189880
147034.726196
147037.243958
147039.787415
147042.309204
147044.833191
147047.355103
147049.871521
147052.383972
147054.897400
147057.412354
147059.935913
147062.404175
147064.919861
147067.433411
147069.979370
147072.548401
147075.102173
147077.619995
147080.133545
147082.645752
147085.159485
147087.693665
147090.208557
147092.726501
147095.245239
147097.793945
147100.307739
147102.831116
147105.348022
147107.865173
147110.389465
147112.868103
147115.393372
147117.909912
147120.440979
147122.957520
147125.476929
147127.996643
147130.518311
147133.028259
147135.537903
147138.054016
147140.567871
147143.085449
147145.598267
147148.119019
147150.630432
147153.144104
147155.649719
147158.167053
147160.710999
147163.244141
147165.764038
147168.283875
147170.762695
147173.310364
147175.837524
147178.373779
147180.890320
147183.402832
147185.913513
147188.447998
147191.017090
147193.584900
147196.155640
147198.712341
147201.219971
147203.731628
147206.258057
147208.760803
147211.274353
147213.789795
147216.302795
147218.812988
147221.322021
147223.784363
147226.295837
147228.814453
147231.323425
147233.836914
147236.349060
147238.859497
147241.373840
147243.887878
147246.399719
147248.938843
147251.510864
147254.080322
147256.658691
147259.230469
147261.749268
147264.261902
147266.770752
147269.281982
147271.802917
147274.375122
147276.940369
147279.460815
147281.996582
147284.508362
147287.020203
147289.529968
147292.042603
147294.558105
147297.068604
147299.577332
147302.088867
147304.606262
147307.118469
147309.635315
147312.139954
147314.659668
147317.172791
147319.684082
147322.210083
147324.781860
147327.361572
147329.937195
147332.488831
147334.954773
147337.465698
147339.978394
147342.500000
147345.020264
147347.534607
147350.049255
147352.563843
147355.090637
147357.648560
147360.172058
147362.690796
147365.208069
147367.720032
147370.244446
147372.760803
147375.294373
147377.830688
147380.347717
147382.877075
147385.403381
147387.949463
147390.417603
147392.960266
147395.492188
147398.011841
147400.523865
147403.066772
147405.583252
147408.095276
147410.605652
147413.118225
147415.635559
147418.190491
147420.712891
147423.239990
147425.765625
147428.309326
147430.866821
147433.420532
147435.944885
147438.494019
147441.011047
147443.495361
147446.025757
147448.573181
147451.098816
147453.628784
147456.151794
147458.710510
147461.235962
147463.750122
147466.258789
147468.789307
147471.333740
147473.890747
147476.449463
147478.993225
147481.507629
147484.020081
147486.533203
147489.050964
147491.562500
147494.022400
147496.536438
147499.047485
147501.563965
147504.077148
147506.593079
147509.103271
147511.615967
147514.126160
147516.640930
147519.156128
147521.676086
147524.185608
147526.699219
147529.205627
147531.724304
147534.237061
147536.747375
147539.268982
147541.781128
147544.292786
147546.803711
147549.315308
147551.776794
147554.293823
147556.836304
147559.346497
147561.858887
147564.372192
147566.880432
147569.393860
147571.905701
147574.416382
147576.940735
147579.453491
147581.966187
147584.477722
147586.992859
147589.506653
147592.016479
147594.532471
147597.049866
147599.564026
147602.076416
147604.534424
147607.047485
147609.561279
147612.070618
147614.580688
147617.093018
147619.609558
147622.125427
147624.639282
147627.149597
147629.670471
147632.235352
147634.805908
147637.379456
147639.953918
147642.525452
147645.094482
147647.668579
147650.236389
147652.766663
147655.238770
147657.759033
147660.278320
147662.836792
147665.406738
147667.976868
147670.544678
147673.084106
147675.603088
147678.117798
147680.630493
147683.151611
147685.656677
147688.172791
147690.688110
147693.200684
147695.713684
147698.228699
147700.736389
147703.254333
147705.763611
147708.311951
147710.798279
147713.312378
147715.828674
147718.339844
147720.854736
147723.369751
147725.886292
147728.402283
147730.919556
147733.443909
147735.956055
147738.469238
147740.982117
147743.501709
147746.016785
147748.525391
147751.036499
147753.552551
147756.064819
147758.583496
147761.096619
147763.564697
147766.080017
147768.594543
147771.109924
147773.623291
147776.132202
147778.642029
147781.155090
147783.680908
147786.284180
147788.810181
147791.363342
147793.924377
147796.488892
147799.013123
147801.519531
147804.032288
147806.544739
147809.057678
147811.568115
147814.083252
147816.541077
147819.053406
147821.562988
147824.073975
147826.583984
147829.096069
147831.604492
147834.114014
147836.628235
147839.151978
147841.660034
147844.170898
147846.685120
147849.197449
147851.712036
147854.223083
147856.739746
147859.253601
147861.807190
147864.329163
147866.849060
147869.373413
147871.846619
147874.360779
147876.888733
147879.404724
147881.918457
147884.439697
147886.952820
147889.468567
147891.984680
147894.496399
147897.017395
147899.530151
147902.043396
147904.563538
147907.080139
147909.634888
147912.206055
147914.775696
147917.346680
147919.881348
147922.393433
147924.858032
147927.373474
147929.892700
147932.401855
147934.920288
147937.462708
147940.003784
147942.516907
147945.046448
147947.567993
147950.085754
147952.599854
147955.110657
147957.623535
147960.133362
147962.648499
147965.161255
147967.674255
147970.188232
147972.700256
147975.215454
147977.728271
147980.194275
147982.708435
147985.220276
147987.732422
147990.249268
147992.762390
147995.287842
147997.799072
148000.314148
148002.820801
148005.334778
148007.845520
148010.360901
148012.933472
148015.490051
148018.024231
148020.562378
148023.077148
148025.594971
148028.108459
148030.617920
148033.083313
148035.594299
148038.108948
148040.628845
148043.138184
148045.655640
148048.171875
148050.680237
148053.201111
148055.709717
148058.224854
148060.732788
148063.248596
148065.761292
148068.272766
148070.787842
148073.327637
148075.896484
148078.467651
148081.041199
148083.584167
148086.047363
148088.558655
148091.114990
148093.638794
148096.158936
148098.692444
148101.213196
148103.731384
148106.234497
148108.744507
148111.257690
148113.768005
148116.285583
148118.799194
148121.313538
148123.825256
148126.340332
148128.852295
148131.364502
148133.880310
148136.394775
148138.910095
148141.373901
148143.885803
148146.448486
148149.016846
148151.587463
148154.169556
148156.681763
148159.199646
148161.707886
148164.216125
148166.768433
148169.290466
148171.814392
148174.336426
148176.860596
148179.376648
148181.886658
148184.395264
148186.913696
148189.421875
148191.935120
148194.399780
148196.914307
148199.425232
148201.942322
148204.456177
148206.974854
148209.487854
148212.003540
148214.520142
148217.050415
148219.621033
148222.193542
148224.763855
148227.320374
148229.832336
148232.346008
148234.857727
148237.373718
148239.888672
148242.408813
148244.943665
148247.457336
148249.921143
148252.433777
148254.952209
148257.464233
148259.974243
148262.489441
148265.001038
148267.515930
148270.026001
148272.539612
148275.049988
148277.563416
148280.075806
148282.586121
148285.099243
148287.614868
148290.173645
148292.743347
148295.312927
148297.886414
148300.364258
148302.875000
148305.384033
148307.897400
148310.412231
148312.921448
148315.438416
148317.951904
148320.498352
148323.009460
148325.526245
148328.038208
148330.573364
148333.151001
148335.715271
148338.284363
148340.830811
148343.340881
148345.849426
148348.364807
148350.879639
148353.395142
148355.853577
148358.370300
148360.884033
148363.408325
148365.915161
148368.422119
148370.929993
148373.442078
148375.954773
148378.464600
148380.980896
148383.491455
148386.005493
148388.521240
148391.036011
148393.608948
148396.189636
148398.716248
148401.247742
148403.770386
148406.281616
148408.791870
148411.259094
148413.766235
148416.267822
148418.769348
148421.280396
148423.772461
148426.291870
148428.811279
148431.329773
148433.850586
148436.401184
148438.972168
148441.539673
148444.079529
148446.601257
148449.118225
148451.639404
148454.154541
148456.676025
148459.197083
148461.717651
148464.180847
148466.699829
148469.217773
148471.749268
148474.293945
148476.811035
148479.326233
148481.848999
148484.369263
148486.890381
148489.408752
148491.930420
148494.450867
148496.968506
148499.483948
148502.006470
148504.530640
148507.214844
148509.900574
148512.404907
148514.857910
148517.282959
148519.660095
148522.084412
148524.520691
148526.943970
148529.362366
148531.790527
148534.214539
148536.641418
148539.069031
148541.493591
148543.921570
148546.348206
148548.815002
148551.258362
148553.697510
148556.142456
148558.579712
148561.002319
148563.430847
148565.858521
148568.285156
148570.659546
148573.099915
148575.521790
148577.949646
148580.376343
148582.799744
148585.226501
148587.654663
148590.077576
148592.502686
148594.934204
148597.356262
148599.782959
148602.206543
148604.631042
148607.056396
148609.481689
148611.908020
148614.333618
148616.757202
148619.184143
148621.649292
148624.044312
148626.459961
148628.890015
148631.314392
148633.741821
148636.173279
148638.602478
148641.026855
148643.453003
148645.881226
148648.307495
148650.734375
148653.158386
148655.586060
148658.010254
148660.435791
148662.857788
148665.284729
148667.710388
148670.138123
148672.566040
148674.988403
148677.369019
148679.802002
148682.230835
148684.652344
148687.077271
148689.505920
148691.930786
148694.369263
148696.815613
148699.237671
148701.667114
148704.102234
148706.548706
148708.994629
148711.447998
148713.886475
148716.311890
148718.735291
148721.164673
148723.586914
148726.013672
148728.436157
148730.814209
148733.246948
148735.669373
148738.098755
148740.528137
148742.957214
148745.380554
148747.805603
148750.230164
148752.657593
148755.087036
148757.507874
148759.936401
148762.360840
148764.806946
148767.258972
148769.724792
148772.175659
148774.600159
148777.024658
148779.411682
148781.834473
148784.257446
148786.680908
148789.106262
148791.530640
148793.955444
148796.380249
148798.803650
148801.226746
148803.655334
148806.081604
148808.508423
148810.932678
148813.355042
148815.781494
148818.207886
148820.635437
148823.062378
148825.571045
148828.029297
148830.513855
148833.001953
148835.476624
148837.942200
148840.398376
148842.877869
148845.313843
148847.736816
148850.160583
148852.586060
148855.030823
148857.475342
148859.913208
148862.351074
148864.770203
148867.189270
148869.604126
148872.027954
148874.468140
148876.910828
148879.350952
148881.788391
148884.205688
148886.583435
148889.001282
148891.418884
148893.834656
148896.253479
148898.670288
148901.088013
148903.510742
148905.931335
148908.351074
148910.768127
148913.184143
148915.615234
148918.074829
148920.514160
148922.950928
148925.385437
148927.798706
148930.220337
148932.605164
148935.056213
148937.495178
148939.936218
148942.367249
148944.782104
148947.205688
148949.622314
148952.038513
148954.455688
148956.874146
148959.296143
148961.711548
148964.131897
148966.546082
148968.969666
148971.393250
148973.834106
148976.278198
148978.719482
148981.156677
148983.536560
148985.954102
148988.369690
148990.820862
148993.237305
148995.658997
148998.081238
149000.501282
149002.922607
149005.337402
149007.761169
149010.178284
149012.598511
149015.016846
149017.438232
149019.858276
149022.291077
149024.733948
149027.174194
149029.619446
149032.040039
149034.417297
149036.834595
149039.254089
149041.676025
149044.093445
149046.513855
149048.935974
149051.352844
149053.772827
149056.194458
149058.616577
149061.034973
149063.484863
149065.925720
149068.362427
149070.803833
149073.249023
149075.691895
149078.134216
149080.571350
149083.005676
149085.385376
149087.812012
149090.233398
149092.655029
149095.072754
149097.495789
149099.915344
149102.333801
149104.754639
149107.173523
149109.590881
149112.016663
149114.443420
149116.867004
149119.300049
149121.727844
149124.152344
149126.577393
149129.008728
149131.428589
149133.811523
149136.285767
149138.675781
149141.121399
149143.569031
149146.011292
149148.455750
149150.901184
149153.340759
149155.781067
149158.225891
149160.654419
149163.083862
149165.506836
149167.934875
149170.357178
149172.778076
149175.192139
149177.614685
149180.034851
149182.451843
149184.874512
149187.248413
149189.675232
149192.142883
149194.524048
149196.963806
149199.395081
149201.820251
149204.245239
149206.675354
149209.102173
149211.559448
149214.004395
149216.474915
149218.915466
149221.332581
149223.752014
149226.168091
149228.590332
149231.007446
149233.429138
149235.850403
149238.220764
149240.637817
149243.100220
149245.472473
149247.887329
149250.308105
149252.729065
149255.143982
149257.560120
149259.989929
149262.413879
149264.844116
149267.268738
149269.693542
149272.120544
149274.545776
149276.971680
149279.398071
149281.821167
149284.287415
149286.704041
149289.134583
149291.558838
149293.933777
149296.360352
149298.783325
149301.207458
149303.631592
149306.062805
149308.483032
149310.900146
149313.318726
149315.732849
149318.155090
149320.571472
149322.989868
149325.406189
149327.823853
149330.244385
149332.664795
149335.080872
149337.508545
149339.926575
149342.339844
149344.758484
149347.127014
149349.545959
149351.964355
149354.381714
149356.806458
149359.250793
149361.669250
149364.089417
149366.515747
149368.957764
149371.396545
149373.840698
149376.280334
149378.697205
149381.114075
149383.535278
149385.955017
149388.379089
149390.797180
149393.166077
149395.629395
149397.997742
149400.419250
149402.837463
149405.254639
149407.670349
149410.090393
149412.510254
149414.930481
149417.365173
149419.804932
149422.244751
149424.688660
149427.110596
149429.541199
149432.007812
149434.442749
149436.874207
149439.314697
149441.741760
149444.174683
149446.556091
149449.032776
149451.418274
149453.850159
149456.278137
149458.705078
149461.132568
149463.559021
149465.991272
149468.416504
149470.846741
149473.275696
149475.707031
149478.130981
149480.557434
149482.985596
149485.414673
149487.842468
149490.279053
149492.704651
149495.132141
149497.556458
149499.987000
149502.367004
149504.835449
149507.293579
149509.744690
149512.199097
149514.651794
149517.099670
149519.552246
149522.008667
149524.461548
149526.902954
149529.341919
149531.780151
149534.217896
149536.665833
149539.118713
149541.571167
149544.029480
149546.481079
149548.932312
149551.378662
149553.774536
149556.274780
149558.681152
149561.128845
149563.582764
149566.018494
149568.464478
149570.907227
149573.347717
149575.784058
149578.246582
149580.729065
149583.175232
149585.620117
149588.061707
149590.499756
149592.947815
149595.385315
149597.842712
149600.278503
149602.731995
149605.176086
149607.628967
149610.020447
149612.471802
149614.911316
149617.357971
149619.808228
149622.261780
149624.708923
149627.159668
149629.610046
149632.059265
149634.511902
149636.957764
149639.402710
149641.858398
149644.322449
149646.768494
149649.218079
149651.669678
149654.161377
149656.592590
149658.981995
149661.418701
149663.849548
149666.306946
149668.757019
149671.214783
149673.665527
149676.105591
149678.533081
149680.945251
149683.370056
149685.789124
149688.204590
149690.624573
149693.037109
149695.468323
149697.891113
149700.313721
149702.736206
149705.158936
149707.570618
149709.987854
149712.359558
149714.776672
149717.194885
149719.610291
149722.030823
149724.444519
149726.893066
149729.318787
149731.733521
149734.150024
149736.567261
149738.984558
149741.400635
149743.827271
149746.240601
149748.654419
149751.068237
149753.482422
149755.898743
149758.316956
149760.682312
149763.097900
149765.517090
149767.932434
149770.347778
149772.766357
149775.183777
149777.598633
149780.015808
149782.432068
149784.851074
149787.264343
149789.675293
149792.094543
149794.509521
149796.932068
149799.380493
149801.841614
149804.258972
149806.675659
149809.088440
149811.503662
149813.870361
149816.288147
149818.706909
149821.121277
149823.535522
149825.950623
149828.368225
149830.780823
149833.205933
149835.645508
149838.088196
149840.526611
149842.962524
149845.377197
149847.798645
149850.211426
149852.627136
149855.040710
149857.456421
149859.874817
149862.291504
149864.677307
149867.163147
149869.555908
149871.994507
149874.439514
149876.857483
149879.269531
149881.687134
149884.107117
149886.517822
149888.933960
149891.349854
149893.765747
149896.211304
149898.638611
149901.084412
149903.522766
149905.960754
149908.401794
149910.840088
149913.276001
149915.668945
149918.154175
149920.623169
149923.140442
149925.643066
149928.149780
149930.651672
149933.161194
149935.664185
149938.167908
149940.676514
149943.174866
149945.679993
149948.216614
149950.728455
149953.226379
149955.731384
149958.232483
149960.736389
149963.243530
149965.743469
149968.247620
149970.751648
149973.205444
149975.709351
149978.214417
149980.722656
149983.227600
149985.731262
149988.236572
149990.743958
149993.251038
149995.755188
149998.258911
150000.764526
150003.277283
150005.777405
150008.282532
150010.786743
150013.288818
150015.794495
150018.297913
150020.801086
150023.317810
150025.813171
150028.336182
150030.868164
150033.388977
150035.922119
150038.448914
150040.988281
150043.506104
150046.032471
150048.566711
150051.101990
150053.640381
150056.159119
150058.650269
150061.168762
150063.673218
150066.172729
150068.655762
150071.143250
150073.630859
150076.120544
150078.557617
150081.047791
150083.532043
150086.034729
150088.541138
150091.056152
150093.561035
150096.054138
150098.556152
150101.082092
150103.580261
150106.085815
150108.587646
150111.085999
150113.584045
150116.079224
150118.596069
150121.094360
150123.618774
150126.116028
150128.577698
150131.081604
150133.596436
150136.084045
150138.601379
150141.093994
150143.604919
150146.106018
150148.618408
150151.127197
150153.633057
150156.124573
150158.647095
150161.170105
150163.679199
150166.186523
150168.696411
150171.201538
150173.723694
150176.252319
150178.772766
150181.291931
150183.822327
150186.352295
150188.810425
150191.293213
150193.782471
150196.265625
150198.748596
150201.233032
150203.722412
150206.211182
150208.697144
150211.182068
150213.666626
150216.154846
150218.642273
150221.126099
150223.608582
150226.097961
150228.581177
150231.062988
150233.544983
150236.030212
150238.511230
150240.949097
150243.433899
150245.916687
150248.401062
150250.897461
150253.396851
150255.879639
150258.362244
150260.852356
150263.335266
150265.827148
150268.310913
150270.817444
150273.334473
150275.832397
150278.343079
150280.826660
150283.311768
150285.796448
150288.281860
150290.760559
150293.245667
150295.679382
150298.165710
150300.651611
150303.130493
150305.613953
150308.102234
150310.585999
150313.069275
150315.556458
150318.045105
150320.551208
150323.070068
150325.575623
150328.103271
150330.590393
150333.078308
150335.564270
150338.050537
150340.540283
150343.023987
150345.507019
150347.946167
150350.442749
150352.949951
150355.448730
150357.954651
150360.454529
150362.944702
150365.439819
150367.930481
150370.418152
150372.919617
150375.419006
150377.923767
150380.414551
150382.934875
150385.441101
150387.950073
150390.441162
150392.928406
150395.429565
150397.946960
150400.445129
150402.959900
150405.397034
150407.883606
150410.367493
150412.882019
150415.375183
150417.884949
150420.382507
150422.900452
150425.392639
150427.909668
150430.399414
150432.900330
150435.430054
150437.987671
150440.541443
150443.110901
150445.664429
150448.215759
150450.767029
150453.322815
150455.826538
150458.390381
150460.946960
150463.499634
150466.045227
150468.531494
150470.985229
150473.433777
150475.879822
150478.358704
150480.890869
150483.389282
150485.884888
150488.371094
150490.864563
150493.361511
150495.896606
150498.428162
150500.887024
150503.339661
150505.792664
150508.243164
150510.668274
150513.183228
150515.681824
150518.171997
150520.663757
150523.152466
150525.656616
150528.202881
150530.716187
150533.164368
150535.620483
150538.071228
150540