121068.908264
121099.053772
121128.941101
121158.980408
121188.835083
121218.746521
121248.711182
121278.578674
121308.526672
121338.481018
121368.443481
121398.323181
121428.322815
121458.139465
121488.143738
121518.027039
121547.975159
121577.955872
121607.815979
121637.813599
121667.671143
121697.606812
121727.548889
121757.519958
121787.395142
121817.400513
121847.270020
121877.187744
121907.167053
121937.147827
121967.075317
121997.037292
122027.000366
122056.897522
122086.941101
122116.820801
122146.771057
122176.716858
122206.683044
122236.523987
122266.464233
122296.405029
122326.295288
122356.302490
122386.192078
122416.160461
122446.082520
122476.025146
122505.918396
122535.891724
122565.837463
122595.735291
122625.752258
122655.641968
122685.591064
122715.547974
122745.469971
122775.354919
122805.363159
122835.258789
122865.217590
122895.150635
122925.043274
122954.983704
122984.886475
123014.922180
123044.845825
123074.811157
123104.823181
123134.813965
123164.744141
123194.742188
123224.728394
123254.666931
123284.744141
123314.702209
123344.686768
123374.684631
123404.662903
123434.583496
123464.613831
123494.534241
123524.444275
123554.505310
123584.463684
123614.405151
123644.370911
123674.380615
123704.267822
123734.327026
123764.218323
123794.193909
123824.177673
123854.157837
123884.081604
123914.127319
123944.061462
123974.020874
124004.028564
124033.964783
124063.978027
124093.989136
124124.007446
124153.958923
124184.037048
124213.973022
124243.978821
124273.970947
124304.009033
124333.962036
124364.030151
124393.952637
124423.942505
124453.880676
124483.893127
124513.878113
124543.820129
124573.863281
124603.798584
124633.797241
124663.823242
124693.826477
124723.750366
124753.784912
124783.717712
124813.727661
124843.742798
124873.755493
124903.705688
124933.768982
124963.737915
124993.688049
125023.776794
125053.754883
125083.702393
125113.738342
125143.769104
125173.713562
125203.766968
125233.715820
125263.742310
125293.728210
125323.702637
125353.655212
125383.721191
125413.693726
125443.695801
125473.714661
125503.752380
125534.354370
125565.499329
125596.632446
125626.618774
125656.443054
125686.182800
125715.891479
125745.654724
125775.416260
125805.102905
125834.879211
125864.704102
125894.451111
125924.167664
125954.042908
125983.746948
126013.705566
126043.897827
126073.573242
126103.201233
126132.868042
126162.518799
126192.073120
126221.811523
126251.372498
126281.020020
126310.710266
126340.338013
126370.032715
126399.708374
126429.306641
126458.899353
126488.640320
126518.206970
126547.768188
126577.486938
126607.090637
126636.686035
126666.365662
126696.035706
126725.640869
126755.381897
126785.005554
126814.655396
126844.324158
126873.937012
126903.493347
126933.237915
126962.817871
126992.464294
127022.125549
127051.800537
127081.358765
127110.990173
127140.651978
127170.228943
127199.871948
127229.517944
127259.166931
127288.748962
127318.466614
127348.048889
127377.610168
127407.258972
127436.881226
127466.441956
127496.206848
127525.781921
127555.382568
127585.076599
127614.649780
127644.298157
127674.009094
127703.665222
127733.244568
127763.027588
127792.560974
127822.126282
127851.855103
127881.497498
127911.095825
127940.795959
127970.452026
128000.027466
128029.746948
128059.400146
128088.966187
128118.658569
128148.328613
128177.918640
128207.691406
128237.395386
128267.063599
128296.744934
128326.406128
128356.170837
128385.915588
128415.655029
128445.303955
128475.093323
128504.770996
128534.478088
128564.155884
128593.851440
128623.575806
128653.211548
128683.022827
128712.645996
128742.366516
128772.114563
128801.782654
128831.523315
128861.257385
128891.039856
128920.741516
128950.591248
128980.307678
129010.012939
129039.832214
129069.509949
129099.256226
129129.009460
129158.781860
129188.504822
129218.306213
129248.755554
129279.137329
129309.676575
129340.138977
129370.585938
129401.041870
129431.351318
129461.705322
129492.086670
129522.405029
129552.587646
129582.943420
129613.228577
129643.434875
129673.663513
129703.837524
129733.979004
129764.538269
129795.0