161128.557739
161158.667114
161188.610413
161218.632568
161248.534668
161278.502502
161308.477722
161338.481384
161368.405090
161398.400879
161428.299316
161458.254822
161488.238403
161518.152039
161548.081238
161578.000671
161607.959717
161637.871887
161667.821045
161697.794312
161727.764221
161757.655762
161787.653931
161817.572815
161847.515930
161877.486633
161907.448486
161937.327209
161967.261536
161997.205444
162027.115784
162057.130859
162087.029541
162116.982605
162146.917053
162176.865967
162206.748474
162236.699768
162266.569214
162296.437439
162326.413818
162356.286377
162386.227905
162416.173706
162446.137878
162476.021179
162506.009949
162535.939148
162565.924988
162595.915344
162625.886780
162655.811707
162685.781372
162715.733154
162745.611084
162775.646423
162805.567749
162835.508118
162865.471069
162895.467590
162925.370728
162955.369080
162985.307983
163015.318787
163045.255920
163075.226746
163105.180908
163135.090149
163165.079651
163195.021790
163225.011292
163254.952454
163284.883057
163314.733704
163344.750122
163374.609497
163404.547791
163434.535706
163464.463379
163494.452209
163524.510010
163554.463257
163584.378967
163614.434509
163644.351685
163674.300415
163704.294373
163734.249329
163764.132812
163794.109070
163824.069275
163853.974792
163884.021484
163913.942383
163943.896484
163973.892700
164003.901672
164033.832581
164063.893250
164093.858093
164123.869812
164153.870544
164183.873718
164213.801758
164243.861084
164273.789734
164303.771851
164333.734314
164363.687927
164393.570740
164423.524963
164453.457397
164483.360657
164513.336731
164543.326599
164573.309631
164603.236877
164633.296204
164663.272156
164693.294006
164723.307312
164753.292419
164783.238525
164813.338196
164843.322144
164873.338562
164903.270325
164933.314636
164963.323242
164993.328125
165023.325745
165053.280884
165083.367859
165113.323792
165143.320801
165173.346252
165203.376343
165233.325073
165263.343750
165293.344421
165323.274719
165353.372009
165383.300171
165413.313171
165443.308289
165473.313110
165503.230835
165533.277710
165563.230652
165593.144653
165623.229797
165653.221741
165683.299683
165713.368469
165743.452454
165773.467529
165804.293457
165835.492432
165866.742615
165897.261536
165927.245972
165957.127319
165987.062683
166017.039490
166047.042480
166076.958984
166106.960083
166136.895935
166166.805237
166196.825806
166226.600769
166256.350098
166286.148682
166315.912170
166345.629822
166375.508240
166405.208191
166435.016602
166464.830383
166494.563538
166524.301147
166554.102478
166583.912598
166613.642883
166643.893860
166674.012390
166704.004089
166733.750122
166763.450500
166793.048584
166822.758118
166852.420166
166881.993408
166911.746338
166941.342896
166970.963928
167000.674316
167030.402893
167060.041809
167089.718201
167119.358765
167149.021057
167178.770447
167208.450745
167238.104614
167267.778503
167297.524536
167327.186646
167356.901062
167386.639160
167416.300110
167445.961182
167475.670227
167505.343872
167534.992310
167564.763611
167594.405945
167624.108459
167653.893005
167683.568420
167713.168823
167742.948792
167772.540344
167802.205017
167831.915649
167861.565369
167891.143860
167920.901123
167950.486084
167980.162659
168009.860840
168039.431458
168069.054565
168098.749207
168128.386963
168157.986694
168187.732239
168217.306458
168246.970703
168276.693909
168306.398010
168335.994568
168365.646545
168395.329041
168424.954346
168454.695801
168484.263794
168513.864258
168543.480103
168573.069458
168602.666443
168632.374939
168662.005310
168691.655029
168721.247070
168751.023499
168780.627258
168810.213562
168839.917725
168869.482666
168899.088135
168928.768005
168958.390991
168987.932556
169017.651123
169047.207458
169076.938477
169106.805542
169136.564880
169166.392090
169196.253784
169226.110229
169255.925537
169285.856689
169315.606873
169345.381531
169375.281921
169405.054504
169434.890625
169464.724487
169494.520630
169524.263000
169554.069885
169583.873291
169613.616211
169643.533813
169673.325256
169703.180420
169733.035889
169762.907471
169792.683655
169822.517090
169852.3