171235.682373
171265.821045
171295.833008
171325.751160
171355.660522
171385.662109
171415.635254
171445.585876
171475.458008
171505.451660
171535.335510
171565.278870
171595.238281
171625.107910
171655.076782
171685.031555
171715.014099
171744.922119
171774.911987
171804.806946
171834.733032
171864.759644
171894.691589
171924.671753
171954.672302
171984.651367
172014.606934
172044.694519
172074.658020
172104.683899
172134.699158
172164.678345
172194.671997
172224.691406
172254.718384
172284.672852
172314.760315
172344.745422
172374.765747
172404.814880
172434.777649
172464.764160
172494.762878
172524.777588
172554.756958
172584.843018
172614.807617
172644.848267
172674.884949
172704.893799
172734.867737
172764.896484
172794.893860
172824.839539
172854.838501
172884.794861
172914.783264
172944.752319
172974.786804
173004.687317
173034.638916
173064.701172
173094.675476
173124.678833
173154.683167
173184.702209
173214.621277
173244.724976
173274.733582
173304.746277
173334.824890
173364.808716
173394.832031
173424.859070
173454.894409
173484.844604
173514.867126
173544.882446
173574.844238
173604.915405
173634.890259
173664.924744
173694.945007
173724.984131
173754.958496
173785.077087
173815.040527
173845.074402
173875.113464
173905.096924
173935.157776
173965.264587
173995.230469
174025.215759
174055.327454
174085.322998
174115.358765
174145.395630
174175.406128
174205.348389
174235.397095
174265.366394
174295.320740
174325.339905
174355.341858
174385.350159
174415.363708
174445.375854
174475.342041
174505.379456
174535.420349
174565.440491
174595.389404
174625.469116
174655.422607
174685.394897
174715.513062
174745.479187
174775.521362
174805.548828
174835.586365
174865.548950
174895.634033
174925.582642
174955.592834
174985.615112
175015.631409
175045.585449
175075.598816
175105.605347
175135.555542
175165.631042
175195.589783
175225.629639
175255.659546
175285.665344
175315.618530
175345.620422
175375.653137
175405.613953
175435.677917
175465.607727
175495.632324
175525.624329
175555.663391
175585.657898
175615.753296
175645.757141
175675.774109
175706.541687
175737.643066
175768.760925
175798.783569
175828.697388
175858.440247
175888.252441
175918.079712
175947.923096
175977.730042
176007.599060
176037.471619
176067.256042
176097.201172
176126.972839
176156.775818
176186.624634
176216.879333
176246.685364
176276.454529
176306.088745
176335.782654
176365.520508
176395.220154
176424.844116
176454.600037
176484.297302
176513.956116
176543.784302
176573.429382
176603.092407
176632.797363
176662.503906
176692.135376
176721.966309
176751.598022
176781.298401
176810.996338
176840.661987
176870.270020
176899.973816
176929.675415
176959.252258
176989.037659
177018.618347
177048.279480
177077.929199
177107.625183
177137.248047
177166.929199
177196.703430
177226.413574
177256.078369
177285.839172
177315.545898
177345.166870
177374.982239
177404.600281
177434.256958
177463.944824
177493.649780
177523.248108
177553.020996
177582.636292
177612.306091
177642.058350
177671.759155
177701.388367
177731.123657
177760.860596
177790.504333
177820.335144
177849.972351
177879.629822
177909.312866
177938.985168
177968.618042
177998.362000
178027.980591
178057.630066
178087.355469
178117.035706
178146.618164
178176.313660
178205.973877
178235.580200
178265.294983
178294.879211
178324.489014
178354.091919
178383.728333
178413.385742
178443.142334
178472.851257
178502.511169
178532.246399
178561.967346
178591.679016
178621.297791
178651.080994
178680.722046
178710.385925
178740.203979
178769.916016
178799.667725
178829.427490
178859.137756
178888.828857
178918.653564
178948.334290
178978.099670
179007.871216
179037.518982
179067.272217
179097.046631
179126.790649
179156.467712
179186.243225
179215.900208
179245.534729
179275.331543
179304.995850
179334.715271
179364.477051
179394.208130
179423.868469
179453.599731
179483.342224
179513.406250
179543.995056
179574.406189
179604.547363
179634.656860
179664.886047
179694.820068
179724.747925
179754.715088
179784.581360
179814.553772
179844.448425
179874.376465
179904.261475
179934.138184
179964.016907
179993.846558
180023.799255
180053.612671
180083.484192
180113.420532
180143.285950
180173.200500
180203.103394
180233.016113
180262.876953
180292.817322
180322.706360
180352.569092
180382.553955
180412.402039
180442.282776
180472.185547
180502.016907
180531.928406
180561.896912
180591.811035
180621.696960
180651.694946
180681.557068
180711.452881
180741.365845
180771.186584
180801.042542
180830.965881
180860.870056
180890.659790
180920.654114
180950.552246
180980.442749
181010.329712
181040.203796
181069.994385
181099.855713
181129.700745
181159.498474
181189.403992
181219.173096
181249.000610
181278.835205
181308.676025
181338.544739
181368.298401
181398.199463
181427.982849
181457.742310
181487.674683
181517.504272
181547.307678
181577.247009
181607.029236
181636.846924
181666.726746
181696.499023
181726.304993
181756.191833
181786.018555
181815.829163
181845.760437
181875.563354
181905.350281
181935.222900
181964.967224
181994.787109
182024.719727
182054.501038
182084.314270
182114.224854
182144.012573
182173.814270
182203.682434
182233.496521
182263.246643
182293.091064
182322.887634
182352.652100
182382.548218
182412.276978
182441.993958
182471.808533
182501.591858
182531.398865
182561.263306
182591.107178
182620.876770
182650.730225
182680.525574
182710.324951
182740.145569
182770.044983
182799.802307
182829.594299
182859.500610
182889.240784
182919.006104
182948.877197
182978.645142
183008.357483
183038.234192
183067.997375
183097.820374
183127.722107
183157.566040
183187.357910
183217.314270
183247.165222
183276.978027
183306.975220
183336.825317
183366.704590
183396.646667
183426.531311
183456.340393
183486.334473
183516.168945
183545.946106
183575.891602
183605.679565
183635.487000
183665.399963
183695.242554
183725.008911
183754.922607
183784.718750
183814.531738
183844.376221
183874.226440
183904.041443
183933.976746
183963.796753
183993.584229
184023.487122
184053.347717
184083.188171
184113.016724
184142.949341
184172.785583
184202.622253
184232.550842
184262.426697
184292.267761
184322.230530
184352.035950
184381.894104
184411.789062
184441.684875
184471.593811
184501.528320
184531.466675
184561.311646
184591.350037
184621.265015
184651.152710
184681.182556
184711.124756
184741.083557
184771.101074
184801.092590
184831.011841
184861.061096
184890.962830
184920.963318
184950.965271
184980.923157
185010.796387
185040.751465
185070.711121
185100.594238
185130.644165
185160.568909
185190.475769
185220.424072
185250.434387
185280.295593
185310.306152
185340.184021
185370.131775
185400.081116
185430.019775
185459.896790
185489.935242
185519.866943
185549.767456
185579.700195
185609.692444
185639.651123
185669.550171
185699.605286
185729.536194
185759.518066
185789.504089
185819.483337
185849.421326
185879.482605
185909.372559
185939.290649
185969.248962
185999.184265
186029.054077
186059.071777
186088.925110
186118.828552
186148.862366
186178.787109
186208.646118
186238.628052
186268.558594
186298.478699
186328.520996
186358.382080
186388.336731
186418.280212
186448.229919
186478.099915
186508.132324
186538.045166
186568.065125
186598.018188
186627.970276
186657.919189
186687.921204
186717.936584
186747.816467
186777.847229
186807.742981
186837.737732
186867.698730
186897.721924
186927.630676
186957.570801
186987.653259
187017.515442
187047.491577
187077.475891
187107.436340
187137.325439
187167.395020
187197.298218
187227.275330
187257.252808
187287.197815
187317.050232
187347.090942
187376.925232
187406.830017
187436.796509
187466.690918
187496.675110
187526.630859
187556.546692
187586.359009
187616.370056
187646.216858
187676.126099
187706.069214
187736.027405
187765.891602
187795.910522
187825.753540
187855.672852
187885.659424
187915.606934
187945.481934
187975.375977
188005.284729
188035.126465
188065.131836
188095.051819
188125.016541
188155.000671
188184.966187
188214.822876
188244.829773
188274.749207
188304.720276
188334.589539
188364.658264
188394.560547
188424.500000
188454.503601
188484.440491
188514.272217
188544.286621
188574.152771
188604.023438
188634.065918
188663.949402
188693.872070
188723.835449
188753.720459
188783.539124
188813.552185
188843.384583
188873.302063
188903.270691
188933.167969
188963.064880
188993.018372
189022.927429
189052.782593
189082.827271
189112.713440
189142.631775
189172.578369
189202.516296
189232.382874
189262.386902
189292.271057
189322.149780
189352.157837
189382.032898
189411.987610
189441.938049
189471.903259
189501.750427
189531.746887
189561.628235
189591.469849
189621.438293
189651.296753
189681.206787
189711.090759
189741.096252
189770.929688
189800.854492
189830.793884
189860.689758
189890.538635
189920.485718
189950.384033
189980.221313
190010.211487
190040.085205
190069.973511
190099.924988
190129.821838
190159.668152
190189.647827
190219.456116
190249.284851
190279.370667
190309.208801
190339.103638
190369.086914
190398.987305
190428.844910
190458.840820
190488.701538
190518.623962
190548.575684
190578.459839
190608.286133
190638.260437
190668.139465
190697.979431
190728.006897
190757.915283
190787.845703
190817.766663
190847.708130
190877.575073
190907.545715
190937.424805
190967.321594
190997.240845
191027.324158
191057.357361
191087.385620
191117.505676
191147.518799
191177.613281
191207.728577
191237.758484
191267.828430
191297.933960
191327.982788
191357.987610
191388.130005
191418.113098
191448.170959
191478.284912
191508.316833
191538.304504
191568.404297
191598.447998
191628.464233
191658.597473
191688.625000
191718.705139
191748.831665
191778.902771
191808.912598
191839.103577
191869.138428
191899.191223
191929.270081
191959.328613
191989.342041
192019.452087
192049.494141
192079.485413
192109.629578
192139.606995
192169.661987
192199.731384
192229.770630
192259.725708
192289.814026
192319.837830
192349.832092
192379.981140
192410.012024
192440.059570
192470.048157
192500.168091
192530.156616
192560.135071
192590.289124
192620.285339
192650.321411
192680.408203
192710.456726
192740.428711
192770.548950
192800.527771
192830.529846
192860.642151
192890.576538
192920.650940
192950.738464
192980.783325
193010.771240
193040.910461
193070.925903
193100.921631
193131.068237
193161.086304
193191.119873
193221.222290
193251.286377
193281.294739
193311.430786
193341.424072
193371.419006
193401.566284
193431.588135
193461.620483
193491.641541
193521.661804
193551.620544
193581.741211
193611.748047
193641.747742
193671.858276
193701.891602
193731.935547
193761.997192
193792.054749
193822.006348
193852.048767
193882.144104
193912.215515
193942.239685
193972.424377
194002.407166
194032.434143
194062.579956
194092.591553
194122.641052
194152.672180
194182.791992
194212.872559
194242.993896
194272.994324
194303.033569
194333.135620
194363.169922
194393.132080
194423.247131
194453.228882
194483.299377
194513.343506
194543.377625
194573.341736
194603.406616
194633.434021
194663.399475
194693.484314
194723.454590
194753.512939
194783.581421
194813.603638
194843.616760
194873.688354
194903.745789
194933.796204
194963.839355
194993.899719
195023.904663
195054.039917
195084.051514
195114.048523
195144.159424
195174.160339
195204.182983
195234.209412
195264.320984
195294.329285
195324.402649
195354.455017
195384.497253
195414.471802
195444.600159
195474.576355
195504.594971
195534.710999
195564.725220
195594.773926
195624.833374
195654.871399
195684.886536
195715.025208
195745.014526
195775.050964
195805.146606
195835.219666
195865.201965
195895.290833
195925.320129
195955.362915
195985.437439
196015.487427
196045.489746
196075.623413
196105.691162
196135.682556
196165.824097
196195.830444
196225.843994
196255.893127
196285.936523
196315.892578
196346.021606
196375.982239
196405.960083
196436.047852
196466.079590
196495.966553
196526.077454
196556.149414
196586.118652
196616.191223
196646.223389
196676.279663
196706.343933
196736.574768
196766.683899
196796.852356
196827.072144
196857.260376
196887.372864
196917.577454
196947.773254
196977.867554
197008.141357
197038.246521
197068.417664
197098.621887
197128.808838
197158.905701
197189.148804
197219.249023
197249.424988
197279.595581
197309.687622
197339.850037
197370.029297
197400.206238
197430.293213
197460.520447
197490.635132
197520.770935
197550.934570
197581.094604
197611.213745
197641.490479
197671.589661
197701.754578
197731.959778
197762.053284
197792.214478
197822.357605
197852.489990
197882.555664
197912.766663
197942.857544
197973.035767
198003.171082
198033.340454
198063.429932
198093.576599
198123.759827
198153.921997
198184.042175
198214.302856
198244.387451
198274.492188
198304.744934
198334.891846
198364.991211
198395.170227
198425.319824
198455.455750
198485.704163
198515.799561
198545.951294
198576.140991
198606.310425
198636.413208
198666.662964
198696.776672
198726.944641
198757.139587
198787.281433
198817.369812
198847.534058
198877.690308
198907.816650
198937.997864
198968.088989
198998.253723
199028.420227
199058.588013
199088.681946
199118.915771
199149.003174
199179.178162
199209.354187
199239.511597
199269.615417
199299.780090
199329.937317
199360.093628
199390.277954
199420.396118
199450.561462
199480.656494
199510.910156
199541.024658
199571.174683
199601.354919
199631.456909
199661.639282
199691.895935
199722.005127
199752.165405
199782.360657
199812.529053
199842.635376
199872.871277
199902.962524
199933.036804
199963.261475
199993.387512
200023.567688
200053.802917
200083.988403
200114.127014
200144.418274
200174.540710
200204.761353
200235.002563
200265.215088
200295.378906
200325.694092
200355.848938
200386.074890
200416.319275
200446.505798
200476.641418
200506.879211
200537.104980
200567.268494
200597.570618
200627.750671
200657.968567
200688.199890
200718.396912
200748.535156
200778.787720
200808.946289
200839.084351
200869.320496
200899.566833
200929.790466
200959.953857
200990.251953
201020.418701
201050.617004
201080.883789
201111.131897
201141.290710
201171.609680
201201.741455
201231.962463
201262.221436
201292.424866
201322.589661
201352.881042
201383.117249
201413.272766
201443.564270
201473.735657
201503.940979
201534.207092
201564.358337
201594.575500
201624.831543
201655.063293
201685.217163
201715.529297
201745.679016
201775.898987
201806.165039
201836.357422
201866.560608
201896.837891
201927.074097
201957.229370
201987.542297
202017.718994
202047.947876
202078.227722
202108.407532
202138.663086
202168.927979
202199.195923
202229.375854
202259.545959
202289.895142
202320.133911
202350.318420
202380.638733
202410.828979
202441.048157
202471.358032
202501.548950
202531.796204
202562.095459
202592.366638
202622.561829
202652.837830
202683.076111
202713.275269
202743.602966
202773.774475
202804.019531
202834.306030
202864.553955
202894.740967
202925.042664
202955.413818
202985.392883
203015.426636
203045.573425
203075.456299
203105.372864
203135.209961
203165.065857
203194.965515
203224.842346
203254.647644
203284.613342
203314.441345
203344.296692
203374.281494
203404.094177
203433.935730
203463.847168
203493.688721
203523.570496
203553.482300
203583.402710
203613.241089
203643.099121
203673.025391
203702.861023
203732.770142
203762.703491
203792.541199
203822.355957
203852.324585
203882.133179
203911.924011
203941.895447
203971.688904
204001.561523
204031.496948
204061.377686
204091.196960
204121.109070
204150.985901
204180.797241
204210.752869
204240.557617
204270.389648
204300.361755
204330.273987
204360.105042
204390.070740
204419.942383
204449.759216
204479.700134
204509.487549
204539.340515
204569.207520
204599.022827
204628.875305
204658.789490
204688.634888
204718.500793
204748.315918
204778.069336
204807.908997
204837.750732
204867.576355
204897.389832
204927.303711
204957.100891
204986.915833
205016.705505
205046.631714
205076.401550
205106.238953
205136.138184
205165.967651
205195.807190
205225.722168
205255.572266
205285.314941
205315.264526
205345.061218
205374.931519
205404.832825
205434.715820
205464.525085
205494.453308
205524.337585
205554.143005
205584.112122
205613.935364
205643.766174
205673.696838
205703.591675
205733.369995
205763.324402
205793.163879
205822.983948
205852.858276
205882.656433
205912.507202
205942.369507
205972.283936
206002.081604
206032.007141
206061.819031
206091.662781
206121.546143
206151.413635
206181.267334
206211.207031
206241.098999
206270.842712
206300.735718
206330.531433
206360.378723
206390.181030
206420.114807
206449.886719
206479.749084
206509.638062
206539.407227
206569.249878
206599.098145
206628.962646
206658.735901
206688.693604
206718.481445
206748.363098
206778.265320
206808.127930
206837.921875
206867.827515
206897.666443
206927.464417
206957.383789
206987.156067
207017.002075
207046.895081
207076.730774
207106.532715
207136.427673
207166.313782
207196.093506
207226.060364
207255.935791
207285.837463
207315.733765
207345.609070
207375.366455
207405.269531
207435.128540
207464.923096
207494.879822
207524.759155
207554.647827
207584.528503
207614.372681
207644.154175
207674.079224
207703.901367
207733.726990
207763.597046
207793.473450
207823.447266
207853.338501
207883.376526
207913.254456
207943.196289
207973.199585
208003.129333
208033.012634
208063.090332
208093.013000
208122.975098
208152.962646
208182.919739
208212.831665
208242.877197
208272.773621
208302.770813
208332.811584
208362.729675
208392.712708
208422.714111
208452.740784
208482.679382
208512.733276
208542.657715
208572.678101
208602.746460
208632.672729
208662.668823
208692.658447
208722.628052
208752.523438
208782.595276
208812.508179
208842.526611
208872.540100
208902.518860
208932.462708
208962.499329
208992.423340
209022.336487
209052.405334
209082.359802
209112.375488
209142.330505
209172.355774
209202.294312
209232.266052
209262.265747
209292.176636
209322.059753
209352.098022
209382.033875
209411.937683
209441.999512
209471.923645
209501.880615
209531.900269
209561.880188
209591.808472
209621.862549
209651.809509
209681.754517
209711.732605
209741.689514
209771.596863
209801.647583
209831.523193
209861.456177
209891.455200
209921.403137
209951.359741
209981.348755
210011.313721
210041.244873
210071.302673
210101.229004
210131.193542
210161.219421
210191.204651
210221.086304
210251.043396
210281.023071
210310.895325
210340.916504
210370.814758
210400.772949
210430.764282
210460.739441
210490.604736
210520.622070
210550.597534
210580.531433
210610.496521
210640.466797
210670.421082
210700.387390
210730.447083
210760.368225
210790.244019
210820.321716
210850.227356
210880.176208
210910.219055
210940.213928
210970.148315
211000.179932
211030.052551
211059.959473
211090.019958
211119.937866
211149.952881
211180.007202
211209.975159
211239.903198
211269.980347
211299.875366
211329.849121
211359.828491
211389.757690
211419.759094
211449.776611
211479.755188
211509.704163
211539.734680
211569.676819
211599.586792
211629.617554
211659.533997
211689.494141
211719.461426
211749.449158
211779.335693
211809.333801
211839.255981
211869.190186
211899.144714
211929.109436
211959.059021
211988.969116
212019.063904
212048.988770
212078.987549
212109.009216
212138.921509
212168.854370
212198.851685
212228.798279
212258.682068
212288.744934
212318.631409
212348.519470
212378.580383
212408.498047
212438.475342
212468.490295
212498.433350
212528.337891
212558.419250
212588.311462
212618.247070
212648.216431
212678.130676
212708.036377
212738.031494
212767.977112
212797.853088
212827.893799
212857.799133
212887.763062
212917.756836
212947.678040
212977.652832
213007.647278
213037.612549
213067.510132
213097.528870
213127.461121
213157.400330
213187.389099
213217.302368
213247.200256
213277.138550
213307.110352
213337.044617
213366.992676
213396.981506
213426.875244
213456.814026
213486.822327
213516.778687
213546.662903
213576.743286
213606.666504
213636.613037
213666.603638
213696.535828
213726.493103
213756.475220
213786.435608
213816.343079
213846.385925
213876.308533
213906.226440
213936.213989
213966.192078
213996.147400
214026.163452
214056.166748
214086.067505
214116.143616
214146.092468
214176.099609
214206.111389
214236.072449
214266.079041
214296.121155
214326.110413
214356.044495
214386.205811
214416.273193
214446.396057
214476.527039
214506.629822
214536.698242
214566.856262
214596.905640
214626.948181
214657.106628
214687.218079
214717.243286
214747.276123
214777.441467
214807.481079
214837.567749
214867.686157
214897.768188
214927.811035
214958.010498
214988.035156
215018.131592
215048.259583
215078.309631
215108.402405
215138.511780
215168.624451
215198.654480
215228.840637
215258.868835
215288.962891
215319.075500
215349.118042
215379.179138
215409.345703
215439.377014
215469.438904
215499.629028
215529.652100
215559.755676
215589.864868
215619.956055
215649.977600
215680.171753
215710.222717
215740.279907
215770.442993
215800.485901
215830.574829
215860.688232
215890.797302
215920.836731
215951.003662
215981.077271
216011.176819
216041.276733
216071.368958
216101.449280
216131.489380
216161.706360
216191.752380
216221.882568
216252.038147
216282.130127
216312.146240
216342.263855
216372.351440
216402.380432
216432.544678
216462.597778
216492.682373
216522.799683
216552.894226
216582.912048
216613.071106
216643.083679
216673.088013
216703.229431
216733.233093
216763.341309
216793.472534
216823.553040
216853.550354
216883.706787
216913.719299
216943.820740
216973.918701
217003.975037
217033.977051
217064.157410
217094.193359
217124.208252
217154.347412
217184.403931
217214.496765
217244.582947
217274.681946
217304.755798
217334.944702
217364.977539
217395.039368
217425.207153
217455.334839
217485.333679
217515.408875
217545.498840
217575.511780
217605.570190
217635.647766
217665.682678
217695.641663
217725.791321
217755.796387
217785.862549
217815.953979
217846.033630
217876.011414
217906.160095
217936.183472
217966.244812
217996.367920
218026.378723
218056.459839
218086.533813
218116.613342
218146.607056
218176.759216
218206.770386
218236.828369
218266.902588
218296.949158
218326.954956
218357.095520
218387.123169
218417.180176
218447.265137
218477.275879
218507.323914
218537.393250
218567.462769
218597.459839
218627.623596
218657.605408
218687.625732
218717.684143
218747.665100
218777.701660
218807.768311
218837.829468
218867.833984
218897.900574
218927.997009
218958.057617
218988.070129
219018.216675
219048.238647
219078.309448
219108.403442
219138.412415
219168.511902
219198.616821
219228.695312
219258.700256
219288.844788
219318.845398
219348.915100
219379.004028
219409.078064
219439.095032
219469.224060
219499.236816
219529.285950
219559.396790
219589.476990
219619.477417
219649.641541
219679.651245
219709.669373
219739.826782
219769.832581
219799.902527
219830.027771
219860.065491
219890.043518
219920.193787
219950.212524
219980.229919
220010.395813
220040.455261
220070.528015
220100.735046
220130.926697
220161.029297
220191.292725
220221.421265
220251.599060
220281.720337
220311.972595
220342.085205
220372.246033
220402.464111
220432.625000
220462.730713
220492.952759
220523.108765
220553.223328
220583.476990
220613.584167
220643.756653
220673.951233
220704.112610
220734.232910
220764.509094
220794.623230
220824.798401
220855.000305
220885.169983
220915.272888
220945.481201
220975.665344
221005.788635
221036.058105
221066.172058
221096.328552
221126.543457
221156.713684
221186.829956
221217.097717
221247.190063
221277.328064
221307.576843
221337.704041
221367.863770
221398.059753
221428.207947
221458.298767
221488.540344
221518.654114
221548.839172
221578.995361
221609.129028
221639.303345
221669.430237
221699.672180
221729.781067
221759.945679
221790.156494
221820.309998
221850.408020
221880.666809
221910.782532
221940.896301
221971.162170
222001.285156
222031.460693
222061.673218
222091.863403
222121.986816
222152.178894
222182.340759
222212.469482
222242.740173
222272.849609
222303.005432
222333.209595
222363.379456
222393.494141
222423.763245
222453.864502
222484.034973
222514.216492
222544.385559
222574.493652
222604.682922
222634.854736
222664.951416
222695.196533
222725.317139
222755.479614
222785.657532
222815.752991
222845.891602
222876.073792
222906.251282
222936.362976
222966.605042
222996.711121
223026.811401
223056.984253
223087.162659
223117.315063
223147.429321
223177.689026
223207.800232
223237.950439
223268.165466
223298.307617
223328.410217
223358.679199
223388.842957
223419.016113
223449.345337
223479.525269
223509.739197
223539.973450
223570.188782
223600.345764
223630.628235
223660.833496
223691.014404
223721.328735
223751.496948
223781.711304
223811.970154
223842.190247
223872.334229
223902.586975
223932.795044
223962.954041
223993.242249
224023.389648
224053.598694
224083.847290
224114.045166
224144.192505
224174.504944
224204.688232
224234.859375
224265.169800
224295.328491
224325.538208
224355.783020
224386.011780
224416.172729
224446.415161
224476.657043
224506.855957
224537.007996
224567.292847
224597.445862
224627.614929
224657.928040
224688.106689
224718.325989
224748.604004
224778.822327
224808.972656
224839.278503
224869.444275
224899.676147
224929.922180
224960.152100
224990.303711
225020.591187
225050.807617
225080.980286
225111.313171
225141.509705
225171.735229
225202.032654
225232.256714
225262.433411
225292.775940
225322.940857
225353.157227
225383.456543
225413.702576
225443.890991
225474.225830
225504.402771
225534.654541
225564.925232
225595.161011
225625.353271
225655.687866
225685.866821
225716.063965
225746.379761
225776.572937
225806.820496
225837.061096
225867.370972
225897.546326
225927.788879
225958.066589
225988.315308
226018.482727
226048.825684
226079.053406
226109.244690
226139.565247
226169.744995
226200.011353
226230.269348
226260.531494
226290.709595
226321.148438
226351.283081
226381.278687
226411.525085
226441.424500
226471.319885
226501.278931
226531.185242
226561.028198
226591.025085
226620.833252
226650.704224
226680.566528
226710.446533
226740.269165
226770.278381
226800.118591
226829.945312
226859.905029
226889.762024
226919.645020
226949.556091
226979.415710
227009.289673
227039.192688
227069.116394
227098.959778
227128.917175
227158.771545
227188.576111
227218.469666
227248.353394
227278.252686
227308.066223
227338.043762
227367.827454
227397.716309
227427.679993
227457.541382
227487.452393
227517.394348
227547.330139
227577.126099
227607.106628
227636.919922
227666.846375
227696.781250
227726.622742
227756.528320
227786.456238
227816.357788
227846.149231
227876.074768
227905.841187
227935.667236
227965.493591
227995.310974
228025.081482
228055.029358
228084.777893
228114.537109
228144.492798
228174.243713
228204.071350
228233.889282
228263.747620
228293.479858
228323.358704
228353.120300
228382.895752
228412.726685
228442.557007
228472.301453
228502.204956
228532.018494
228561.847534
228591.615295
228621.573364
228651.340698
228681.175659
228711.034180
228740.873352
228770.604309
228800.497009
228830.341797
228860.082153
228889.992493
228919.739502
228949.585449
228979.442810
229009.263306
229039.014648
229068.968811
229098.708008
229128.492249
229158.306824
229188.090942
229217.837952
229247.744080
229277.532593
229307.348450
229337.238159
229367.063354
229396.805908
229426.668579
229456.527161
229486.319458
229516.247925
229546.037170
229575.887878
229605.764221
229635.644470
229665.432068
229695.288635
229725.119812
229754.882263
229784.779358
229814.603638
229844.460815
229874.282654
229904.099182
229933.950745
229963.833191
229993.633850
230023.382568
230053.191467
230083.002075
230112.845459
230142.581177
230172.559875
230202.355225
230232.160583
230262.009827
230291.828369
230321.577820
230351.519470
230381.330078
230411.129761
230441.073181
230470.881836
230500.699280
230530.601196
230560.433044
230590.197998
230620.142822
230649.961548
230679.763123
230709.649231
230739.452332
230769.211731
230799.078552
230828.876770
230858.656006
230888.623230
230918.419128
230948.232117
230978.103333
231007.966370
231037.744507
231067.659302
231097.424927
231127.283813
231157.140625
231186.970520
231216.890076
231246.785645
231276.723877
231306.572754
231336.537903
231366.429016
231396.347290
231426.246704
231456.206909
231486.071533
231515.981323
231545.953369
231575.816711
231605.730225
231635.688110
231665.638062
231695.531433
231725.583496
231755.471741
231785.399536
231815.375610
231845.319641
231875.204834
231905.228699
231935.091187
231965.017883
231994.965637
232024.776184
232054.654724
232084.641479
232114.565002
232144.442932
232174.459595
232204.368042
232234.239929
232264.173950
232294.115723
232324.000610
232353.934509
232383.862793
232413.736267
232443.734802
232473.633789
232503.547241
232533.508972
232563.451416
232593.299011
232623.237549
232653.187378
232683.055298
232713.004211
232742.898987
232772.840210
232802.801086
232832.748962
232862.606873
232892.549255
232922.525879
232952.484009
232982.523071
233012.523315
233042.488037
233072.345276
233102.397156
233132.274292
233162.201233
233192.175049
233222.102783
233252.016541
233282.099426
233311.967102
233341.826233
233371.855957
233401.777466
233431.739258
233461.752869
233491.717163
233521.673828
233551.693665
233581.641663
233611.471191
233641.488037
233671.375916
233701.325317
233731.314087
233761.281738
233791.207336
233821.185486
233851.126221
233881.002441
233911.026245
233940.936096
233970.889832
234000.887756
234030.821777
234060.693665
234090.674744
234120.542480
234150.454163
234180.415955
234210.411133
234240.291809
234270.166443
234300.210327
234330.106201
234360.047241
234390.036011
234419.991577
234449.890564
234479.914001
234509.769165
234539.671326
234569.630249
234599.583008
234629.426880
234659.393982
234689.328247
234719.199036
234749.221436
234779.087280
234809.019226
234839.206421
234869.275879
234899.183105
234929.127197
234959.047668
234988.893005
235018.888184
235048.743958
235078.679443
235108.643188
235138.507568
235168.354065
235198.323669
235228.262878
235258.119690
235288.124268
235318.071838
235347.932739
235377.920410
235407.866028
235437.725769
235467.658813
235497.554504
235527.473206
235557.356934
235587.289124
235617.116089
235647.057739
235677.001770
235706.931030
235736.765564
235766.734375
235796.630310
235826.477844
235856.512756
235886.392700
235916.372559
235946.323853
235976.197937
236006.073792
236036.042542
236065.973389
236095.836426
236125.875183
236155.780823
236185.751648
236215.735962
236245.716736
236275.606262
236305.649170
236335.539673
236365.478271
236395.454895
236425.348877
236455.276489
236485.227722
236515.169312
236544.994507
236575.005859
236604.918152
236634.863159
236664.865784
236694.881042
236724.782288
236754.760437
236784.738647
236814.590942
236844.582092
236874.484253
236904.456909
236934.393921
236964.317383
236994.228882
237024.156677
237054.090698
237083.884644
237113.859192
237143.814209
237173.739136
237203.599670
237233.647095
237263.513794
237293.437012
237323.390503
237353.322327
237383.165588
237413.096436
237443.030090
237472.921265
237502.988892
237532.878052
237562.828125
237592.784424
237622.707825
237652.544373
237682.520935
237712.381714
237742.311462
237772.370056
237802.365601
237832.434448
237862.592896
237892.562256
237922.635315
237952.731323
237982.800415
238012.814026
238042.970398
238073.003784
238103.028625
238133.184814
238163.220581
238193.315613
238223.427612
238253.531860
238283.568665
238313.727295
238343.757324
238373.855835
238403.889099
238433.989929
238464.089783
238494.109436
238524.310974
238554.363525
238584.445679
238614.563538
238644.677368
238674.731262
238704.925781
238734.940735
238765.035706
238795.159424
238825.250793
238855.250549
238885.351440
238915.424927
238945.424744
238975.587524
239005.596924
239035.680603
239065.825867
239095.903076
239125.900696
239156.068115
239186.085571
239216.175232
239246.279358
239276.362244
239306.382874
239336.546265
239366.591187
239396.667480
239426.761108
239456.785767
239486.838196
239516.951721
239547.023071
239576.993530
239607.114807
239637.133667
239667.187622
239697.253052
239727.347168
239757.378174
239787.480469
239817.575195
239847.631958
239877.661377
239907.832153
239937.847961
239967.937439
239998.073364
240028.120850
240058.191101
240088.314270
240118.407349
240148.438721
240178.601440
240208.628967
240238.712646
240268.814087
240298.834106
240328.907654
240358.995544
240389.069519
240419.060547
240449.205627
240479.232178
240509.260010
240539.404358
240569.478455
240599.469910
240629.527161
240659.625854
240689.634338
240719.814148
240749.829590
240779.877869
240809.966309
240840.044434
240870.075684
240900.168396
240930.260681
240960.279358
240990.432434
241020.454834
241050.528931
241080.616394
241110.720825
241140.735291
241170.826843
241200.943115
241231.020020
241261.053589
241291.157410
241321.209106
241351.202087
241381.372864
241411.3