------------------------------------------------------------------------------------------------------------------------------------------------------------------------------------------------------
File                 | Reading      | Prediction   | Error        | Error%       | L1_I%        | Stalls%      | Ins%         | L2%          | L1_D%        | TLB_I%       | L3           |
------------------------------------------------------------------------------------------------------------------------------------------------------------------------------------------------------
sssp                 | 8716.53      | 5789.17      | -2927.36     | 33.58        | -0.30        | 67.23        | 30.48        | -0.17        | -1.86        | 3.06         | 1.56         |
pr                   | 8719.55      | 5661.28      | -3058.27     | 35.07        | -0.29        | 70.56        | 29.60        | -0.34        | -3.93        | 1.70         | 2.70         |
cc                   | 35890.42     | 23548.40     | -12342.02    | 34.39        | -0.28        | 70.41        | 28.32        | -0.12        | -1.20        | 1.67         | 1.19         |
bc                   | 8723.34      | 5534.90      | -3188.44     | 36.55        | -0.27        | 66.46        | 30.38        | -0.19        | -2.02        | 2.13         | 3.52         |
pr_spmv              | 8714.18      | 6172.30      | -2541.88     | 29.17        | -0.24        | 70.88        | 28.13        | -0.40        | -4.69        | 2.97         | 3.34         |
cc_sv                | 8716.53      | 5454.24      | -3262.29     | 37.43        | -0.29        | 69.13        | 30.80        | -0.25        | -2.92        | 1.75         | 1.79         |
tc                   | 70139.87     | 44479.64     | -25660.22    | 36.58        | -0.17        | 53.36        | 46.73        | -0.22        | -1.25        | 0.53         | 1.03         |
bfs                  | 37573.19     | 22893.58     | -14679.62    | 39.07        | -0.28        | 69.67        | 29.01        | -0.12        | -1.21        | 1.86         | 1.06         |
------------------------------------------------------------------------------------------------------------------------------------------------------------------------------------------------------
Mean error: 35.231
