126130.857727
126160.912231
126190.849121
126220.776917
126250.740173
126280.664124
126310.619507
126340.563171
126370.451965
126400.457703
126430.386780
126460.361816
126490.304626
126520.281128
126550.194092
126580.190002
126610.109009
126640.052246
126669.972473
126699.859497
126729.798645
126759.708557
126789.666077
126819.584412
126849.544739
126879.465088
126909.405090
126939.279724
126969.236755
126999.162476
127029.131836
127059.041626
127089.011536
127118.930603
127148.834106
127178.753723
127208.654541
127238.595520
127268.486877
127298.432983
127328.289429
127358.235657
127388.107727
127418.053528
127447.932129
127477.848083
127507.769653
127537.677368
127567.556519
127597.470215
127627.392212
127657.320984
127687.306641
127717.189514
127747.115784
127777.058289
127807.034119
127837.000549
127866.998535
127896.926147
127926.871643
127956.888550
127986.816284
128016.783630
128046.714722
128076.720581
128106.647400
128136.623352
128166.553345
128196.490051
128226.369995
128256.331421
128286.218384
128316.155762
128346.111633
128376.027161
128405.997620
128435.913635
128465.864807
128495.765137
128525.709290
128555.640808
128585.634277
128615.525391
128645.479187
128675.391235
128705.376465
128735.305115
128765.247681
128795.115662
128825.018921
128854.997314
128884.952576
128914.967102
128944.928528
128974.901672
129004.864014
129034.891602
129064.845642
129094.809448
129124.818420
129154.785156
129184.785400
129214.746765
129244.758484
129274.716980
129304.630737
129334.606140
129364.581543
129394.573120
129424.548340
129454.562256
129484.517944
129514.523804
129544.447754
129574.434998
129604.402527
129634.412354
129664.363464
129694.322083
129724.290833
129754.239197
129784.268982
129814.236938
129844.287537
129874.288879
129904.275574
129934.296631
129964.276184
129994.273865
130024.266663
130054.199402
130084.128174
130114.125061
130144.081421
130174.071350
130204.036682
130233.992554
130263.954041
130293.881104
130323.835327
130353.744568
130383.730896
130413.669800
130443.670654
130473.650757
130503.660278
130533.574158
130563.648254
130594.599060
130625.714355
130656.664551
130686.454285
130716.196594
130745.868713
130775.670898
130805.391235
130835.214050
130864.943237
130894.776367
130924.494446
130954.302551
130984.072510
131013.881592
131043.643860
131073.373352
131103.627197
131133.465698
131163.117859
131192.737305
131222.387451
131251.980957
131281.643372
131311.244995
131340.844055
131370.503052
131400.156494
131429.823486
131459.407410
131489.054504
131518.603149
131548.261414
131577.836914
131607.498108
131637.105591
131666.817932
131696.434570
131726.041199
131755.742493
131785.484558
131815.201111
131844.793945
131874.459473
131904.060059
131933.685242
131963.300720
131992.882812
132022.502563
132052.078979
132081.752197
132111.404663
132141.164124
132170.767700
132200.440674
132230.071472
132259.724915
132289.328552
132318.989685
132348.596313
132378.278198
132407.885986
132437.511841
132467.184021
132496.779785
132526.454285
132556.066101
132585.727722
132615.335938
132645.024963
132674.669617
132704.326599
132733.931274
132763.595398
132793.178284
132822.879639
132852.495239
132882.151245
132911.753357
132941.467407
132971.091309
133000.735352
133030.437866
133060.050537
133089.808838
133119.445068
133149.131531
133178.739502
133208.403748
133238.030396
133267.672241
133297.301331
133326.979309
133356.727356
133386.410706
133416.168091
133445.829102
133475.526611
133505.248840
133534.920837
133564.650146
133594.305847
133624.033569
133653.737915
133683.609802
133713.375061
133743.109192
133772.911682
133802.623047
133832.317688
133862.079529
133891.776489
133921.489380
133951.187012
133980.942078
134010.658508
134040.362244
134070.134888
134099.769958
134129.506592
134159.184204
134188.900574
134218.652771
134248.320984
134278.096130
134308.270935
134338.706848
134369.053833
134399.612732
134430.041077
134460.460327
134490.791016
134521.143005
134551.523376
134581.790833
134612.103027
134642.301453
134672.668823
134702.837402
134733.023682
134763.165527
134793.373596
134823.756042
134854.2