135660.972412
135691.096680
135721.030640
135751.030457
135780.952820
135810.945862
135840.896484
135870.866333
135900.816711
135930.761902
135960.764771
135990.746216
136020.675720
136050.688782
136080.637939
136110.620605
136140.523865
136170.505981
136200.457947
136230.404968
136260.446838
136290.387878
136320.404297
136350.352112
136380.393677
136410.345642
136440.367249
136470.312622
136500.294922
136530.246277
136560.225708
136590.161804
136620.179199
136650.127258
136680.134827
136710.071533
136740.031189
136770.016663
136799.947815
136829.952942
136859.882080
136889.886719
136919.815979
136949.806274
136979.721069
137009.683594
137039.616394
137069.592163
137099.523132
137129.403870
137159.382996
137189.371155
137219.317261
137249.231506
137279.197815
137309.123230
137339.051697
137368.960022
137398.904541
137428.814880
137458.809998
137488.710876
137518.625977
137548.594788
137578.552490
137608.540955
137638.453125
137668.374634
137698.252625
137728.214783
137758.085693
137788.035156
137817.920166
137847.803406
137877.718811
137907.603699
137937.546021
137967.401917
137997.339111
138027.215088
138057.158569
138087.063782
138116.992981
138146.879028
138176.798401
138206.749023
138236.676636
138266.679932
138296.595459
138326.555115
138356.488831
138386.448914
138416.327942
138446.260315
138476.173523
138506.056702
138535.998596
138565.927185
138595.871704
138625.744141
138655.702942
138685.610840
138715.567810
138745.479065
138775.435181
138805.305481
138835.218384
138865.184204
138895.090942
138925.038452
138954.930603
138984.912659
139014.804443
139044.718018
139074.623657
139104.835083
139134.766296
139164.672424
139194.634766
139224.547668
139254.512085
139284.448730
139314.443481
139344.330383
139374.317017
139404.202576
139434.135620
139464.037598
139493.986694
139523.914062
139553.845825
139583.812134
139613.731934
139643.722961
139673.651611
139703.593628
139733.482361
139763.435242
139793.319153
139823.226807
139853.147888
139882.993225
139912.918152
139942.822021
139972.788391
140002.706299
140032.671082
140062.534485
140092.435974
140122.382019
140152.327881
140182.586304
140213.663574
140244.808472
140275.315918
140305.098328
140334.878174
140364.625732
140394.421204
140424.162354
140453.918884
140483.619629
140513.348511
140543.052795
140572.787903
140602.540833
140632.238098
140661.991516
140692.036316
140722.091003
140751.684082
140781.300110
140810.859375
140840.520325
140870.107178
140899.659302
140929.256470
140958.848816
140988.459839
141018.054138
141047.713135
141077.295715
141106.885498
141136.521667
141166.098450
141195.733704
141225.334839
141254.998291
141284.595520
141314.259888
141343.810608
141373.375183
141403.011963
141432.630249
141462.300781
141491.950623
141521.522339
141551.119019
141580.742310
141610.327759
141639.971375
141669.583496
141699.224487
141728.844116
141758.537476
141788.110229
141817.764282
141847.365967
141876.927185
141906.545715
141936.131531
141965.855652
141995.488037
142025.172302
142054.761475
142084.364258
142114.054749
142143.732300
142173.383423
142203.096008
142232.707275
142262.347229
142291.971436
142321.534180
142351.171509
142380.769653
142410.376526
142439.909241
142469.535767
142499.051270
142528.684082
142558.246948
142587.813416
142617.433350
142647.013855
142676.621582
142706.171387
142735.773193
142765.357910
142794.959900
142824.564331
142854.154846
142883.761292
142913.465515
142943.060791
142972.731201
143002.450623
143032.097046
143061.821228
143091.439636
143121.164001
143150.843506
143180.543823
143210.220703
143239.872986
143269.653076
143299.292603
143328.968140
143358.654968
143388.344482
143418.022095
143447.672546
143477.354858
143506.976074
143536.660522
143566.280762
143595.999817
143625.648010
143655.379517
143684.988647
143714.584167
143744.246887
143773.833801
143803.487976
143833.131653
143862.731750
143892.417480
143922.078003
143952.009094
143982.362854
144012.762329
144042.975037
144073.283020
144103.511719
144133.823364
144164.068970
144194.333740
144224.691589
144255.147217
144285.725891
144316.331726
144346.991394
144377.5