145368.752502
145398.841125
145428.814880
145458.711792
145488.666138
145518.576416
145548.522095
145578.558472
145608.475098
145638.501831
145668.459656
145698.450684
145728.400085
145758.385498
145788.317810
145818.291382
145848.243652
145878.195435
145908.099487
145938.006409
145967.991577
145997.912292
146027.895081
146057.826904
146087.799255
146117.665344
146147.653442
146177.557251
146207.500488
146237.434387
146267.429504
146297.357483
146327.342346
146357.280579
146387.253357
146417.261169
146447.209290
146477.209656
146507.150269
146537.133301
146567.057983
146597.021301
146626.942932
146656.963928
146686.973145
146717.005432
146746.967407
146776.927673
146806.863464
146836.856567
146866.803772
146896.765442
146926.700745
146956.604858
146986.558594
147016.456543
147046.397888
147076.293213
147106.234741
147136.273315
147166.373535
147196.357849
147226.338135
147256.279907
147286.245300
147316.170776
147346.089661
147376.070801
147406.040527
147435.964050
147465.873901
147495.848572
147525.754028
147555.722229
147585.654297
147615.615967
147645.514465
147675.470886
147705.391479
147735.379272
147765.296143
147795.284790
147825.153870
147855.096619
147885.027222
147914.992554
147944.879944
147974.854065
148004.762451
148034.678772
148064.657349
148094.559021
148124.546143
148154.470520
148184.444092
148214.375671
148244.372314
148274.293945
148304.267944
148334.208252
148364.177307
148394.087585
148424.017456
148454.004639
148483.860962
148513.825623
148543.718750
148573.732117
148603.640137
148633.608398
148663.520447
148693.400452
148723.339172
148753.237427
148783.164429
148813.038330
148843.007324
148872.896729
148902.886108
148932.761230
148962.710083
148992.717529
149022.658691
149052.633545
149082.530029
149112.498657
149142.447021
149172.453735
149202.392151
149232.380615
149262.336487
149292.340149
149322.275146
149352.215088
149382.186951
149412.134583
149442.111633
149471.994263
149501.947693
149531.884521
149561.812805
149591.701477
149621.661926
149651.561157
149681.481812
149711.416382
149741.328247
149771.292969
149801.203613
149831.140625
149861.036621
149890.999939
149920.877075
149950.820312
149980.930054
150012.012146
150043.063843
150073.746765
150103.560791
150133.298889
150163.106995
150192.846375
150222.595947
150252.366394
150282.163208
150311.860901
150341.638489
150371.288635
150400.990906
150430.753235
150460.587036
150490.758972
150520.463379
150550.143066
150579.714783
150609.416687
150639.008972
150668.723022
150698.351501
150727.993713
150757.646179
150787.249329
150816.943604
150846.532471
150876.197327
150905.783386
150935.446167
150965.079102
150994.768799
151024.455994
151054.071472
151083.746582
151113.372986
151143.064087
151172.669617
151202.305359
151231.864014
151261.517761
151291.156006
151320.707275
151350.452576
151380.045105
151409.675476
151439.272522
151468.928711
151498.538940
151528.231079
151557.771057
151587.329224
151616.964050
151646.565308
151676.181946
151705.790161
151735.444092
151765.014099
151794.633118
151824.206482
151853.737671
151883.341797
151912.947205
151942.583435
151972.171631
152001.823669
152031.373291
152060.986450
152090.532104
152120.121765
152149.674438
152179.224548
152208.820618
152238.459595
152268.041321
152297.660583
152327.240112
152356.798096
152386.413147
152415.994202
152445.616211
152475.191528
152504.858887
152534.607483
152564.229248
152593.779724
152623.386841
152652.989746
152682.742065
152712.384216
152741.983704
152771.628601
152801.285645
152831.028870
152860.608154
152890.323792
152919.918030
152949.593140
152979.212524
153008.789551
153038.444153
153068.032959
153097.745300
153127.338196
153156.999756
153186.642883
153216.273987
153245.972961
153275.593079
153305.244019
153334.893433
153364.512268
153394.172729
153423.821594
153453.500305
153483.140747
153512.813721
153542.471130
153572.138123
153601.813354
153631.492126
153661.221985
153690.903076
153720.651672
153750.859680
153781.309204
153811.758423
153842.462769
153873.226868
153903.923462
153934.667419
153965.479126
153996.247620
154026.918579
154057.713318
154088.3