120239.476929
120274.876526
120310.794312
120345.057556
120379.484863
120412.084839
120447.598877
120483.535767
120518.894104
120554.743530
120590.824829
120626.732361
120662.814880
120698.680115
120734.805176
120770.308960
120806.311646
120842.227356
120878.290894
120914.347290
120950.418213
120986.357849
121022.105042
121058.311340
121094.076843
121130.342651
121166.083984
121202.403259
121238.127014
121273.941650
121310.054443
121345.865723
121382.028931
121417.877197
121453.984558
121489.773010
121525.750488
121561.782593
121597.872803
121633.800720
121669.938782
121705.699829
121741.557373
121777.676575
121813.447876
121849.610168
121885.371399
121921.524048
121957.293945
121993.092346
122029.164551
122065.053528
122101.095581
122137.001526
122173.038269
122208.795288
122244.855591
122280.668884
122316.841797
122352.644348
122388.779114
122424.570312
122460.290161
122496.450500
122532.190613
122568.357117
122604.183838
122640.379333
122676.100403
122711.911316
122747.937561
122783.848694
122819.916260
122855.880798
122891.903992
122927.645813
122963.777100
122999.661499
123035.833740
123071.597351
123107.808044
123143.565552
123179.341675
123215.508972
123251.225098
123287.399597
123323.224915
123359.312500
123395.006226
123430.912659
123466.908569
123502.881042
123538.831848
123574.734741
123610.761414
123646.499939
123682.676941
123718.456848
123754.718506
123790.461426
123826.700500
123862.540466
123898.328735
123934.596497
123970.356384
124006.555054
124042.345337
124078.526245
124114.211548
124150.110962
124186.136902
124222.105835
124258.132629
124294.151489
124330.122864
124365.831360
124402.042114
124437.767517
124473.963013
124509.739136
124545.948730
124581.739014
124617.513489
124653.634338
124689.512756
124725.611145
124761.501526
124797.564392
124833.350037
124869.230042
124905.179565
124941.310852
124977.154541
125013.277832
125049.025757
125084.873047
125121.072693
125156.848145
125193.059570
125228.749817
125265.059631
125300.776917
125336.653198
125372.714355
125408.615967
125444.722229
125480.665710
125516.749451
125552.453003
125588.547913
125624.411926
125660.588501
125696.408997
125732.634949
125768.355286
125804.251465
125840.484558
125876.207214
125912.481140
125948.267090
125984.523193
126020.260071
126056.128113
126092.264648
126128.156006
126164.259888
126200.167236
126236.288635
126272.027405
126308.210449
126344.086121
126380.262268
126416.128845
126452.333679
126488.218628
126523.958923
126560.269653
126596.052490
126632.258057
126668.132141
126704.289490
126740.104492
126775.939819
126812.045654
126847.994446
126884.108215
126920.081665
126956.169861
126991.916382
127028.059937
127063.934753
127100.110596
127135.961365
127172.173096
127208.015503
127243.812927
127280.087097
127315.894775
127352.109436
127387.949097
127424.191956
127459.945374
127495.855042
127531.946655
127567.907959
127604.009399
127640.084595
127676.098083
127711.860229
127748.171082
127783.975647
127820.285339
127856.055847
127892.376587
127928.188904
127964.046082
128000.298706
128036.192932
128072.487122
128108.428040
128144.645508
128180.417969
128216.497925
128252.533569
128288.760254
128324.653381
128360.909424
128396.721252
128432.642212
128468.880920
128504.654480
128541.001587
128576.745239
128613.060852
128648.814697
128684.730042
128720.838440
128756.810669
128792.872681
128828.814697
128864.985107
128900.782593
128936.977783
128972.849365
129009.071960
129044.916443
129081.172058
129116.965332
129152.812134
129189.136353
129224.958313
129261.231873
129297.023743
129333.349670
129369.158630
129405.179016
129441.331970
129477.390564
129513.544922
129549.577881
129585.748291
129621.537964
129657.797424
129693.692383
129730.016846
129765.848877
129802.122009
129838.031067
129873.790466
129910.117004
129945.946838
129982.278259
130018.157959
130054.513794
130090.303467
130126.318481
130162.458801
130198.460510
130234.618530
130270.706055
130306.797668
130342.580444
130378.837646
130414.734741
130450.979675
130486.844177
130523.128540
130559.039368
130594.828796
130631.120911
130666.950745
130703.261353
130739.1