50822.783752
50857.630432
50893.448486
50928.020874
50962.916077
50998.034058
51030.964294
51063.198669
51098.921570
51134.511292
51170.581055
51206.450073
51242.193237
51277.884155
51313.515381
51349.228027
51384.871155
51420.579529
51456.206177
51491.862915
51527.844482
51563.940247
51599.851501
51635.792419
51671.723267
51707.578491
51743.499023
51779.285461
51815.131165
51850.901550
51886.787415
51922.649719
51958.425415
51994.230103
52029.937378
52065.691162
52101.465088
52137.171875
52172.899780
52208.684143
52244.364685
52280.137634
52315.908691
52351.609619
52387.441833
52423.376953
52459.224365
52495.136841
52530.993225
52566.922180
52602.813110
52638.798218
52674.728027
52710.667542
52746.673157
52782.576843
52818.454590
52854.450867
52890.393372
52926.269165
52962.209045
52998.042114
53033.815369
53069.723877
53105.541870
53141.332764
53177.216736
53213.010986
53248.780029
53284.574097
53320.292603
53356.146729
53391.853943
53427.500122
53463.169556
53498.906433
53534.632812
53570.269958
53605.996216
53641.689331
53677.310913
53713.030518
53748.625793
53784.105713
53819.204895
53854.233093
53889.248474
53924.330078
53959.330078
53994.424744
54030.200806
54067.535522
54105.220276
54142.912231
54180.294800
54218.233276
54256.228821
54293.784546
54331.660583
54369.428040
54407.217957
54444.980042
54482.936890
54520.526123
54558.205261
54595.793579
54633.399963
54671.063171
54708.665039
54746.386841
54784.025818
54821.530396
54858.084045
54894.642212
54931.296143
54967.820251
55003.536926
55039.059509
55074.594849
55110.010071
55145.372803
55180.768188
55216.061829
55251.477905
55286.804138
55322.139160
55357.506287
55392.785583
55428.118713
55463.397705
55498.702881
55533.997620
55569.257019
55604.619080
55639.942627
55675.258972
55710.484680
55745.751770
55781.026184
55816.258362
55851.561523
55886.823425
55921.777771
55956.766052
55991.756287
56026.921143
56061.960449
56096.954773
56132.011353
56167.072205
56202.165894
56237.089905
56272.134766
56307.161621
56342.244080
56377.192200
56412.180725
56447.299133
56482.330505
56517.331909
56552.399292
56587.549805
56622.631042
56657.608582
56692.708618
56727.683777
56762.689819
56797.902344
56832.856445
56867.945557
56902.962463
56938.053772
56973.071838
57008.047546
57043.157593
57078.192017
57113.335388
57148.380859
57183.345032
57218.331482
57253.331909
57288.452759
57323.440613
57358.536072
57393.489990
57428.599365
57463.568909
57498.532654
57533.544312
57568.501099
57603.460022
57638.497192
57673.375916
57708.449036
57743.400635
57778.427246
57813.420654
57848.411987
57883.477173
57918.541443
57953.537842
57988.476562
58023.554321
58058.601685
58093.633362
58128.652222
58163.619751
58198.620605
58233.679749
58268.733215
58303.762146
58338.757080
58373.747437
58408.848755
58443.952637
58478.931946
58513.968079
58548.870300
58583.844421
58618.805847
58653.755005
58688.838501
58723.853149
58759.019714
58793.988403
58829.069824
58864.227478
58899.240906
58934.294189
58969.314026
59004.377686
59039.292480
59074.367310
59109.489136
59144.473511
59179.508118
59214.475647
59249.564575
59284.537903
59319.612305
59354.602539
59389.548340
59424.535461
59459.629822
59494.651489
59529.678955
59564.777039
59599.761902
59634.828613
59669.828003
59704.907471
59739.905212
59774.975281
59810.121765
59845.106873
59880.184692
59915.213501
59950.166443
59985.199524
60020.194214
60055.283325
60090.413147
60125.409424
60160.334961
60195.423157
60230.361755
60265.348999
60300.338684
60335.307068
60370.372742
60405.259766
60440.282166
60475.246094
60510.240356
60545.232117
60580.337097
60615.366577
60650.373840
60685.400269
60720.290588
60755.327881
60790.332764
60825.330688
60860.291138
60895.424377
60930.439575
60965.472961
61000.492615
61035.505554
61070.499084
61105.453979
61140.519287
61175.539612
61210.525818
61245.523682
61280.456848
61315.414856
61350.348267
61385.409912
61420.376465
61455.455017
61490.479675
61525.466614
61560.500977
61595.518005
61630.566040
61665.514771
61700.516357
61735.501953
61770.953796
61805.938293
61841.000305
61875.948730
61910.861023
61945.920349
