96518.047424
96552.726013
96588.193726
96622.603638
96655.137024
96689.967163
96725.499695
96760.929688
96796.429749
96831.802246
96867.319214
96902.765076
96938.263428
96973.693115
97009.156555
97044.551453
97079.937805
97115.344604
97150.838013
97186.508850
97222.123962
97257.194214
97292.106934
97327.067261
97361.873535
97396.699951
97431.418457
97466.128052
97500.744324
97535.337952
97569.904114
97604.411560
97639.006470
97673.513611
97708.052551
97742.563110
97777.155273
97811.653625
97846.279724
97880.841431
97915.342285
97949.946960
97984.478821
98019.093811
98053.589966
98088.219421
98122.810547
98157.466858
98192.056030
98226.670288
98261.240906
98295.792419
98330.432251
98364.956055
98399.593567
98434.157776
98468.788147
98503.381104
98538.016357
98572.619080
98607.182617
98641.811584
98676.344360
98710.962891
98745.488831
98780.017700
98814.674622
98849.255371
98883.892273
98918.461060
98953.075500
98987.655945
99022.205322
99056.850464
99091.385681
99125.976440
99160.533447
99195.186768
99229.752686
99264.337830
99298.877136
99333.374939
99368.026489
99402.623779
99437.189331
99471.741211
99506.378479
99540.873291
99575.456482
99609.979309
99644.601135
99679.136108
99713.825928
99748.603516
99783.419006
99818.091919
99852.685608
99887.360535
99921.963867
99956.700500
99991.385437
100026.124817
100060.704346
100095.227722
100129.805542
100164.261414
100198.730530
100233.136108
100267.594910
100302.026978
100336.538391
100370.979980
100405.509338
100440.003906
100474.480652
100509.028931
100543.489929
100578.083313
100612.613220
100647.158752
100681.689819
100716.265137
100750.766785
100785.379150
100819.900146
100854.438049
100889.046936
100923.563782
100958.158569
100992.653992
101027.211121
101061.680847
101096.237793
101130.706970
101165.279175
101199.757751
101234.288025
101268.780457
101303.251526
101337.819153
101372.289795
101406.834961
101441.388367
101476.039429
101510.525024
101545.028809
101579.500793
101613.979004
101648.538025
101683.008362
101717.571594
101752.110168
101786.691040
101821.173767
101855.668213
101890.164795
101924.656128
101959.234314
101993.733826
102028.314453
102062.795898
102097.369629
102131.930420
102166.464600
102201.082397
102235.587280
102270.190796
102304.774597
102339.387573
102373.918945
102408.457397
102443.005310
102477.506226
102512.050232
102546.626587
102581.192810
102615.690979
102650.237000
102684.733093
102719.329041
102753.948181
102788.502930
102823.183594
102857.808167
102892.449280
102927.041565
102961.696106
102996.269897
103030.895752
103065.455383
103099.978271
103134.583435
103169.080139
103203.660583
103238.202393
103272.803101
103307.349609
103341.997620
103376.574219
103411.229797
103445.759827
103480.348572
103514.913513
103549.450928
103584.114014
103618.682861
103653.334717
103687.827881
103722.321594
103756.832153
103791.403564
103825.994873
103860.545044
103895.117920
103929.661682
103964.245605
103998.712646
104033.277405
104067.962646
104102.900818
104137.771179
104172.709473
104207.592590
104242.554565
104277.399658
104312.275085
104347.241089
104382.265015
104417.447876
104452.601990
104487.899719
104523.140564
104558.393921
104593.323853
104628.340332
104663.348022
104697.882874
104732.517700
104767.129944
104802.027283
104836.892456
104871.709656
104906.619446
104941.411377
104976.374878
105010.747925
105045.235596
105079.895447
105114.709656
105149.543274
105184.442444
105219.279419
105254.096436
105288.969910
105323.265320
105357.764221
105392.473816
105427.277100
105462.182495
105497.011841
105531.881470
105566.718933
105601.588623
105635.911865
105670.372192
105705.202515
105740.092285
105774.945129
105809.780457
105844.723572
105879.545471
105914.376953
105948.664612
105983.153137
106018.086548
106052.911377
106087.834717
106122.695740
106157.531921
106192.402344
106227.040771
106261.478455
106295.981934
106330.821838
106365.711060
106400.562134
106435.438660
106470.234680
106505.102966
106539.667297
106574.091675
106608.567505
106643.456970
106678.246704
106713.159607
106748.027527
106782.849976
106817.717041
106852.155396
106886.687500
106921.250244
106956.152161
106990.984985
107025.898499
107060.732727
107095.471741
107130.438843
107164.812073
107199.289673
107234.044312
107268.889404
107303.801575
107338.628967
107373.455078
107408.298340
107443.162476
107477.452026
107512.036621
107546.829041
107581.721313
107616.557190
107651.387939
107686.223206
107721.070557
107755.776611
107790.072021
107824.559753
107859.390137
107894.280518
107929.112854
107963.950806
107998.869690
108033.652771
108068.310181
108102.748596
108137.250488
108172.163208
108206.962708
108241.800049
108276.720764
108311.540710
108346.382690
108381.016296
108415.430420
108449.980957
108484.832825
108519.611267
108554.483154
108589.317261
108624.162659
108659.064575
108693.501709
108728.046875
108762.570984
108797.389099
108832.317200
108867.127625
108902.065674
108936.832703
108971.685608
109006.083862
109040.544373
109075.270447
109110.102356
109144.926941
109179.808350
109214.696106
109249.452148
109284.389465
109318.634460
109353.137817
109387.839539
109422.649292
109457.538086
109492.374878
109527.268982
109562.054871
109596.880066
109631.194153
109665.662659
109700.494507
109735.290039
109770.112854
109804.995239
109839.832153
109874.636292
109909.329346
109943.559631
109978.125000
110012.974182
110047.877197
110082.716003
110117.516418
110152.397156
110187.213623
110221.913330
110256.282593
110290.786011
110325.712585
110360.521179
110395.329102
110430.208923
110464.980347
110499.888367
110534.416199
110568.946228
110603.446655
110638.288879
110673.159851
110707.985962
110742.859985
110777.723022
110812.565796
110847.075073
110881.615051
110916.215759
110951.113647
110985.975220
111020.865479
111055.713196
111090.513916
111125.546326
111159.932861
111194.509277
111229.293823
111264.140381
111299.070190
111333.945496
111368.820190
111403.687988
111438.570435
111472.891968
111507.423828
111542.275146
111577.125977
111611.975159
111646.886536
111681.754028
111716.556641
111751.421326
111785.611206
111820.190552
111855.096191
111889.998718
111924.836487
111959.705688
111994.676697
112029.511902
112064.272217
112098.695496
112133.244080
112168.201904
112203.032776
112237.940247
112272.808594
112307.603699
112342.504761
112377.100159
112411.500427
112446.087158
112480.951111
112515.854614
112550.715515
112585.627686
112620.451904
112655.368225
112689.942139
112724.427734
112759.032288
112793.861694
112828.798279
112863.648926
112898.498413
112933.316711
112968.265076
113002.677307
113037.239624
113071.987732
113106.885010
113141.762512
113176.725830
113211.600342
113246.420776
113281.457092
113315.787170
113350.410645
113385.180725
113420.484924
113455.807678
113491.224854
113526.552917
113561.908630
113597.211914
113632.458130
113667.453796
113702.577332
113737.804810
113772.912903
113807.814697
113842.710022
113877.650574
113912.516174
113947.409424
113982.298340
114017.148865
114052.090332
114086.918884
114121.866516
114156.871948
114191.823425
114226.798889
114261.751526
114296.736267
114331.758850
114366.625732
114401.527832
114436.374939
114471.285583
114506.126526
114541.036499
114575.845215
114610.638977
114645.607056
114680.569946
114715.489624
114750.357910
114785.153015
114819.923157
114854.661133
114889.418274
114924.237854
114958.968140
114993.716492
115028.597778
115063.366760
115098.186646
115132.948547
115167.719421
115202.337585
115237.158325
115272.097595
115306.950317
115341.780823
115376.671814
115411.473328
115446.313232
115481.129211
115515.997192
115550.838867
115585.815735
115620.843628
115655.727783
115690.695923
115725.719971
115760.606079
115795.562317
115830.391296
115865.296875
115900.152466
115934.964600
115969.858521
116004.714172
116039.506897
116074.461731
116109.448059
116144.495911
116179.312683
116214.062378
116248.869324
116283.607910
116318.410339
116353.160950
116387.873474
116422.692322
116457.490906
116492.305542
116527.073730
116561.843506
116596.675659
116631.225342
116666.044983
116700.969666
116735.825256
116770.720337
116805.528442
116840.312500
116875.184509
116909.936157
116944.807007
116979.670471
117014.672424
117049.728882
