143210.015930
143244.877625
143280.263489
143314.589172
143349.603149
143383.725281
143419.353943
143454.757812
143490.208313
143525.667114
143561.143860
143596.700745
143632.136047
143667.623352
143703.082886
143738.660095
143774.107239
143809.680420
143845.168823
143880.659485
143916.167603
143951.644348
143987.175842
144022.670227
144058.230408
144093.768188
144129.320740
144164.839600
144200.378784
144235.918701
144271.450806
144306.934692
144342.422913
144377.968262
144413.418762
144448.986023
144484.470337
144519.944824
144555.435242
144590.871338
144626.397827
144661.830383
144697.219299
144732.686096
144768.058228
144803.553528
144838.963989
144874.412292
144909.823792
144945.394897
144980.852417
145016.305176
145051.795410
145087.249817
145122.718079
145158.150879
145193.611450
145229.151611
145264.629578
145300.084839
145335.671387
145371.139526
145406.652405
145442.200806
145477.684937
145513.218750
145548.680969
145584.260681
145619.760376
145655.260376
145690.853638
145726.299988
145761.861755
145797.392273
145832.912170
145868.473938
145903.934692
145939.501160
145974.975891
146010.553040
146046.076782
146081.558044
146117.037048
146152.484741
146188.109558
146223.562683
146259.109863
146294.620544
146330.032166
146365.572266
146401.055969
146436.587219
146472.058716
146507.627869
146543.092651
146578.634583
146614.137939
146649.616150
146685.148193
146720.622498
146756.122375
146791.598877
146827.075928
146862.602783
146898.098816
146933.614624
146968.989685
147004.548523
147040.026306
147075.559448
147111.083557
147146.591675
147182.109253
147217.640320
147253.212219
147288.655701
147324.140686
147359.657898
147395.206421
147430.651184
147466.134888
147501.571533
147537.011292
147572.522217
147608.050293
147643.679077
147679.170715
147714.804565
147750.331848
147785.887756
147821.423035
147856.956055
147892.534973
147928.002319
147963.550842
147999.089294
148034.674011
148070.125977
148105.648560
148141.071777
148176.550354
148212.093201
148247.588806
148283.194031
148318.638550
148354.135803
148389.521240
148424.890442
148460.385925
148495.665771
148530.990723
148566.419983
148601.734497
148637.260315
148672.618958
148708.114502
148743.465820
148778.881348
148814.183472
148849.668945
148885.095825
148920.638733
148956.106995
148991.462708
149026.855896
149062.399048
149097.766113
149133.220093
149168.629761
149204.215576
149239.721436
149275.297424
149310.783875
149346.482483
149382.194458
149417.701355
149453.293579
149488.794189
149524.310181
149559.927063
149595.442566
149631.095764
149666.547058
149702.124084
149737.608765
149773.159607
149808.702026
149844.325256
149879.961121
149915.649902
149951.374207
149986.937988
150022.563843
150058.035095
150093.595947
150129.079285
150164.644165
150200.101562
150235.633667
150271.113098
150306.703308
150342.243469
150377.850952
150413.405823
150448.945435
150484.601929
150520.191284
150555.845581
150591.380188
150626.945862
150662.474426
150698.114380
150733.652344
150769.278259
150804.851685
150840.454163
150875.952698
150911.393005
150946.897095
150982.388733
151017.973022
151053.490479
151089.016235
151124.496033
151159.892700
151195.390808
151230.758179
151266.252930
151301.567200
151337.019287
151372.421448
151407.889832
151443.291077
151478.882141
151514.445862
151549.854858
151585.261292
151620.563904
151656.102417
151691.515747
151726.898376
151762.278320
151797.720642
151833.100525
151868.363647
151903.727539
151938.931580
151974.297913
152009.606262
152044.965698
152080.202820
152115.712646
152151.015381
152186.288025
152221.650574
152256.929810
152292.326660
152327.553406
152362.864319
152398.257507
152433.532410
152468.922546
152504.316589
152539.645142
152574.846191
152610.208069
152645.617126
152681.030273
152716.636719
152752.239929
152787.726868
152823.250244
152858.667847
152894.126038
152929.592041
152965.036621
153000.665527
153036.206482
153071.683289
153107.156433
153142.672546
153178.184143
153213.688354
153249.360168
153284.905823
153320.438477
153355.929565
153391.336853
153426.894531
153462.385803
153497.753052
153533.139893
153568.599731
153603.956604
153639.279480
153674.721802
153710.158569
153745.682251
153780.925415
153816.160095
153851.599121
153886.971863
153922.404480
153957.833008
153993.289368
154028.702637
154064.189270
154099.650818
154135.028503
154170.381042
154205.671570
154240.960999
154276.385620
154311.719666
154347.233582
154382.667053
154418.163147
154453.527710
154488.957764
154524.414734
154559.852417
154595.355103
154630.907898
154666.317932
154701.718567
154737.060364
154772.536743
154808.098206
154843.484436
154878.936096
154914.404846
154949.607666
154984.828735
155020.105347
155055.328430
155090.547119
155125.770874
155160.956360
155196.017212
155231.215576
155266.577209
155301.849060
155337.038940
155372.288574
155407.647583
155443.028381
155478.358032
155513.592407
155548.857300
155584.078186
155619.413452
155654.780945
155690.161499
155725.432922
155760.609192
155795.885010
155831.167908
155866.533997
155901.755310
155937.036499
155972.364807
156007.672119
156042.920532
156078.196960
156113.447449
156148.728333
156184.032288
156219.399109
156254.775940
156290.042542
156325.213013
156360.424683
156395.666504
156430.949280
156466.289490
156501.512817
156536.748840
156572.007080
156607.212341
156642.485413
156677.895081
156713.295410
156748.665344
156784.065918
156819.371887
156854.707275
156890.100342
156925.430542
156961.129150
156996.861084
157032.188354
157067.392151
157102.843506
157138.285950
157173.522644
157208.787048
157243.975952
157279.198975
157314.421204
157349.551331
157384.767212
157419.884583
157455.095032
157490.390381
157525.734863
157561.013245
157596.306946
157631.617493
157666.810852
157702.041382
157737.228638
157772.522400
157807.771973
157843.180298
157878.470154
157913.906189
157949.147949
157984.633179
158020.052185
158055.433533
158090.791321
158126.140747
158161.502747
158196.741577
158231.985657
158267.246216
158302.475098
158337.744019
158372.969360
158408.237549
158443.551025
158478.875671
158514.393860
158549.814209
158585.191040
158620.564392
158656.005554
158691.330383
158726.797852
158762.202393
158797.620300
158833.032837
158868.260681
158903.567566
158938.860840
158974.193848
159009.680237
159045.146851
159080.619690
159116.073059
159151.580444
159187.104248
159222.694214
159258.101501
159293.604126
159328.924744
159364.314636
159399.773438
159435.213989
159470.758362
159506.176331
159541.613037
159577.009094
159612.452271
159647.748047
159683.079834
159718.473206
159753.829346
159789.129639
159824.412720
159859.846130
159895.168457
159930.593567
159965.985474
160001.497375
160036.943298
160072.485962
160107.877502
160143.242554
160178.657593
160213.931335
160249.337524
160284.686523
160320.176636
160355.574890
160390.949646
160426.446167
160461.853882
160497.300903
160532.674072
160568.122437
160603.466675
160638.875916
160674.294861
160709.725708
160745.112915
160780.462891
160815.860596
160851.279663
160886.839966
160922.259644
160957.687561
160993.089600
161028.417542
161063.914185
161099.293518
161134.847351
161170.268799
161205.713196
161241.078552
161276.641724
161312.050293
161347.423584
161382.783936
161418.223511
161453.641357
161489.013672
161524.472107
161559.815613
161595.197510
161630.554810
161666.022339
161701.349182
161736.723206
161772.021973
161807.325684
161842.763794
161878.076355
161913.372192
161948.572266
161983.862549
162019.118652
162054.364197
162089.586243
162124.881714
162160.085083
162195.156677
162230.250793
162264.906189
162299.598267
162334.211121
162368.849304
162403.537720
162438.157471
162472.866699
162507.486511
162542.091614
162576.759277
162611.381531
162646.066895
162680.949646
162715.814941
162750.658081
162785.250610
162819.739990
162854.514954
162889.339905
162925.073792
162961.109314
162995.579163
163029.914490
163064.285706
163098.678406
163133.172180
163167.409180
163202.475464
163237.073975
163272.427734
163307.782959
163343.007080
163374.669800
163409.562134
163443.132996
163477.724670
163513.451904
163549.736694
163585.839539
163621.840637
163657.742188
163693.461609
163729.005859
163764.608887
163800.282471
163836.017700
163871.753540
163907.420349
163942.707275
163977.585999
164012.002136
164045.705688
164080.784607
164114.143860
164149.651245
164185.245056
164220.851807
164256.233765
164291.678162
164327.321960
164362.756592
164398.343384
164433.869934
164469.391357
164505.254333
164541.580566
164577.952942
164614.325928
164650.706421
164687.568481
164724.462646
164760.887634
164797.172729
164833.767517
164870.573242
164907.244019
164943.846436
164980.588379
165016.989746
165053.529602
165090.078857
165126.687561
165163.378967
165200.115662
165236.129150
165273.083130
165309.907654
165347.022888
165383.626831
165420.653259
165457.682617
165494.764648
165531.904907
165568.959900
165606.071594
165643.143250
165680.284180
165717.369995
165754.501526
165791.564575
165828.616455
165865.713074
165902.735168
165939.828491
165976.872803
166014.008545
166051.083008
166088.214050
166125.299377
166162.343201
166199.450928
166236.388306
166273.207275
166309.546692
166345.956726
166381.919312
166418.451111
166454.967224
166491.876709
166528.670654
166565.194763
166602.100159
166638.811157
166675.780212
166712.892822
166749.714783
166786.775269
166823.614197
166860.023132
166895.841064
166931.899658
166968.762939
167004.941895
167041.133667
167077.430969
167113.767761
167149.525330
167185.355957
167221.292236
167257.793579
167293.991821
167329.692200
167365.506226
167402.063477
167438.438477
167474.164246
167509.886719
167546.610291
167582.464783
167618.222107
167654.101929
167689.910034
167725.903992
167761.737976
167798.099670
167835.171753
167871.639526
167907.552795
167943.520020
167979.956726
168017.166809
168053.911560
168091.059753
168128.141479
168165.294189
168202.380615
168238.661560
168274.570312
168310.408203
168346.820251
168383.127258
168419.451782
168455.165710
168490.995789
168526.993896
168563.150940
168599.953186
168636.744690
168673.170227
168709.035828
168745.878479
168781.694702
168818.253662
168854.249268
168890.540771
168926.725952
168962.987671
168999.880493
169036.322388
169072.264709
169108.109253
169143.906677
169179.737549
169215.559692
169251.503723
169287.270813
169323.827393
169359.988708
169396.830200
169433.528870
169469.689209
169506.320740
169542.845093
169579.784302
169616.179260
169652.026123
169688.113220
169725.014282
169760.841431
169796.933533
169833.824524
169870.001648
169906.169250
169942.964600
169979.260925
170015.033081
170051.427429
170087.578918
170123.647034
170160.172974
170196.157227
170232.371033
170268.960205
170304.823181
170340.654053
170376.477295
170412.291931
170448.291809
170484.752075
170520.993347
170557.546448
170593.830261
170629.884583
170665.728699
170701.562500
170737.435913
170773.201294
170809.354614
170845.170166
170882.036194
170919.083740
170956.179382
170992.324707
171028.360046
171063.963318
171099.940796
171135.876465
171171.729309
171208.628174
171244.582275
171280.521667
171316.261353
171352.221497
171388.406433
171423.646729
171459.897583
171496.217163
171531.587891
171567.105713
171603.190308
171639.062805
171675.075562
171710.715515
171746.400452
171782.223267
171818.291626
171853.756470
171889.004028
171924.413574
171959.395874
171994.383179
172029.490356
172064.476257
172099.799805
172135.057556
172170.151733
172205.515625
172240.968811
172276.281494
172311.283386
172346.389526
172381.381409
172416.463379
172451.523621
172486.587341
172521.561035
172556.539185
172591.613647
172626.637939
172661.747559
172696.778198
172731.915039
172766.942566
172801.988281
172837.003784
172872.173157
172907.239746
172942.237976
172977.440125
173012.519836
173047.620911
173082.689270
173117.770996
173153.130676
173188.269897
173223.403809
173258.539734
173293.656616
173328.737793
173363.897583
173398.977295
173434.131531
173469.250916
173504.427490
173539.542175
173575.206787
173610.975708
173646.081726
173681.267090
173716.331604
173751.394531
173786.540649
173821.599976
173856.795593
173891.894470
173927.354431
173962.783813
173998.420654
174034.348022
174070.459106
174106.552246
174142.340393
174177.958618
174214.171936
174250.329468
174286.547180
174322.706238
174358.962280
174395.111877
174431.270264
174467.527100
174503.711975
174539.907471
174576.006104
174612.108887
174648.141235
174684.050720
174720.059265
174755.730347
174791.146606
174826.860291
174862.905151
174898.635315
174934.576965
174970.566284
175006.456970
175042.492493
175078.590637
175114.702942
175150.396851
175185.328247
175220.121338
175255.526978
175290.617981
175325.880310
175361.251587
175396.577576
175431.941223
175467.302429
175502.625977
175538.002441
175573.319153
175608.607300
175643.936035
175679.245483
175713.625549
175749.356873
175785.052002
175820.784424
175856.430420
175891.926086
175927.708679
175963.382812
175999.056641
176034.695251
176070.443542
176106.355957
176142.609253
176178.792480
176214.825073
176251.001465
176287.167175
176323.226318
176359.387512
176395.472534
176431.578491
176467.556763
176503.756470
176539.728210
176575.390381
176611.175232
176646.878418
176682.608948
176718.319031
176754.064148
176789.763611
176825.451721
176861.235901
176896.870178
176932.639038
176968.297119
177004.047607
177039.729858
177075.559021
177111.251770
177146.942932
177182.699463
177218.387573
177254.159302
177289.927551
177325.723694
177361.432739
177397.202454
177432.868652
177468.653198
177504.317505
177540.104126
177575.851196
177611.315125
177646.991882
177682.716431
177718.446777
177754.155396
177789.796387
177825.187439
177860.348816
177895.604065
177931.207336
177966.932861
178002.502075
178038.170654
178073.865417
178109.548523
178145.371338
178180.993469
178216.588074
178252.265930
178288.021606
178323.702759
178359.682617
178395.739502
178431.914001
178467.944519
178503.980652
178539.911255
178575.949768
178612.167236
178648.250793
178684.488647
178720.537109
178756.766235
178792.884705
178828.984131
178865.054749
178901.136597
178937.144897
178973.296631
179009.355347
179045.066528
179080.467346
179115.658752
179150.857361
179186.044617
179221.415283
179257.229492
179292.720215
179328.007568
179363.310059
179398.459717
179433.977600
179469.691345
179505.298401
179540.926392
179576.561401
179612.282471
179647.899414
179683.361206
179719.033691
179754.553162
179790.081360
179825.701660
179861.396484
179897.004639
179932.763184
179968.371460
180003.968994
180039.561035
180075.183655
180110.855652
180146.572083
180182.056641
180217.708923
180253.250793
180288.830322
180324.510071
180360.101257
180395.784302
180431.342346
180466.917175
180502.352966
180537.931580
180573.347900
180608.931946
180644.574585
180680.270325
180716.098328
180751.656189
180787.279724
180822.750427
180858.409729
180893.972412
180929.279541
180964.856140
181000.489075
181036.541748
181072.670715
181108.883118
181144.943176
181180.838928
181216.446472
181252.195557
181287.846985
181323.539124
181359.078552
181394.625427
181430.081360
181465.323792
181500.747986
181536.367065
181572.168152
181607.910645
181643.689148
181679.236755
181715.282898
181751.119751
181786.993896
181822.730225
181858.571045
181894.186401
181929.800110
181965.609436
182001.278564
182037.156189
182072.844177
182108.620667
182143.908997
182178.934448
182214.565308
182250.348877
182286.035889
182321.799866
182357.226318
182392.967163
182428.797424
182464.521790
182500.310669
182535.926941
182571.908142
182608.135071
182644.452759
182680.743591
182716.857239
182753.019592
182789.206726
182825.295410
182861.447815
182897.599976
182933.729431
182969.924011
183006.113037
183042.324951
183078.166016
183113.941467
183149.622437
183185.390198
183221.091858
183256.861389
183292.744019
183328.960510
183365.268982
183401.455811
183437.752930
183473.945740
183510.191101
183546.371887
183582.178284
183617.962402
183653.854187
183690.003967
183726.178772
183762.436951
183798.627197
183835.064087
183871.280701
183907.525757
183943.735352
183979.583069
184015.358276
184051.079834
184086.866394
184122.632568
184158.515381
184194.311462
184230.101929
184265.784302
184301.547485
184337.419128
184372.870300
184408.554749
184444.343750
184479.925354
184515.620850
184551.414917
184586.815918
184622.016785
184657.255371
184692.588806
184728.270935
184763.903015
184799.521484
184834.932861
184870.471802
184906.202332
184941.943115
184977.736023
185013.479187
185049.269409
185085.025146
185120.832520
185156.483093
185192.126343
185227.871277
185263.553894
185299.370300
185335.033997
185370.613953
185406.319214
185442.063782
185477.583069
185513.275635
185548.994141
185584.635803
185620.145874
185655.732117
185691.409424
185727.029480
185762.661438
185798.379333
185834.592896
185870.799133
185907.006287
185943.261475
185979.203308
186014.787598
186050.171326
186085.310425
186120.521790
186155.656128
186191.235657
186226.823303
186262.532959
186298.072693
186333.405518
186368.605103
186403.775085
186439.408569
186474.865540
186510.530090
186546.166809
186581.879333
186618.096558
186654.265320
186690.288086
186726.430847
186762.675903
186798.682251
186834.921509
186871.055603
186907.102478
186943.161499
186979.256592
187015.045837
187050.742249
187086.537354
187122.163330
187157.803833
187193.487122
187229.157715
187264.880249
187300.591370
187336.251404
187371.890442
187407.426758
187443.012634
187478.548706
187514.024109
187549.607788
187585.286560
187620.950989
187656.593689
187692.238159
187728.184753
187764.245300
187800.128906
187836.114563
187872.302856
187908.375183
187944.403076
187980.287231
188015.899170
188051.525696
188087.109619
188122.812134
188158.300598
188193.800049
188229.343750
188264.771423
188300.347351
188335.744019
188370.982300
188406.421997
188442.343567
188478.567017
188514.624390
188550.789490
188586.909973
188623.042175
188659.109131
188694.856995
188730.564270
188766.098999
188801.574158
188836.732056
188871.898071
188907.376282
188942.725586
188978.102234
189013.784729
189049.595886
189085.084839
189120.897217
189156.777222
189192.676331
189228.367981
189264.137817
189299.694519
189335.272156
189370.943237
189406.773132
189442.538269
189478.325806
189514.073486
189549.756165
189585.513367
189620.447388
189655.794067
189691.443359
189727.090759
189762.838562
189798.217773
189833.978821
189869.683655
189905.369080
189940.990356
189976.620300
190012.246216
190047.968689
190083.615234
190119.255188
190154.958984
190190.605713
190226.326904
190261.969482
190297.601685
190333.372559
190369.022949
190404.770447
190440.494568
190476.202271
190511.865356
190547.578308
190583.213135
190618.943604
190654.610229
190690.283386
190725.931702
190761.583862
190797.312683
190832.958313
190868.740662
190904.467896
190940.211792
190975.846313
191011.383118
191047.139648
191082.746826
191118.572510
191154.296509
191190.057678
191225.728821
191261.415100
191297.030457
191332.780579
191368.453430
191404.205994
191439.919434
191475.578674
191511.280701
191546.855347
191582.626587
191618.257629
191653.896851
191689.463928
191725.105469
191760.720520
191796.398010
191832.014282
191867.652527
191903.329102
191938.935547
191974.360596
192009.629272
192044.834412
192080.107788
192115.259766
192150.409119
192185.564758
192220.926025
192255.924622
192291.574829
192327.131104
192362.763062
192398.264771
192433.824219
192469.621887
192505.333496
192541.172363
192576.796204
192612.512634
192648.593323
192684.647400
192720.809692
192756.978027
192793.243103
192829.499695
192865.582458
192901.243286
192936.934814
192972.462341
193008.146973
193043.897461
193079.497803
193114.945496
193150.707458
193186.366638
193222.098755
193257.741089
193293.523926
193329.226929
193365.043213
193400.832947
193436.464417
193471.823730
193507.069702
193542.211792
193577.457336
193612.778320
193648.522156
193684.044250
193719.429626
193754.531128
193789.747314
193825.205566
193860.899902
193896.569885
193932.276367
193967.960388
194003.518250
194039.240479
194074.852844
194110.449341
194146.256958
194181.797363
194217.511963
194253.202271
194288.938782
194324.638245
194360.282227
194396.041870
194431.648621
194467.361511
194503.009338
194538.772888
194574.801941
194610.846558
194646.792175
194682.694519
194718.271118
194753.776611
194789.371643
194824.897583
194860.463440
194895.968506
194931.495056
194967.076050
195002.513306
195038.019653
195073.625671
195109.311340
195145.138428
195180.783691
195216.411133
195251.995728
195287.802185
195323.31079