48857.245117
48891.937500
48927.679260
48962.108643
48996.982727
49031.567383
49067.518188
49103.560669
49139.570862
49175.548462
49211.479065
49247.330444
49282.816467
49318.409790
49353.921448
49389.398010
49424.928955
49460.334778
49495.862793
49531.309509
49566.751099
49602.266113
49637.763184
49673.252747
49708.619507
49744.177185
49779.617249
49815.167786
49850.598145
49885.979797
49921.281128
49956.679016
49992.143616
50027.607117
50063.072632
50098.465027
50133.906189
50169.286438
50204.807617
50240.300415
50275.691101
50311.099792
50346.460693
50381.904846
50417.248779
50452.666199
50488.036865
50523.518372
50558.932922
50594.333191
50629.710938
50665.090027
50700.472839
50735.852600
50771.277466
50806.646545
50842.046753
50877.460327
50912.939026
50948.311646
50983.783081
51019.220337
51054.672302
51090.117493
51125.680603
51161.149536
51196.644775
51232.288452
51267.864502
51303.504150
51339.191345
51374.867371
51410.362549
51445.836548
51481.427612
51516.819336
51552.458252
51587.963501
51623.602112
51659.223755
51694.747314
51730.285095
51765.704041
51801.306091
51836.875610
51872.532776
51908.131409
51943.775635
51979.323364
52014.920959
52050.358276
52085.891541
52121.246094
52156.736694
52192.075928
52227.388245
52262.761841
52298.055115
52333.437744
52368.736023
52404.167419
52439.530823
52475.061340
52510.337952
52545.689514
52581.046936
52616.301392
52651.681885
52687.041016
52722.492249
52757.871765
52793.245422
52828.735718
52864.226990
52899.609985
52935.046509
52970.521362
53005.841064
53041.291443
53076.693787
53111.963867
53147.280212
53182.663147
53218.067261
53253.357971
53288.706909
53323.947449
53359.335022
53394.765625
53429.944763
53465.260376
53500.461060
53535.719604
53571.050293
53606.366882
53641.737305
53677.007446
53712.399658
53747.552856
53782.881287
53818.268860
53853.494202
53888.829041
53924.096313
53959.497681
53994.760437
54030.169128
54065.362854
54100.657776
54135.918518
54171.161377
54206.530640
54241.812439
54277.056335
54312.357422
54347.560120
54382.834778
54418.049377
54453.317078
54488.637085
54524.073425
54559.436218
54594.842773
54630.185974
54665.520325
54700.923462
54736.317993
54771.688477
54806.983154
54842.579651
54877.962036
54913.542542
54949.091492
54984.593689
55020.129822
55055.606995
55091.211060
55126.603699
55162.237305
55197.709412
55233.309875
55268.769470
55304.318054
55339.877563
55375.352844
55410.856201
55446.484741
55482.138062
55517.756714
55553.500427
55589.112366
55624.735291
55660.427002
55695.834351
55731.506348
55767.200806
55802.829834
55838.425415
55873.998047
55909.711060
55945.360474
55980.875977
56016.429138
56051.998535
56087.569702
56123.344421
56158.871582
56194.504150
56230.196350
56265.927490
56301.745056
56337.519653
56373.201904
56408.753113
56444.411194
56480.015320
56515.864441
56551.632019
56587.454590
56623.180359
56658.969116
56694.793335
56730.572693
56766.264893
56802.056458
56837.875732
56873.596558
56909.396179
56945.093140
56980.821594
57016.576172
57052.286865
57088.047485
57123.604980
57159.328430
57194.801331
57230.301514
57266.058289
57301.708374
57337.361267
57372.821472
57408.386841
57443.783813
57479.380981
57515.276550
57550.984314
57586.587830
57618.002380
57651.342224
57685.566284
57721.261108
57756.629150
57791.936157
57827.137634
57862.420410
57898.128052
57933.840759
57969.456177
58005.030518
58041.252563
58076.996338
58112.767883
58148.502075
58184.178162
58219.706238
58255.304077
58290.836060
58326.372131
58361.954956
58397.524536
58432.853699
58467.341125
58502.571106
58537.699585
58572.681702
58608.295654
58643.921936
58679.616577
58715.277161
58750.894592
58786.505981
58822.164551
58857.779724
58893.481506
58929.113281
58964.736816
59000.302429
59035.901001
59071.578003
59107.170593
59142.842407
59178.558655
59215.270813
59251.153137
59286.913635
59322.845215
59358.475891
59394.172913
59429.804871
59465.484985
59501.121277
59536.817871
59572.433533
59608.110657
59643.757996
59679.457642
59714.992981
59750.572327
59786.189758
59821.755981
59857.390503
59892.956238
59928.590759
59964.331787
60000.530273
60036.443726
60072.244629
60108.238281
60143.866455
60179.576538
60215.213013
60250.903870
60286.549316
60322.277832
60357.902588
60393.621460
60429.272705
60465.015564
60500.617676
60536.311951
60571.913879
60607.552429
60643.244080
60678.837341
60714.586121
60750.939270
60786.863953
60822.639587
60858.587830
60894.284485
60929.809509
60965.412476
61000.898315
61036.477722
61072.026489
61107.735779
61143.040710
61178.323608
61213.630005
61248.606628
61283.832214
61319.513733
61355.232910
61390.867310
61426.587769
61462.237976
61497.887451
61533.573486
61569.225342
61604.970398
61640.558105
61676.239014
61711.803406
61747.490662
61783.104126
61818.773132
61854.400146
61890.762024
61926.942627
61962.713013
61998.611389
62034.394226
62070.139099
62105.772156
62141.476807
62177.127747
62212.847229
62248.488708
62284.191528
62319.887878
62355.579285
62391.288696
62426.931824
62462.669556
62498.302246
62534.048645
62569.712341
62605.448608
62641.422058
62677.468079
62713.321167
62749.203552
62785.161560
62820.581543
62856.256348
62891.935791
62927.665833
62963.330750
62999.070435
63034.729370
63070.445251
63106.100647
63141.869934
63177.466736
63213.179688
63248.795959
63284.504517
63320.106323
63355.823059
63391.505981
63427.571472
63464.070068
63499.909729
63535.768188
63571.662659
63607.269775
63642.819092
63678.410217
63713.945496
63749.569336
63785.147644
63820.801880
63855.768494
63891.537231
63927.001282
63962.650757
63998.393066
64034.080688
64069.827332
64105.483826
64141.202942
64176.867737
64212.621765
64248.325378
64283.985840
64319.716309
64355.372192
64391.084229
64426.702942
64462.433960
64498.066162
64534.289917
64570.464050
64606.345947
64642.327332
64678.133423
64713.858215
64749.536987
64785.297119
64820.982300
64856.745239
64892.459961
64928.209412
64963.920349
64999.595764
65035.337646
65071.057617
65106.695435
65142.355103
65178.108521
65213.781494
65249.534485
65285.645630
65321.965271
65357.826843
65393.772888
65429.700439
65465.454773
65501.116760
65536.846008
65572.515686
65608.231689
65643.881409
65679.586609
65715.266235
65751.013733
65786.680542
65822.345093
65858.060303
65893.709351
65929.448975
65965.132202
66000.868286
66037.730164
66073.606689
66109.484558
66145.454956
66181.327820
66216.958557
66252.512634
66288.064392
66323.711975
66359.301270
66395.005981
66430.361511
66465.721191
66501.414185
66536.653015
66572.291138
66607.998047
66643.642029
66679.345093
66714.952393
66750.653442
66786.271790
66822.004333
66857.669556
66893.277893
66928.954102
66964.578735
67000.225525
67035.842102
67071.516907
67107.160767
67143.726624
67179.733582
67215.591248
67251.447754
67287.209412
67322.870178
67358.510620
67394.226074
67429.875305
67465.603210
67501.257385
67536.974365
67572.669434
67608.433411
67644.070740
67679.761414
67715.393860
67751.034119
67786.750366
67822.383240
67858.054626
67894.063232
67930.347046
67966.174988
68001.970642
68037.946106
68073.596436
68109.303345
68144.940857
68180.657288
68216.299133
68251.988708
68287.615479
68323.350891
68359.032227
68394.747925
68430.365723
68465.989746
68501.659363
68537.303711
68573.003113
68608.662659
68645.625244
68681.727844
68717.593567
68753.514832
68789.276672
68824.801697
68860.436829
68895.992676
68931.537109
68967.154907
69002.803833
69037.929688
69073.660583
69109.211365
69144.453674
69180.141907
69215.833069
69251.493530
69287.203308
69322.859680
69358.578247
69394.230652
69429.950867
69465.625122
69501.317383
69536.919006
69572.533630
69608.221497
69643.860718
69679.568237
69715.243347
69751.955322
69787.928467
69823.790466
69859.645813
69895.453857
69931.116150
69966.758240
70002.470093
70038.128906
70073.837036
70109.458313
70145.160828
70180.849792
70216.598022
70252.212158
70287.897949
70323.524353
70359.202637
70394.803223
70430.501465
70466.155701
70502.591858
70538.758362
70574.550293
70610.483398
70646.247742
70681.963257
70717.606567
70753.312256
70788.939087
70824.663635
70860.289978
70896.001892
70931.642151
70967.377869
71002.979004
71038.674194
71074.301086
71109.948425
71145.645996
71181.273560
71217.029480
71253.741455
71289.867432
71325.641479
71361.513184
71397.297729
71432.890503
71468.415100
71503.934570
71539.516541
71575.047119
71610.753418
71645.845032
71681.473755
71716.904663
71752.406372
71788.173340
71823.832642
71859.563477
71895.229492
71930.957825
71966.596558
72002.333618
72038.052307
72073.751831
72109.488281
72145.114624
72180.844971
72216.492249
72252.221985
72287.855896
72323.771362
72360.035706
72395.903198
72431.773315
72467.618042
72503.294495
72538.951111
72574.708313
72610.397949
72646.150696
72681.826477
72717.566833
72753.280762
72789.003052
72824.784790
72860.452881
72896.219360
72931.886963
72967.645142
73003.288452
73039.050476
73075.525024
73111.827393
73147.718323
73183.651855
73219.594849
73255.260864
73290.987305
73326.690979
73362.441406
73398.124695
73433.877380
73469.563782
73505.360168
73541.050964
73576.786560
73612.463623
73648.183655
73683.857849
73719.509277
73755.267029
73790.937805
73827.563232
73863.667358
73899.608276
73935.499146
73971.316772
74006.896301
74042.457886
74078.107422
74113.697144
74149.330139
74185.019897
74220.166931
74255.729187
74291.328491
74326.895203
74362.556519
74398.268250
74433.907959
74469.636597
74505.268188
74540.998535
74576.667786
74612.437744
74648.073059
74683.782959
74719.392334
74755.007629
74790.699951
74826.350769
74862.096863
74898.313232
74934.687683
74970.529724
75006.366882
75042.232178
75077.975525
75113.612427
75149.347168
75185.011902
75220.667236
75256.397278
75292.063965
75327.857239
75363.567322
75399.303467
75434.965332
75470.708923
75506.361755
75542.093262
75577.727600
75613.418762
75650.216187
75686.259460
75722.208862
75758.070312
75793.926636
75829.578308
75865.312500
75901.001587
75936.732239
75972.389343
76008.129517
76043.801941
76079.468567
76115.209106
76150.860352
76186.540588
76222.164917
76257.835815
76293.469482
76329.169983
76364.841980
76401.184021
76437.691589
76473.583130
76509.355835
76545.216431
76580.823975
76616.396606
76652.003662
76687.547974
76723.161377
76758.777893
76794.425781
76829.571045
76865.437683
76901.069580
76936.797546
76972.443359
77008.069580
77043.794312
77079.439819
77115.148743
77150.801086
77186.572937
77222.263245
77257.943542
77293.550598
77329.179565
77364.837891
77400.457336
77436.139404
77471.792419
77508.515991
77544.371155
77580.174683
77616.063232
77651.744690
77687.471436
77723.093689
77758.802124
77794.433044
77830.122803
77865.735840
77901.436707
77937.107300
77972.778503
78008.430420
78044.042969
78079.724548
78115.357361
78151.027466
78186.683777
78222.736755
78259.147400
78295.104187
78330.886353
78366.778992
78402.432678
78438.065002
78473.781677
78509.410461
78545.121399
78580.754028
78616.471619
78652.108459
78687.825806
78723.532776
78759.158752
78794.848511
78830.479675
78866.195068
78901.831726
78937.565918
78974.068970
79010.347290
79046.217224
79082.014099
79117.982239
79153.517029
79189.117615
79224.655762
79260.251465
79295.769897
79331.403076
79366.916931
79402.094360
79437.768066
79473.014526
79508.742188
79544.392395
79580.115662
79615.776367
79651.493835
79687.148621
79722.881104
79758.517273
79794.390076
79830.059143
79865.791199
79901.459167
79937.121948
79972.877441
80008.556335
80044.327881
80080.947571
80116.962952
80152.789612
80188.824768
80224.554749
80260.219666
80295.958801
80331.656067
80367.423401
80403.077087
80438.804443
80474.468506
80510.158142
80545.939880
80581.607666
80617.357666
80653.018860
80688.733521
80724.377075
80760.059753
80795.979492
80832.580505
80868.512512
80904.356506
80940.389587
80976.003845
81011.720093
81047.381470
81083.118774
81118.773865
81154.514404
81190.176636
81225.845032
81261.571960
81297.211487
81332.958496
81368.567810
81404.275757
81439.890259
81475.557678
81511.319214
81547.702820
81584.086243
81619.962402
81655.865479
81691.739502
81727.360352
81762.894470
81798.510681
81834.061707
81869.680664
81905.311584
81940.722778
81976.027710
82011.630554
82047.246582
82082.874878
82118.583069
82154.199280
82189.923828
82225.575745
82261.227661
82296.946289
82332.622437
82368.365234
82403.953979
82439.631348
82475.241455
82510.911133
82546.480774
82582.188538
82617.996216
82654.688599
82690.486511
82726.291809
82762.187744
82797.824341
82833.515259
82869.132629
82904.828552
82940.439331
82976.149170
83011.758728
83047.478516
83083.122803
83118.813904
83154.423950
83190.003784
83225.652649
83261.230408
83296.898804
83332.521912
83369.322327
83405.256592
83441.086670
83476.855774
83512.771973
83548.402771
83584.092468
83619.745728
83655.372803
83691.069458
83726.700562
83762.433105
83798.097107
83833.874390
83869.511536
83905.186707
83940.816223
83976.499023
84012.114685
84047.744629
84083.440247
84120.245178
84156.311584
84192.062134
84227.964478
84263.735107
84299.303711
84334.830017
84370.341064
84405.941833
84441.445618
84477.154541
84512.369263
84548.085449
84583.816040
84619.513306
84655.155579
84690.857483
84726.472839
84762.118286
84797.832275
84833.460510
84869.183655
84904.856567
84940.555542
84976.149353
85011.817749
85047.429443
85083.096436
85118.715698
85154.444702
85190.645569
85226.952759
85262.790588
85298.581848
85334.502380
85370.172852
85405.875732
85441.498230
85477.223389
85512.869751
85548.512817
85584.209290
85619.879700
85655.625000
85691.253601
85726.925293
85762.550903
85798.223389
85833.838135
85869.533691
85905.181030
85941.398804
85977.813232
86013.761414
86049.565125
86085.456055
86121.174805
86156.802124
86192.510925
86228.179260
86263.910339
86299.569885
86335.292725
86370.962341
86406.756104
86442.377563
86478.059509
86513.663086
86549.327271
86584.929077
86620.617004
86656.299683
86692.760986
86729.114990
86764.951660
86800.835754
86836.683228
86872.337036
86907.882812
86943.509827
86979.074585
87014.683289
87050.322876
87085.733093
87121.009155
87156.717468
87192.405457
87228.119324
87263.857849
87299.516602
87335.276306
87370.954529
87406.628784
87442.378540
87478.108032
87513.902649
87549.605530
87585.344727
87621.028687
87656.795776
87692.485291
87728.194519
87764.616699
87800.888306
87836.801086
87872.711609
87908.670532
87944.385620
87980.118347
88015.807800
88051.536804
88087.279846
88122.962463
88158.709839
88194.431824
88230.239075
88265.924561
88301.645813
88337.322754
88372.994751
88408.729248
88444.426941
88480.173584
88516.937561
88552.957092
88588.816162
88624.872314
88660.502808
88696.270325
88731.926392
88767.701843
88803.355286
88839.106506
88874.779907
88910.473083
88946.246277
88981.959778
89017.720093
89053.397522
89089.161316
89124.853271
89160.640625
89196.351440
89232.376465
89269.167603
89305.102905
89341.106873
89377.170898
89412.838135
89448.435303
89484.096008
89519.689331
89555.350098
89590.981079
89626.747986
89661.791138
89697.748962
89733.369873
89769.044861
89804.773987
89840.428040
89876.124695
89911.767883
89947.478882
89983.123291
90018.835815
90054.648438
90090.278992
90125.989380
90161.608643
90197.318237
90232.942627
90268.671265
90304.351868
90341.124878
90377.088257
90412.887756
90448.927063
90484.609619
90520.307922
90556.060364
90591.731018
90627.473389
90663.165527
90698.912537
90734.554260
90770.328552
90806.009216
90841.730225
90877.381653
90913.118164
90948.769592
90984.403442
91020.114868
91056.037598
91092.444946
91128.350464
91164.221985
91200.253174
91235.925232
91271.686890
91307.347229
91343.083435
91378.739258
91414.476746
91450.123352
91485.883301
91521.606018
91557.319031
91593.024719
91628.666504
91664.406799
91700.063110
91735.795776
91771.481934
91807.963379
91844.461182
91880.404907
91916.216614
91952.104858
91987.745667
92023.298645
92058.941223
92094.518250
92130.167053
92165.828857
92201.278809
92236.752502
92272.487610
92308.202332
92343.904846
92379.665161
92415.318054
92451.054138
92486.714294
92522.452515
92558.124634
92593.833923
92629.632568
92665.271667
92701.009949
92736.654480
92772.357178
92808.011536
92843.770874
92879.876282
92916.277344
92952.201416
92987.976807
93024.006531
93059.488770
93095.226562
93130.866211
93166.590027
93202.244019
93237.965515
93273.609314
93309.319092
93344.994690
93380.751587
93416.376404
93452.070435
93487.702087
93523.323975
93559.015442
93594.658997
93630.490173
93667.504211
93703.453918
93739.263184
93775.279663
93810.938843
93846.663574
93882.321838
93918.050842
93953.698669
93989.347046
94025.074585
94060.744080
94096.557983
94132.260132
94167.991699
94203.651855
94239.382446
94275.035889
94310.752136
94346.433594
94382.604858
94419.218323
94455.139648
94490.944092
94526.955811
94562.530762
94598.076233
94633.725830
94669.304321
94704.904663
94740.503113
94776.242432
94811.112488
94847.291931
94882.871521
94918.559143
94954.311279
94990.010193
95025.732239
95061.406982
95097.145691
95132.810852
95168.593506
95204.326538
95240.083130
95275.757141
95311.511902
95347.204895
95382.897339
95418.696167
95454.454041
95491.338379
95527.344971
95563.347290
95599.350403
95635.128906
95670.837219
95706.522766
95742.264587
95777.973999
95813.756042
95849.442627
95885.185547
95920.897705
95956.605408
95992.361755
96028.112915
96063.807739
96099.554321
96135.222778
96170.955383
96207.269287
96243.444214
96279.432983
96315.335022
96351.476685
96387.157166
96422.955627
96458.659485
96494.377502
96530.154846
96565.853882
96601.604614
96637.327209
96673.147827
96708.881897
96744.632568
96780.335938
96815.986328
96851.816101
96887.536438
96923.346741
96960.307007
96996.615479
97032.492126
97068.601624
97104.417908
97140.051880
97175.711243
97211.319641
97246.969055
97282.595459
97318.353882
97353.098511
97389.312134
97424.847046
97460.509827
97496.245850
97531.921875
97567.641052
97603.280518
97639.002014
97674.657654
97710.421936
97746.135742
97781.864380
97817.521790
97853.227661
97888.866821
97924.539429
97960.237610
97995.907898
98032.764099
98068.729187
98104.558289
98140.613892
98176.205078
98211.887146
98247.637939
98283.279053
98318.953796
98354.697266
98390.364563
98426.077087
98461.758911
98497.523804
98533.151306
98568.838196
98604.459717
98640.131287
98675.752380
98711.470093
98747.102539
98783.938110
98819.947693
98855.795166
98891.701233
98927.490173
98963.240784
98998.876709
99034.602783
99070.244202
99105.962280
99141.632324
99177.362305
99213.068909
99248.791931
99284.493958
99320.124084
99355.823303
99391.452087
99427.155029
99462.818481
99498.591309
99535.501953
99571.513489
99607.292419
99643.344421
99678.927795
99714.489075
99750.110779
99785.692017
99821.332581
99856.903137
99892.561035
99927.319031
99963.692566
99999.364075
100035.018616
100070.764221
100106.414429
100142.155640
100177.790649
100213.443420
100249.163879
100284.846008
100320.621704
100356.279907
100391.988098
100427.622620
100463.323181
100498.954712
100534.657471
100570.312439
100607.088379
100643.012939
100678.796082
100714.858215
100750.448547
100786.182190
100821.837952
100857.596069
100893.237854
100928.978027
100964.619812
101000.289978
101036.099854
101071.798767
101107.510071
101143.166199
101178.887268
101214.515503
101250.248718
101285.947021
101321.780334
101358.334839
101394.282349
101430.189636
101466.139221
101501.906067
101537.575562
101573.294861
101608.926208
101644.641785
101680.289185
101716.025940
101751.663574
101787.378418
101823.147461
101858.765198
101894.469604
101930.105896
101965.800049
102001.438110
102037.164795
102073.155701
102109.954712
102145.800232
102181.622925
102217.553650
102253.166382
102288.711426
102324.282288
102359.854187
102395.473816
102431.111145
102466.627319
102501.801636
102537.577209
102573.220642
102608.901733
102644.667114
102680.374146
102716.054871
102751.813354
102787.501526
102823.280640
102859.023438
102894.857666
102930.568054
102966.347778
103002.040894
103037.812927
103073.502930
103109.288391
103145.590393
103181.985901
103217.893433
103253.935974
103289.821838
103325.564148
103361.232300
103396.988953
103432.686707
103468.443481
103504.153931
103539.904053
103575.633179
103611.429077
103647.124207
103682.793152
103718.544800
103754.215759
103789.968018
103825.647949
103861.523254
103898.409607
103934.364075
103970.200562
104006.247498
104041.905334
104077.656616
104113.329895
104149.069763
104184.755859
104220.426208
104256.178284
104291.867737
104327.656311
104363.353088
104399.104431
104434.766968
104470.497498
104506.170044
104541.878845
104577.549866
104613.982117
104650.317871
104686.276428
104722.176636
104758.106262
104793.681458
104829.273499
104864.929016
104900.514038
104936.190247
104971.908691
105007.156433
105043.348206
105078.654419
105114.323792
105150.056702
105185.739563
105221.462158
105257.127808
105292.841492
105328.471863
105364.236450
105399.946838
105435.697571
105471.345215
105507.065674
105542.729431
105578.390320
105614.091125
105649.742493
105686.459656
105722.377625
105758.252014
105794.160278
105829.934998
105865.605957
105901.312622
105936.986694
105972.634644
106008.367859
106044.012085
106079.736694
106115.426941
106151.171265
106186.794983
106222.515869
106258.155457
106293.867859
106329.510315
106365.233276
106400.884094
106437.673340
106473.637634
106509.494629
106545.431335
106581.142212
106616.854736
106652.536255
106688.283081
106723.946228
106759.682312
106795.336731
106831.054993
106866.751831
106902.513855
106938.162170
106973.815369
107009.493042
107045.180481
107080.817322
107116.471497
107152.210449
107188.926392
107224.945740
107260.739075
107296.730530
107332.312378
107367.904968
107403.408508
107438.926880
107474.522034
107510.121826
107545.780457
107580.661865
107616.582092
107652.308289
107688.040100
107723.708130
107759.455872
107795.131287
107830.808411
107866.547852
107902.189331
107937.947021
107973.671021
108009.406372
108045.060242
108080.820801
108116.460571
108152.182556
108187.817078
108223.574280
108260.301575
108296.293701
108332.206421
108368.140747
108404.000610
108439.674683
108475.405029
108511.064636
108546.801697
108582.457581
108618.183105
108653.840088
108689.561584
108725.360901
108761.015747
108796.748108
108832.420654
108868.175598
108903.838501
108939.619507
108975.493042
109012.334167
109048.335938
109084.137695
109120.194458
109155.817200
109191.569458
109227.229614
109262.958191
109298.615479
109334.254700
109369.973633
109405.631958
109441.422729
109477.092712
109512.825195
109548.488525
109584.154175
109619.867920
109655.610413
109691.312073
109727.827942
109764.369629
109800.247009
109836.176147
109872.143555
109907.798157
109943.400513
109979.067932
110014.661682
110050.309143
110085.994690
110121.421448
110157.143005
110192.680847
110228.441589
110264.127930
110299.883728
110335.574585
110371.367798
110407.033203
110442.791443
110478.459473
110514.190186
110549.986816
110585.647461
110621.384644
110657.062805
110692.802612
110728.444092
110764.194519
110800.192627
110836.631653
110872.514526
110908.346375
110944.313965
110979.990540
111015.735168
111051.376953
111087.122009
111122.762207
111158.505493
111194.158508
111229.939270
111265.625061
111301.378235
111337.042969
111372.698242
111408.457458
111444.105164
111479.850464
111515.533203
111552.513306
111588.454712
111624.385742
111660.409851
111696.170959
111731.868347
111767.544312
111803.328979
111839.014465
111874.762878
111910.426208
111946.176270
111981.884216
112017.687134
112053.366089
112089.122803
112124.794067
112160.537170
112196.175598
112231.944336
112268.098816
112304.620605
112340.545227
112376.488831
112412.435608
112448.100830
112483.672668
112519.261292
112554.927368
112590.519226
112626.239685
112661.868591
112696.917603
112732.864807
112768.523865
112804.211365
112839.922424
112875.586243
112911.320618
112946.986511
112982.661621
113018.401917
113054.115723
113089.894836
113125.525085
113161.237915
113196.850952
113232.561218
113268.219727
113303.913208
113339.875549
113376.476685
113412.315735
113448.192261
113484.103149
113519.799622
113555.545105
113591.193542
113626.914185
113662.593201
113698.312012
113733.970215
113769.693359
113805.401367
113841.136658
113876.779785
113912.505920
113948.159851
113983.898621
114019.546143
114055.272400
114091.526611
114127.907043
114163.752380
114199.541504
114235.536011
114271.229004
114306.929382
114342.589661
114378.319824
114413.969482
114449.656189
114485.268372
114520.923462
114556.664124
114592.303284
114627.982666
114663.624939
114699.298950
114734.891296
114770.575867
114806.227844
114843.055664
114879.084045
114914.838867
114950.800171
114986.505432
115022.109558
115057.637207
115093.162781
115128.733704
115164.242126
115199.958252
115234.783691
115270.976501
115306.637817
115342.337585
115377.960510
115413.678711
115449.310913
115485.018005
115520.666992
115556.309814
115592.059998
115627.709839
115663.405457
115699.016724
115734.696716
115770.318970
115805.954712
115841.659668
115877.505432
115914.138367
115949.983337
115985.835510
116021.703003
116057.392761
116093.033997
116128.742493
116164.372375
116200.003662
116235.698425
116271.321411
116307.050232
116342.725464
116378.457031
116414.064819
116449.753418
116485.348633
116520.952637
116556.663818
116592.331177
116629.165527
116665.270630
116701.120178
116736.923279
116772.827209
116808.487305
116844.179077
116879.792969
116915.416382
116951.125549
116986.831055
117022.440125
117058.093994
117093.831055
117129.464111
117165.149902
117200.773865
117236.447571
117272.067749
117307.763977
117343.401123
117380.226807
117416.305969
117452.162292
117488.004211
117523.785522
117559.377197
117594.973938
117630.490662
117666.024292
117701.616272
117737.275146
117772.532776
117808.616638
117844.149963
117879.790344
117915.500549
117951.164185
117986.903564
118022.545105
118058.213074
118093.960327
118129.621216
118165.405029
118201.047485
118236.774170
118272.426941
118308.158936
118343.819885
118379.525696
118415.304260
118451.983276
118487.985962
118523.818726
118559.937317
118595.559082
118631.283081
118666.955261
118702.622375
118738.345642
118773.996277
118809.722046
118845.378113
118881.166870
118916.847290
118952.594971
118988.227966
119023.946655
119059.566528
119095.209473
119130.960510
119167.055481
119203.587708
119239.497437
119275.418030
119311.348694
119347.086426
119382.729126
119418.456055
119454.113708
119489.760376
119525.513000
119561.199524
119596.964050
119632.670715
119668.426147
119704.104492
119739.854065
119775.513123
119811.257935
119846.943726
119882.705811
119919.245300
119955.504578
119991.354553
120027.324036
120063.108826
120098.691467
120134.347595
120169.927490
120205.570862
120241.156128
120276.872375
120312.015747
120347.645386
120383.312500
120419.020569
120454.670227
120490.382324
120526.039001
120561.675049
120597.410645
120633.062805
120668.802551
120704.524780
120740.286621
120775.888306
120811.601807
120847.240417
120882.943420
120918.581848
120954.289673
120990.606812
121026.842651
121062.715759
121098.528992
121134.408691
121170.050354
121205.756958
121241.408386
121277.108337
121312.747559
121348.451355
121384.096497
121419.803650
121455.486328
121491.184204
121526.828125
121562.523804
121598.134094
121633.743469
121669.453308
121705.044189
121741.928345
121777.941040
121813.837158
121849.729004
121885.489380
121921.126953
121956.846924
121992.492737
122028.139709
122063.864685
122099.512756
122135.241882
122170.936340
122206.691895
122242.335083
122278.048035
122313.668152
122349.354858
122384.984680
122420.689453
122456.605591
122493.397644
122529.359009
122565.146912
122601.141968
122636.784485
122672.374756
122707.915344
122743.541443
122779.098572
122814.746155
122850.374634
122885.612671
122921.529114
122957.188538
122992.906433
123028.555542
123064.255310
123099.873474
123135.595032
123171.242981
123206.987000
123242.682983
123278.405884
123314.051270
123349.745483
123385.381165
123421.080505
123456.702515
123492.441833
123529.111938
123565.214722
123601.034180
123636.938110
123672.762756
123708.433838
123744.142700
123779.799927
123815.533447
123851.196228
123886.930481
123922.588013
123958.353088
123994.048218
124029.747803
124065.387634
124101.059082
124136.761414
124172.398987
124208.104797
124243.797974
124280.893005
124316.838257
124352.680115
124388.645264
124424.141724
124459.873779
124495.519836
124531.231628
124566.858093
124602.571350
124638.218933
124673.955505
124709.612793
124745.301575
124780.952698
124816.568054
124852.240662
124887.865234
124923.562866
124959.207275
124994.914856
125031.718994
125067.748169
125103.531921
125139.478271
125175.144714
125210.701538
125246.321045
125281.889954
125317.535645
125353.113342
125388.854614
125423.780396
125460.126709
125495.733154
125531.474365
125567.241699
125602.915710
125638.679565
125674.380432
125710.143372
125745.858276
125781.679138
125817.433044
125853.149414
125888.899536
125924.578735
125960.303650
125995.970581
126031.742798
126067.476929
126104.222229
126140.214294
126176.124817
126212.205566
126247.901062
126283.667725
126319.367249
126355.123535
126390.826477
126426.598389
126462.254517
126497.989319
126533.703796
126569.412964
126605.136475
126640.819946
126676.584961
126712.295471
126748.074158
126783.789490
126820.345642
126856.605835
126892.523865
126928.554565
126964.462097
127000.248291
127035.942932
127071.726257
127107.423157
127143.192932
127178.855042
127214.593994
127250.307861
127286.104187
127321.812073
127357.481873
127393.234985
127428.927063
127464.698608
127500.382263
127536.138245
127572.962830
127608.911072
127644.804688
127680.834045
127716.601013
127752.170471
127787.813599
127823.393311
127858.976929
127894.627747
127930.289246
127965.179138
128001.201233
128036.843628
128072.504089
128108.174866
128143.907104
128179.635315
128215.278503
128250.912842
128286.642944
128322.331909
128358.105042
128393.734009
128429.434387
128465.055359
128500.675049
128536.382141
128572.004822
128607.745300
128644.474426
128680.448303
128716.242981
128752.170044
128787.840942
128823.573120
128859.141846
128894.858032
128930.566895
128966.206421
129001.914612
129037.539673
129073.277405
129108.952637
129144.576111
129180.274231
129215.890442
129251.599854
129287.201843
129322.923401
129359.138733
129395.654968
129431.489380
129467.303345
129503.316772
129538.984680
129574.724182
129610.382019
129646.095398
129681.764221
129717.493896
129753.141907
129788.897949
129824.592163
129860.319214
129895.931885
129931.651733
129967.306274
130002.946411
130038.658569
130074.339355
130111.343750
130147.307373
130183.202026
130219.101624
130254.867493
130290.482300
130326.047180
130361.677429
130397.222168
130432.886597
130468.558594
130503.557190
130539.862183
130575.458984
130611.125366
130646.860107
130682.525757
130718.171265
130753.909607
130789.557800
130825.297729
130861.012268
130896.790466
130932.407471
130968.124451
131003.770874
131039.481018
131075.133423
131110.866577
131146.707581
131183.498779
131219.493103
131255.375122
131291.329468
131327.047791
131362.699524
131398.353821
131434.074829
131469.740601
131505.466187
131541.117981
131576.876099
131612.585022
131648.338684
131683.988220
131719.703979
131755.370972
131791.084229
131826.742371
131862.465210
131898.674805
131935.158691
131971.074463
132006.857056
132042.890991
132078.618835
132114.313599
132149.963867
132185.693726
132221.341980
132257.071472
132292.735474
132328.445374
132364.153564
132399.907227
132435.518555
132471.234863
132506.885559
132542.596069
132578.238403
132613.986084
132650.154419
132686.885498
132722.845581
132758.664551
132794.662903
132830.229919
132865.857056
132901.401794
132937.038330
132972.615906
133008.329651
133043.972961
133079.187622
133115.170776
133150.812378
133186.551208
133222.244629
133258.016907
133293.705688
133329.440979
133365.100159
133400.871948
133436.606262
133472.401062
133508.088013
133543.774597
133579.541138
133615.222290
133650.943848
133686.626587
133723.227966
133759.293762
133795.232300
133831.192017
133867.077393
133902.769836
133938.510742
133974.179565
134009.935059
134045.616821
134081.307556
134117.040222
134152.766174
134188.516968
134224.147644
134259.885071
134295.548645
134331.295776
134366.967102
134402.718506
134438.455505
134475.124329
134511.118958
134546.986084
134583.107910
134618.757935
134654.539978
134690.233093
134725.924011
134761.663025
134797.319214
134833.040955
134868.696106
134904.479858
134940.189697
134975.897461
135011.635315
135047.331787
135083.064270
135118.735107
135154.520386
135190.770996
135227.306946
135263.212830
135299.153381
135335.106873
135370.755798
135406.351685
135442.028076
135477.605896
135513.206299
135548.961304
135584.245422
135619.790466
135655.542786
135691.197327
135726.912231
135762.643677
135798.300232
135833.967590
135869.712708
135905.399536
135941.168030
135976.870605
136012.628174
136048.275269
136084.012634
136119.657104
136155.389221
136191.018066
136226.667664
136263.218750
136299.320251
136335.192444
136371.034241
136406.908386
136442.551270
136478.268616
136513.899902
136549.615051
136585.255371
136620.903809
136656.614746
136692.295410
136728.096680
136763.726562
136799.443359
136835.059753
136870.772339
136906.394836
136942.114197
136977.767517
137014.663086
137050.636597
137086.374939
137122.377563
137158.029602
137193.755493
137229.396973
137265.141968
137300.798157
137336.445068
137372.161621
137407.816711
137443.566223
137479.265198
137514.974426
137550.628357
137586.332336
137621.956787
137657.650757
137693.288086
137729.506165
137766.071045
137802.015808
137837.825256
137873.777405
137909.413940
137944.991333
137980.619873
138016.182678
138051.815674
138087.456299
138122.950745
138158.520874
138194.172913
138229.889282
138265.565186
138301.295410
138336.940430
138372.660095
138408.293823
138444.008667
138479.686218
138515.373413
138551.129456
138586.757507
138622.465210
138658.111755
138693.828369
138729.466675
138765.222839
138801.910828
138838.086304
138873.873413
138909.822266
138945.579407
138981.244019
139016.957947
139052.567261
139088.252930
139123.890320
139159.588501
139195.213745
139230.956421
139266.654114
139302.361145
139337.992126
139373.587341
139409.284729
139444.900574
139480.628052
139516.291626
139553.306946
139589.324402
139625.165894
139661.057678
139696.662231
139732.311890
139768.038635
139803.690979
139839.422729
139875.054260
139910.768250
139946.417969
139982.069336
140017.841980
140053.460449
140089.151794
140124.763184
140160.462830
140196.076416
140231.786133
140267.423035
140304.391479
140340.357117
140376.235779
140412.156128
140447.874084
140483.380859
140518.974487
140554.509094
140590.039734
140625.637878
140661.273499
140696.321045
140732.362183
140767.905273
140803.564148
140839.281738
140874.961121
140910.678711
140946.364868
140982.093689
141017.772888
141053.526550
141089.228516
141124.962708
141160.632629
141196.303345
141232.051208
141267.819153
141303.524231
141339.220032
141376.127441
141412.148987
141448.117188
141484.184082
141519.900085
141555.595825
141591.331055
141627.002686
141662.730713
141698.434692
141734.167542
141769.847473
141805.571533
141841.358154
141877.017822
141912.739502
141948.471069
141984.148987
142019.811646
142055.562622
142091.842041
142128.278259
142164.175049
142200.081543
142235.965332
142271.696045
142307.363647
142343.086914
142378.747437
142414.498779
142450.162720
142485.889709
142521.550781
142557.350464
142593.033447
142628.716553
142664.445190
142700.144714
142735.882996
142771.572388
142807.315979
142844.103943
142880.138062
142916.023254
142952.085022
142987.799194
143023.380981
143059.000610
143094.572998
143130.210388
143165.801819
143201.547791
143236.285889
143272.479858
143308.064880
143343.710327
143379.424316
143415.079529
143450.780518
143486.428711
143522.140198
143557.767517
143593.525085
143629.213745
143664.906616
143700.519592
143736.182922
143771.784790
143807.418884
143843.123169
143878.769104
143915.628967
143951.494019
143987.329102
144023.260254
144058.963257
144094.623169
144130.358704
144166.006653
144201.729919
144237.371338
144273.030579
144308.750732
144344.440613
144380.167786
144415.816895
144451.517151
144487.141479
144522.830322
144558.462341
144594.204895
144630.496887
144666.977356
144702.826477
144738.680847
144774.602112
144810.266663
144845.996033
144881.666443
144917.366394
144953.089417
144988.758667
145024.395691
145060.135437
145095.820312
145131.542297
145167.174744
145202.864075
145238.463806
145274.084839
145309.755188
145345.402344
145382.376221
145418.282715
145454.143127
145490.020142
145525.794800
145561.362244
145597.000244
145632.516174
145668.124146
145703.691406
145739.411804
145774.203247
145810.623474
145846.220703
145881.874451
145917.608093
145953.238098
145988.958679
146024.599792
146060.332886
146095.999695
146131.715027
146167.479126
146203.127380
146238.850159
146274.489136
146310.225098
146345.855713
146381.614990
146417.675720
146454.271545
146490.107239
146525.895752
146561.882324
146597.560669
146633.321899
146668.974365
146704.732056
146740.370361
146776.093140
146811.736938
146847.471375
146883.165833
146918.831909
146954.536621
146990.164734
147025.884033
147061.506958
147097.213196
147132.866028
147169.101562
147205.681213
147241.583984
147277.491028
147313.384766
147349.103882
147384.745178
147420.391907
147456.108337
147491.748413
147527.451721
147563.083679
147598.815002
147634.494995
147670.224060
147705.823914
147741.525085
147777.135071
147812.823792
147848.456665
147884.210571
147920.451050
147957.057068
147992.908447
148028.749207
148064.708008
148100.292236
148135.944031
148171.503662
148207.121521
148242.672485
148278.375793
148313.848022
148349.352844
148385.074097
148420.769958
148456.529907
148492.199341
148527.930420
148563.599304
148599.355774
148635.010803
148670.786499
148706.515808
148742.289124
148777.964539
148813.726257
148849.401306
148885.164307
148920.832458
148956.594543
148993.284485
149029.194824
149065.123901
149101.091370
149136.888123
149172.557556
149208.301514
149243.982544
149279.735840
149315.381104
149351.107483
149386.779053
149422.547241
149458.235779
149493.936646
149529.597351
149565.320801
149600.989746
149636.703186
149672.360291
149708.197327
149744.862061
149780.751648
149816.683350
149852.689209
149888.411926
149924.067078
149959.786072
149995.444397
150031.172913
150066.831543
150102.533936
150138.217102
150174.020081
150209.724060
150245.454956
150281.143250
150316.873047
150352.531799
150388.277466
150423.973816
150460.576050
150496.782227
150532.622559
150568.597778
150604.435486
150640.068909
150675.645630
150711.285400
150746.860596
150782.435364
150818.153992
150853.147400
150889.156372
150924.707214
150960.432190
150996.066589
151031.790100
151067.450317
151103.134338
151138.797546
151174.509949
151210.192993
151245.959595
151281.621765
151317.315430
151352.957031
151388.650513
151424.282837
151459.975586
151495.632507
151532.306641
151568.291321
151604.089111
151640.082703
151675.740417
151711.447693
151747.096558
151782.814819
151818.457886
151854.173523
151889.820312
151925.545349
151961.211365
151996.954346
152032.555908
152068.250366
152103.865112
152139.506287
152175.218689
152210.846741
152246.806519
152283.355347
152319.261780
152355.033691
152391.026123
152426.641052
152462.343384
152497.979736
152533.617371
152569.310242
152604.970947
152640.686768
152676.331299
152712.111511
152747.780945
152783.477295
152819.135071
152854.765137
152890.455383
152926.107117
152961.804626
152998.161377
153034.673035
153070.488342
153106.365112
153142.224609
153177.865540
153213.419128
153248.966431
153284.573547
153320.112244
153355.811768
153391.030579
153426.815796
153462.670959
153498.416565
153534.076416
153569.748047
153605.459595
153641.096252
153676.796692
153712.429810
153748.194336
153783.900085
153819.599060
153855.247742
153890.964233
153926.605530
153962.246277
153997.978882
154033.667969
154070.489014
154106.385559
154142.286194
154178.263489
154213.986389
154249.626282
154285.283630
154320.980286
154356.639221
154392.377747
154428.020325
154463.756775
154499.448853
154535.190552
154570.821777
154606.529541
154642.182434
154677.831421
154713.555237
154749.310669
154785.912415
154822.332825
154858.177185
154894.002563
154929.988220
154965.656494
155001.401428
155037.059204
155072.783020
155108.421509
155144.088867
155179.791748
155215.472473
155251.257874
155286.933777
155322.693481
155358.360535
155394.101135
155429.758301
155465.507690
155501.197449
155538.235840
155574.278198
155610.104736
155646.071472
155681.835327
155717.510803
155753.063599
155788.705872
155824.279114
155859.902283
155895.596863
155930.745605
155967.008911
156002.530029
156038.305969
156073.980164
156109.684692
156145.454956
156181.212708
156216.900513
156252.579102
156288.388611
156324.126587
156359.887024
156395.553589
156431.299927
156466.981201
156502.675598
156538.397949
156574.096008
156610.820557
156646.821045
156682.806580
156718.927856
156754.687500
156790.414673
156826.151611
156861.761841
156897.520630
156933.276611
156968.946350
157004.714355
157040.455933
157076.235718
157111.904541
157147.676819
157183.370605
157219.055847
157254.830383
157290.543091
157327.026184
157363.495544
157399.472778
157435.372253
157471.334595
157507.114197
157542.782776
157578.558167
157614.263550
157650.049500
157685.709045
157721.375916
157757.142517
157792.888062
157828.680420
157864.367493
157900.121765
157935.794556
157971.530640
158007.220764
158042.985962
158079.822388
158115.784668
158151.762817
158187.790833
158223.561401
158259.143066
158294.814514
158330.423889
158366.089233
158401.655151
158437.454285
158472.273499
158508.535522
158544.148987
158579.807922
158615.524414
158651.171753
158686.882324
158722.524597
158758.247070
158793.862488
158829.534241
158865.295776
158900.990295
158936.596252
158972.288879
159007.929932
159043.575806
159079.285767
159114.928711
159151.701538
159187.612549
159223.509094
159259.522461
159295.238647
159330.932983
159366.671753
159402.319397
159437.968872
159473.698181
159509.361145
159545.102173
159580.825317
159616.596008
159652.220703
159687.935242
159723.573486
159759.292297
159794.936584
159830.644409
159866.414001
159903.144592
159939.013611
159974.815247
160010.802368
160046.443604
160082.175476
160117.819641
160153.533203
160189.179443
160224.898376
160260.518005
160296.241821
160331.946960
160367.618347
160403.313232
160438.947693
160474.657410
160510.277039
160545.978333
160581.651367
160618.021484
160654.422791
160690.359558
160726.158508
160762.138428
160797.693115
160833.306885
160868.847717
160904.377930
160939.973633
160975.583984
161011.078552
161046.411194
161082.395142
161118.016785
161153.746643
161189.400635
161225.106262
161260.747314
161296.484070
161332.134949
161367.842224
161403.579163
161439.258911
161474.986633
161510.635315
161546.371704
161582.027283
161617.751648
161653.439087
161690.177917
161726.149902
161761.994202
161797.985352
161833.685547
161869.422180
161905.079712
161940.793884
161976.455933
162012.192505
162047.856079
162083.585693
162119.302307
162155.044312
162190.749329
162226.366028
162262.054016
162297.690186
162333.411682
162369.047180
162405.108276
162441.936401
162477.797180
162513.678101
162549.616211
162585.347900
162620.975525
162656.676514
162692.327881
162727.994141
162763.697144
162799.342102
162835.029907
162870.738586
162906.449036
162942.091309
162977.807861
163013.457947
163049.196655
163084.856262
163120.594788
163157.399109
163193.535339
163229.365845
163265.256958
163301.157349
163336.724731
163372.348328
163407.909668
163443.564392
163479.127197
163514.831543
163549.955261
163586.097229
163621.651917
163657.363708
163693.114868
163728.820862
163764.518066
163800.277527
163835.981934
163871.749695
163907.477966
163943.280029
163978.972168
164014.715393
164050.377747
164086.039978
164121.796082
164157.499451
164193.280701
164230.091187
164265.997498
164301.865662
164337.934143
164373.600830
164409.361816
164445.049744
164480.807251
164516.489685
164552.269775
164587.954041
164623.703918
164659.518616
164695.254089
164731.055237
164766.706726
164802.462952
164838.132629
164873.897583
164909.602173
164946.210388
164982.499756
165018.408997
165054.397461
165090.274231
165126.039978
165161.729858
165197.504395
165233.183472
165268.935608
165304.628906
165340.297424
165376.057068
165411.755798
165447.537354
165483.209595
165518.977600
165554.641602
165590.397827
165626.085083
165661.864014
165698.763306
165734.724182
165770.668213
165806.674744
165842.382385
165877.986633
165913.646423
165949.229004
165984.858337
166020.489136
166056.201111
166091.130310
166127.593994
166163.275330
166198.926941
166234.645325
166270.281860
166305.995667
166341.626831
166377.353882
166413.004578
166448.785156
166484.463440
166520.098511
166555.798462
166591.418823
166627.116089
166662.732544
166698.453674
166734.316345
166770.965698
166806.810364
166842.671448
166878.537720
166914.208496
166949.920959
166985.553711
167021.278503
167056.937927
167092.657227
167128.292542
167164.054077
167199.761108
167235.488708
167271.102234
167306.740356
167342.455444
167378.083130
167413.794312
167449.525452
167485.919189
167522.145813
167558.047791
167593.895203
167629.846313
167665.502197
167701.198181
167736.867981
167772.538818
167808.298645
167843.976196
167879.732178
167915.405579
167951.203430
167986.840820
168022.565796
168058.200562
168093.896362
168129.542358
168165.244751
168200.886658
168237.632568
168273.757141
168309.563904
168345.535828
168381.243896
168416.871338
168452.411865
168488.033691
168523.577332
168559.101501
168594.828430
168629.943604
168665.615845
168701.461609
168737.206970
168772.864624
168808.585388
168844.220093
168879.953857
168915.622986
168951.307922
168986.996704
169022.761902
169058.416382
169094.099487
169129.719543
169165.356750
169201.063293
169236.704590
169272.445129
169309.096130
169345.147461
169380.983032
169416.981873
169452.703430
169488.453308
169524.117554
169559.774353
169595.517517
169631.190430
169666.931763
169702.583618
169738.347168
169774.048584
169809.756653
169845.415955
169881.087158
169916.796448
169952.459717
169988.203918
170024.084595
170060.898071
170096.857727
170132.736694
170168.785278
170204.489014
170240.137695
170275.822815
170311.482117
170347.111755
170382.825256
170418.476013
170454.213318
170489.917664
170525.691528
170561.338623
170597.063477
170632.733582
170668.452271
170704.097290
170739.857483
170776.154724
170812.754150
170848.724304
170884.582336
170920.560120
170956.146301
170991.745117
171027.306580
171062.953491
171098.507751
171134.206055
171169.575500
171205.179138
171240.817139
171276.536865
171312.233032
171347.929443
171383.661987
171419.315125
171455.037659
171490.694580
171526.439575
171562.126587
171597.908081
171633.605591
171669.355713
171705.034241
171740.795959
171776.506958
171812.207886
171848.974243
171884.983032
171920.968567
171956.922485
171992.676331
172028.353882
172064.085938
172099.747192
172135.447510
172171.170410
172206.860901
172242.606079
172278.342346
172314.131958
172349.825928
172385.567322
172421.247192
172456.953186
172492.697815
172528.393311
172564.847961
172601.289124
172637.190857
172673.050720
172709.048645
172744.739136
172780.487549
172816.147339
172851.887207
172887.579163
172923.279968
172958.998108
172994.709717
173030.526611
173066.217102
173101.955872
173137.642212
173173.387451
173209.062622
173244.760803
173280.519653
173317.560608
173353.540039
173389.431396
173425.513611
173461.112854
173496.800598
173532.398743
173568.003357
173603.672546
173639.360779
173675.082947
173710.153992
173746.458191
173782.092712
173817.837219
173853.524353
173889.199280
173924.929077
173960.605530
173996.352234
174032.058167
174067.838013
174103.541870
174139.203735
174174.931885
174210.590088
174246.301636
174281.969482
174317.738037
174353.643921
174390.314758
174426.233276
174462.070740
174498.071228
174533.744934
174569.464111
174605.148865
174640.890503
174676.585022
174712.338745
174748.017883
174783.798279
174819.500854
174855.170837
174890.876160
174926.528076
174962.234680
174997.875732
175033.605469
175069.277283
175106.057739
175142.214783
175178.075378
175213.913147
175249.739990
175285.481628
175321.158936
175356.840271
175392.540955
175428.277161
175463.933838
175499.650208
175535.357910
175571.093140
175606.849304
175642.495361
175678.132935
175713.824829
175749.550232
175785.195557
175820.868164
175857.699402
175893.763000
175929.663635
175965.567932
176001.359802
176036.909912
176072.497742
176108.023987
176143.589722
176179.185425
176214.837280
176249.977966
176285.994385
176321.697876
176357.382568
176393.108276
176428.768494
176464.442505
176500.135498
176535.788574
176571.512451
176607.197693
176642.977661
176678.636536
176714.361877
176750.009705
176785.732849
176821.372070
176857.015747
176892.777466
176929.432129
176965.506775
177001.297729
177037.350281
177073.091370
177108.800110
177144.440552
177180.077881
177215.784546
177251.454651
177287.156799
177322.811707
177358.593750
177394.308960
177430.009277
177465.627136
177501.337097
177536.981384
177572.700867
177608.363586
177644.058594
177680.914612
177716.761719
177752.608948
177788.523193
177824.210083
177859.861816
177895.599609
177931.254395
177966.918579
178002.598938
178038.146179
178073.942444
178109.591553
178145.340881
178180.977722
178216.692200
178252.337158
178288.060669
178323.729065
178359.479065
178395.503601
178432.133667
178468.148865
178503.966736
178540.049438
178575.595520
178611.234863
178646.804138
178682.445740
178717.995728
178753.621338
178789.352783
178824.299988
178860.388977
178896.031555
178931.797729
178967.464722
179003.215515
179038.895081
179074.631287
179110.273682
179146.002075
179181.719177
179217.506287
179253.208496
179288.869263
179324.631470
179360.280884
179396.033447
179431.721191
179468.464417
179504.393738
179540.335571
179576.262817
179612.183167
179647.860352
179683.597900
179719.294312
179755.069763
179790.741699
179826.488647
179862.164551
179897.985413
179933.710449
179969.489258
180005.172791
180040.851379
180076.600708
180112.270020
180148.031738
180183.925964
180220.769836
180256.821716
180292.771729
180328.818176
180364.564697
180400.235840
180435.987305
180471.675232
180507.407288
180543.045898
180578.771179
180614.446899
180650.247986
180685.954407
180721.642029
180757.401245
180793.068970
180828.801392
180864.446899
180900.215881
180937.021851
180973.231262
181009.146606
181045.227173
181081.022400
181116.618835
181152.268799
181187.838867
181223.513916
181259.098694
181294.854675
181329.598755
181366.079712
181401.651672
181437.301636
181473.038452
181508.623413
181544.428711
181580.081604
181615.826782
181651.506714
181687.282288
181723.000366
181758.699158
181794.358337
181830.057129
181865.719543
181901.449951
181937.131409
181973.446228
182009.876709
182045.715149
182081.586853
182117.446533
182153.158020
182188.816528
182224.523621
182260.161987
182295.862549
182331.505981
182367.203796
182402.851135
182438.588928
182474.226624
182509.918457
182545.529175
182581.124573
182616.816650
182652.422729
182688.129883
182724.916809
182761.256836
182797.061340
182832.960327
182868.751953
182904.414429
182940.143677
182975.791016
183011.529663
183047.177612
183082.893005
183118.514343
183154.251221
183189.952698
183225.645020
183261.246521
183296.911499
183332.536011
183368.233215
183403.821289
183439.525879
183476.397766
183512.503906
183548.326904
183584.291565
183620.036682
183655.599854
183691.208069
183726.722046
183762.343323
183797.881531
183833.614563
183868.643494
183904.913513
183940.506714
183976.187134
184011.895569
184047.557007
184083.280029
184118.915649
184154.626526
184190.261536
184226.022156
184261.711670
184297.406067
184333.037720
184368.662415
184404.384216
184440.036133
184475.765808
184511.456055
184548.202332
184584.121704
184619.982239
184655.911926
184691.618835
184727.267761
184762.940979
184798.672546
184834.390991
184870.041138
184905.697144
184941.394592
184977.065674
185012.807861
185048.436279
185084.114868
185119.733154
185155.415100
185191.031250
185226.767944
185262.592590
185299.225525
185335.220337
185371.015503
185407.075806
185442.652954
185478.381531
185514.019165
185549.719971
185585.349060
185621.066528
185656.681580
185692.304871
185728.037659
185763.719666
185799.398682
185835.025574
185870.715942
185906.345093
185942.033936
185977.693237
186013.684753
186050.434814
186086.351013
186122.110107
186158.010254
186193.611633
186229.147034
186264.750122
186300.317322
186335.907349
186371.518005
186407.251160
186442.212708
186478.208923
186513.935120
186549.629822
186585.382263
186621.062744
186656.804504
186692.469971
186728.225586
186763.923401
186799.642395
186835.441101
186871.105103
186906.847412
186942.533081
186978.271484
187013.958435
187049.727234
187086.327271
187122.402161
187158.261719
187194.329773
187230.106262
187265.885376
187301.553345
187337.258972
187372.996399
187408.668823
187444.391907
187480.053894
187515.850159
187551.560120
187587.331543
187622.984985
187658.746826
187694.408875
187730.132446
187765.806274
187801.924622
187838.530273
187874.490112
187910.463684
187946.510132
187982.235291
188017.876404
188053.553162
188089.309509
188125.002502
188160.789429
188196.475464
188232.258484
188267.983521
188303.759949
188339.440125
188375.131836
188410.880615
188446.572693
188482.339355
188518.024658
188554.799988
188590.931580
188626.919128
188662.728882
188698.710815
188734.312317
188769.910767
188805.561584
188841.144043
188876.818420
188912.536804
188947.736389
188983.752747
189019.476929
189055.165405
189090.832886
189126.581116
189162.230225
189197.988770
189233.648193
189269.413757
189305.158875
189340.909607
189376.658081
189412.300598
189448.014954
189483.664185
189519.389099
189555.048584
189590.793762
189627.683716
189663.695496
189699.487976
189735.501526
189771.124878
189806.835754
189842.497498
189878.167053
189913.922852
189949.605652
189985.335205
190021.000732
190056.743652
190092.414307
190128.109619
190163.726196
190199.414246
190235.050232
190270.736267
190306.384705
190342.910156
190379.276794
190415.107361
190450.986572
190486.929321
190522.663574
190558.314392
190593.978271
190629.701294
190665.338989
190701.064392
190736.707153
190772.461365
190808.124146
190843.861145
190879.463196
190915.145874
190950.759216
190986.466003
191022.105530
191057.745117
191094.252441
191130.636353
191166.555908
191202.326904
191238.314819
191273.867188
191309.495850
191345.029663
191380.595642
191416.221680
191451.842590
191487.238770
191522.921692
191558.891174
191594.535767
191630.264709
191665.925171
191701.648315
191737.295776
191772.941895
191808.658447
191844.338806
191880.119629
191915.808777
191951.528992
191987.170532
192022.867493
192058.499634
192094.232117
192129.919312
192166.580811
192202.663879
192238.567322
192274.466064
192310.246277
192346.009644
192381.682556
192417.424255
192453.074036
192488.813232
192524.467041
192560.210754
192595.897156
192631.676819
192667.310669
192702.956116
192738.677490
192774.330627
192810.061584
192845.716980
192881.450989
192918.282043
192954.315308
192990.113220
193026.128296
193061.818726
193097.550903
193133.206238
193168.881470
193204.513916
193240.213196
193275.858704
193311.578674
193347.263123
193382.966858
193418.672424
193454.289368
193490.012695
193525.668091
193561.350342
193597.004456
193632.758850
193669.586243
193705.620728
193741.433289
193777.345459
193813.036316
193848.590332
193884.172119
193919.731323
193955.346130
193990.834839
194026.544617
194061.424133
194097.236633
194133.004761
194168.654968
194204.415466
194240.077393
194275.810181
194311.485718
194347.226685
194382.913879
194418.713806
194454.447144
194490.191528
194525.849976
194561.599548
194597.255859
194632.921692
194668.668274
194704.348022
194741.266846
194777.257996
194813.214661
194849.206177
194884.908691
194920.585876
194956.335327
194992.013611
195027.731628
195063.422302
195099.085693
195134.854126
195170.570618
195206.331726
195242.015686
195277.743347
195313.413940
195349.169250
195384.862793
195420.625427
195457.366638
195493.360962
195529.339966
195565.292786
195601.198914
195636.903259
195672.638062
195708.304626
195744.025818
195779.709473
195815.459839
195851.136658
195886.903137
195922.637329
195958.375061
195994.047119
196029.709900
196065.430542
196101.091797
196136.848450
196172.532715
196209.652100
196245.723450
196281.688416
196317.730713
196353.400879
196388.999878
196424.579224
196460.231445
196495.810486
196531.523682
196567.210632
196602.339783
196638.239990
196673.889099
196709.609863
196745.268860
196781.017761
196816.669922
196852.416565
196888.077942
196923.838013
196959.549622
196995.217468
197030.896118
197066.534607
197102.240417
197137.867188
197173.552368
197209.198486
197245.529846
197281.788391
197317.646729
197353.534851
197389.427917
197425.170044
197460.799133
197496.533081
197532.196106
197567.904175
197603.541870
197639.204773
197674.951416
197710.631775
197746.330505
197781.963867
197817.667542
197853.297607
197888.992310
197924.629028
197960.318542
197996.851990
198033.130432
198069.051086
198104.926208
198140.617920
198176.267395
198211.984192
198247.610840
198283.336365
198318.965942
198354.677612
198390.303772
198426.051331
198461.716309
198497.447266
198533.059204
198568.749878
198604.359985
198640.012878
198675.730408
198711.382141
198748.403015
198784.344116
198820.131287
198856.095947
198891.826294
198927.448792
198963.011719
198998.625122
199034.188965
199069.759155
199105.488098
199140.563232
199176.744263
199212.353821
199248.096802
199283.760132
199319.470520
199355.127502
199390.770874
199426.479919
199462.083801
199497.855591
199533.543274
199569.267944
199604.912598
199640.557556
199676.277710
199711.925598
199747.631470
199783.311157
199820.065369
199855.976562
199891.830383
199927.813049
199963.484009
199999.199585
200034.840576
200070.564636
200106.220032
200141.938538
200177.585815
200213.331482
200249.020386
200284.776489
200320.417358
200356.143127
200391.801819
200427.430359
200463.171936
200498.861206
200534.721375
200571.539001
200607.447876
200643.316040
200679.268005
200714.956055
200750.602478
200786.342896
200821.968567
200857.684937
200893.299316
200929.006653
200964.640625
201000.402588
201036.091064
201071.787842
201107.426086
201143.076111
201178.758362
201214.372131
201250.116150
201286.210022
201322.929321
201358.806091
201394.664673
201430.585327
201466.195923
201501.739502
201537.373901
201572.921753
201608.537964
201644.171082
201679.749023
201714.906006
201750.823669
201786.568054
201822.245117
201858.003906
201893.684387
201929.477844
201965.181396
202000.948669
202036.643250
202072.394348
202108.206055
202143.891296
202179.642395
202215.347900
202251.127686
202286.817261
202322.571899
202359.290771
202395.346680
202431.237549
202467.282166
202503.147766
202538.836914
202574.588623
202610.295898
202646.075562
202681.747559
202717.499023
202753.183716
202789.010742
202824.735413
202860.491150
202896.147034
202931.883667
202967.543884
203003.203918
203038.951965
203075.252686
203111.654907
203147.544556
203183.419250
203219.479004
203255.200134
203290.862366
203326.624817
203362.295959
203398.068054
203433.725098
203469.483154
203505.154846
203540.940308
203576.675659
203612.362793
203648.128540
203683.816833
203719.580566
203755.247925
203791.031311
203827.913208
203864.029785
203899.929504
203935.944458
203971.776917
204007.436707
204043.017029
204078.599121
204114.290405
204149.888550
204185.681763
204220.626343
204256.922668
204292.492310
204328.216064
204363.868530
204399.515564
204435.228394
204470.877747
204506.604248
204542.245178
204578.009949
204613.679810
204649.359070
204685.019836
204720.738403
204756.392944
204792.106934
204827.743591
204863.728699
204900.387756
204936.304626
204972.167114
205008.103943
205043.824219
205079.503906
205115.242493
205150.898376
205186.535095
205222.251953
205257.970093
205293.677185
205329.367981
205365.101929
205400.729614
205436.453613
205472.099487
205507.839294
205543.510498
205579.250854
205616.087402
205652.373962
205688.183777
205724.122925
205759.941101
205795.684082
205831.336121
205866.982178
205902.701843
205938.353760
205974.082397
206009.736389
206045.474792
206081.155090
206116.883606
206152.526917
206188.275146
206223.937500
206259.661682
206295.303711
206331.044434
206368.022888
206404.296936
206440.099304
206476.134094
206511.882629
206547.479370
206583.107666
206618.663635
206654.326233
206689.914062
206725.674072
206760.784119
206797.156006
206832.771912
206868.540161
206904.218750
206939.977966
206975.677185
207011.363342
207047.108093
207082.786926
207118.581299
207154.307312
207190.024292
207225.670227
207261.421387
207297.062622
207332.830139
207368.531921
207404.310547
207441.115540
207477.116821
207513.037903
207549.074158
207584.848633
207620.551941
207656.304810
207691.994812
207727.724670
207763.368896
207799.098694
207834.770447
207870.557495
207906.282837
207941.958862
207977.690125
208013.346191
208049.076416
208084.762939
208120.534485
208156.544067
208193.385986
208229.314758
208265.115967
208301.127686
208336.796204
208372.529785
208408.183472
208443.906494
208479.574829
208515.281555
208550.936279
208586.650024
208622.368469
208658.140076
208693.794189
208729.437622
208765.160522
208800.833313
208836.550415
208872.229553
208908.660706
208945.067688
208981.002563
209016.821167
209052.811584
209088.372498
209123.942261
209159.544434
209195.158875
209230.725159
209266.360535
209302.077393
209337.097595
209373.315735
209408.997131
209444.760620
209480.394043
209516.136353
209551.814575
209587.507446
209623.253113
209658.968872
209694.802246
209730.481506
209766.217651
209801.878540
209837.625977
209873.303284
209908.991760
209944.767151
209981.494019
210017.523743
210053.400452
210089.572388
210125.258057
210161.032837
210196.703125
210232.483948
210268.158508
210303.843262
210339.564941
210375.250549
210411.068604
210446.783081
210482.551086
210518.232849
210553.982849
210589.646423
210625.376953
210661.080261
210697.308228
210733.903625
210769.795776
210805.791687
210841.721191
210877.464417
210913.127258
210948.872009
210984.541199
211020.202637
211055.931641
211091.612305
211127.378174
211163.059570
211198.806519
211234.458801
211270.188416
211305.868286
211341.639832
211377.333862
211413.044495
211449.948608
211485.889526
211521.842651
211557.832703
211593.584229
211629.148743
211664.802063
211700.375061
211735.958923
211771.638245
211807.321472
211842.124939
211878.352966
211914.000854
211949.678955
211985.433960
212021.100342
212056.761475
212092.501831
212128.151184
212163.882874
212199.582581
212235.398315
212271.021851
212306.727051
212342.313110
212378.034668
212413.682129
212449.307922
212485.286499
212522.001953
212557.943359
212593.738037
212629.663696
212665.315796
212700.977173
212736.702148
212772.345947
212808.114868
212843.761597
212879.493469
212915.165222
212950.949646
212986.616821
213022.331543
213057.976746
213093.712280
213129.350525
213165.060608
213200.702026
213237.607117
213273.637573
213309.451599
213345.410645
213381.155823
213416.884460
213452.520142
213488.253906
213523.917480
213559.642334
213595.267151
213630.995789
213666.691284
213702.376465
213738.069275
213773.671021
213809.362915
213844.979797
213880.655029
213916.296021
213952.169128
213989.070251
214025.043945
214060.837524
214096.866333
214132.414185
214168.021118
214203.585144
214239.141907
214274.740051
214310.344604
214346.035339
214381.276062
214417.374695
214453.055115
214488.774292
214524.415161
214560.072571
214595.783813
214631.483154
214667.120605
214702.808289
214738.571106
214774.222595
214809.944458
214845.582947
214881.272034
214916.878052
214952.581848
214988.248779
215024.964355
215061.107544
215096.899841
215132.918030
215168.592224
215204.300171
215239.963928
215275.677429
215311.310120
215347.033997
215382.705933
215418.429871
215454.131165
215489.872803
215525.478577
215561.151733
215596.768494
215632.470764
215668.117676
215703.755127
215739.949524
215776.683044
215812.686096
215848.463684
215884.453247
215920.079590
215955.797791
215991.421997
216027.134033
216062.763489
216098.409424
216134.085266
216169.715515
216205.482056
216241.156738
216276.871216
216312.476074
216348.137817
216383.752441
216419.427490
216455.084167
216491.811157
216528.198669
216564.002808
216599.890991
216635.683105
216671.308899
216706.837830
216742.457825
216778.002747
216813.544739
216849.270691
216884.359253
216920.550659
216955.984192
216991.722778
217027.354614
217063.075073
217098.726440
217134.455933
217170.088989
217205.792725
217241.508850
217277.123352
217312.876953
217348.531311
217384.280640
217419.941895
217455.682007
217491.340820
217527.257874
217563.909424
217599.797363
217635.708191
217671.657593
217707.398804
217743.043091
217778.777161
217814.457703
217850.174255
217885.813416
217921.441040
217957.200562
217992.898376
218028.649353
218064.300415
218100.032288
218135.694092
218171.453247
218207.144836
218242.859009
218279.928650
218315.921265
218351.891235
218387.882385
218423.637512
218459.319580
218495.082642
218530.768738
218566.514709
218602.185730
218637.905396
218673.585571
218709.304260
218745.077515
218780.742737
218816.492981
218852.173462
218887.918396
218923.582642
218959.349487
218995.447510
219032.245361
219068.179016
219104.094666
219140.144897
219175.730103
219211.350037
219246.924377
219282.560974
219318.113159
219353.847107
219389.263733
219425.001587
219460.849792
219496.481628
219532.211243
219567.940308
219603.598206
219639.256165
219674.965515
219710.632080
219746.384216
219782.083618
219817.827515
219853.468811
219889.190063
219924.853943
219960.523682
219996.249817
220031.922607
220068.603210
220104.598816
220140.417480
220176.389526
220212.107666
220247.859680
220283.540588
220319.300781
220354.949524
220390.696533
220426.348511
220462.013306
220497.792114
220533.525391
220569.253967
220604.881348
220640.582153
220676.228088
220711.955383
220747.632446
220783.612366
220820.511230
220856.454407
220892.386108
220928.360962
220964.127380
220999.811523
221035.496582
221071.215454
221106.886780
221142.660339
221178.308472
221214.053711
221249.729248
221285.486023
221321.114502
221356.835815
221392.498657
221428.167480
221463.932800
221499.603638
221536.275696
221572.655823
221608.587769
221644.466797
221680.398682
221716.062561
221751.627930
221787.267456
221822.846191
221858.477966
221894.135986
221929.591919
221965.351929
222001.313660
222036.998352
222072.668823
222108.429871
222144.124268
222179.870117
222215.517334
222251.262085
222286.961060
222322.759460
222358.387573
222394.098572
222429.775635
222465.511230
222501.146362
222536.915161
222572.603760
222609.511719
222645.470520
222681.313721
222717.414551
222753.113403
222788.876099
222824.551941
222860.306824
222895.983582
222931.727539
222967.402893
223003.103882
223038.894348
223074.615356
223110.387451
223146.046509
223181.780212
223217.414673
223253.152283
223288.838745
223325.113831
223361.748718
223397.654968
223433.558289
223469.497620
223505.229431
223540.894958
223576.617004
223612.255493
223647.982849
223683.635254
223719.339355
223755.024841
223790.715820
223826.474854
223862.122375
223897.847229
223933.507141
223969.251465
224004.927124
224040.696533
224077.489136
224113.695740
224149.557983
224185.498474
224221.397400
224256.991760
224292.681519
224328.254578
224363.919250
224399.510803
224435.293579
224470.275879
224506.429993
224542.196106
224577.903748
224613.673889
224649.382751
224685.151611
224720.855347
224756.627319
224792.327515
224828.178772
224863.932922
224899.690063
224935.368591
224971.128723
225006.805481
225042.555481
225078.243347
225114.372437
225150.878967
225186.818420
225222.789429
225258.769043
225294.564331
225330.262268
225366.055969
225401.757751
225437.542236
225473.236572
225508.975037
225544.693054
225580.470215
225616.169556
225651.862244
225687.625671
225723.339111
225759.100647
225794.772461
225830.564880
225867.517395
225903.618286
225939.570923
225975.791199
226011.501953
226047.242859
226083.011292
226118.732178
226154.522644
226190.226318
226226.019348
226261.722839
226297.573120
226333.309875
226369.080505
226404.791748
226440.569214
226476.281616
226512.063110
226547.810425
226584.420044
226620.795776
226656.805359
226692.786316
226728.706299
226764.399414
226800.048828
226835.734680
226871.334351
226906.985168
226942.688904
226977.836304
227013.870300
227049.682251
227085.376831
227121.136047
227156.814209
227192.525269
227228.234680
227263.916931
227299.649536
227335.367737
227371.140808
227406.789307
227442.518250
227478.180847
227513.894836
227549.518799
227585.254578
227621.062195
227657.815125
227693.708801
227729.581360
227765.535278
227801.217712
227836.971375
227872.635803
227908.386047
227944.054688
227979.823914
228015.518127
228051.203735
228086.990967
228122.693115
228158.424194
228194.075012
228229.820618
228265.495605
228301.244202
228336.940552
228373.636292
228409.879089
228445.758850
228481.709045
228517.593384
228553.393677
228589.100891
228624.864990
228660.544800
228696.317261
228732.007507
228767.747986
228803.458923
228839.213989
228874.956909
228910.703247
228946.372559
228982.058594
229017.798340
229053.474731
229089.235779
229126.322693
229162.419861
229198.267090
229234.278137
229269.998779
229305.614380
229341.275024
229376.866882
229412.535034
229448.180176
229483.909729
229518.846375
229555.299500
229591.024536
229626.700073
229662.450134
229698.133057
229733.871033
229769.531738
229805.266296
229840.969788
229876.789612
229912.462830
229948.171753
229983.817688
230019.482849
230055.201050
230090.860901
230126.610107
230163.310425
230199.375916
230235.204834
230271.253540
