81822.689880
81857.125183
81892.620789
81927.149963
81962.034851
81993.691956
82029.093018
82065.156921
82100.832703
82136.464722
82171.903564
82207.317627
82242.803162
82278.186096
82313.571167
82348.886108
82384.155151
82419.510132
82454.778137
82490.128662
82525.443115
82560.819641
82596.161133
82631.604065
82667.012268
82702.481873
82737.824402
82773.169495
82808.565552
82843.880493
82879.297791
82914.645874
82950.037720
82985.488098
83020.829285
83056.168701
83091.564270
83126.859375
83162.127441
83197.484253
83232.726074
83268.044312
83303.283691
83338.557617
83373.896362
83409.195251
83444.547119
83479.928467
83515.327393
83550.641785
83585.981018
83621.280273
83656.614807
83691.901917
83727.325928
83762.637085
83797.949829
83833.344849
83868.629822
83904.014893
83939.290894
83974.665405
84010.018799
84045.414062
84080.726990
84116.095581
84151.394836
84186.716736
84221.943604
84257.325134
84292.656616
84327.985291
84363.390320
84398.721313
84434.063049
84469.352600
84504.692505
84539.952148
84575.253784
84610.478760
84645.742371
84680.889648
84716.070923
84751.343628
84786.539490
84821.849548
84857.091309
84892.431091
84927.698242
84963.045532
84998.314392
85033.678528
85068.978210
85104.329590
85139.565918
85174.829895
85210.170654
85245.373169
85280.684021
85315.965027
85351.312500
85386.589722
85421.963806
85457.296631
85492.723145
85528.049072
85563.419678
85598.712158
85634.000000
85669.344482
85704.621826
85740.018799
85775.270569
85810.570129
85845.738708
85881.000122
85916.208862
85951.415161
85986.712646
86022.037842
86057.379822
86092.682556
86128.035156
86163.340576
86198.714355
86234.060730
86269.462097
86304.759644
86340.157959
86375.463196
86410.770447
86446.191772
86481.546753
86516.994324
86552.375122
86587.772522
86623.112671
86658.519287
86693.872437
86729.265564
86764.582031
86799.981812
86835.294800
86870.728577
86906.063049
86941.378296
86976.785828
87012.154785
87047.612488
87083.029480
87118.443542
87153.852234
87189.273010
87224.551453
87259.954895
87295.295227
87330.729919
87366.062378
87401.497070
87436.870667
87472.288879
87507.658508
87543.106079
87578.513489
87613.868225
87649.332520
87684.694946
87720.163513
87755.488464
87790.901428
87826.276306
87861.729797
87897.095520
87932.537903
87967.924072
88003.390259
88038.749878
88074.223938
88109.581543
88145.010437
88180.363525
88215.774963
88251.174133
88286.613159
88321.971313
88357.212585
88392.683350
88428.016113
88463.449951
88498.873596
88534.354614
88569.771729
88605.190247
88640.551819
88675.988403
88711.360352
88746.722717
88782.138794
88817.500244
88852.951355
88888.294617
88923.699951
88959.060791
88994.469055
89029.852844
89065.311279
89100.749146
89136.210205
89171.590088
89206.948486
89242.395569
89277.784973
89313.221313
89348.596680
89384.032288
89419.388672
89454.834656
89490.188232
89525.639771
89560.978516
89596.327576
89631.742798
89667.072876
89702.497742
89737.857971
89773.306763
89808.656555
89844.031494
89879.433655
89914.885376
89950.245483
89985.603027
90020.937561
90056.361755
90091.790710
90127.158142
90162.593567
90197.920471
90233.307190
90268.682251
90304.087952
90339.512939
90374.883057
90410.310974
90445.683533
90480.991394
90516.398499
90551.749023
90587.139587
90622.496033
90657.911194
90693.262878
90728.690430
90764.095032
90799.553162
90835.057373
90870.489502
90905.997437
90941.423828
90976.958801
91012.421570
91047.921265
91083.362427
91118.822571
91154.312439
91189.797607
91225.308899
91260.780273
91296.365051
91331.889404
91367.444031
91402.988098
91438.487366
91474.062256
91509.541931
91545.086487
91580.579590
91616.121338
91651.573608
91687.074768
91722.576416
91758.015991
91793.522461
91829.000305
91864.542053
91900.009338
91935.582153
91971.128540
92006.578552
92042.148376
92077.615417
92113.125549
92148.615295
92184.157532
92219.636780
92255.216797
92290.690308
92326.235168
92361.725708
92397.212952
92432.732788
92468.177551
92503.710083
92539.198425
92574.721741
92610.179138
92645.663757
92681.123169
92716.582458
92752.106384
92787.565247
92823.115662
92858.550171
92894.078918
92929.514221
92965.023254
93000.478882
93036.039001
93071.482300
93106.970703
93142.480164
93177.943542
93213.420898
93248.876709
93284.391113
93319.804749
93355.224182
93390.767334
93426.256226
93461.744202
93497.225769
93532.756775
93568.209290
93603.672668
93639.119507
93674.682556
93710.118835
93745.638611
93781.044312
93816.553772
93851.948914
93887.378174
93922.850647
93958.306580
93993.810425
94029.239258
94064.742432
94100.110718
94135.717346
94171.166016
94206.677490
94242.083435
94277.505005
94312.987915
94348.407532
94383.942261
94419.414307
94454.940063
94490.370300
94525.863342
94561.276794
94596.689392
94632.187134
94667.667419
94703.099670
94738.523560
94774.059448
94809.501221
94845.022644
94880.471924
94915.909973
94951.399353
94986.862000
95022.281006
95057.741638
95093.245667
95128.651367
95164.092712
95199.499878
95234.916992
95270.307373
95305.789185
95341.230957
95376.672852
95412.037048
95447.481934
95482.861755
95518.359497
95553.730347
95589.203857
95624.704651
95660.127319
95695.634705
95731.057617
95766.533264
95801.936462
95837.424133
95872.796021
95908.258972
95943.704529
95979.085938
96014.595337
96049.946167
96085.380554
96120.698914
96156.142944
96191.547302
96227.015137
96262.393860
96297.824829
96333.171936
96368.630859
96404.033569
96439.516541
96474.888611
96510.303650
96545.801575
96581.246643
96616.705688
96652.085388
96687.544312
96722.927612
96758.410461
96793.851685
96829.318604
96864.728638
96900.167786
96935.571167
96970.924316
97006.370911
97041.775269
97077.284790
97112.671692
97148.119446
97183.488586
97218.940491
97254.311768
97289.797363
97325.164307
97360.660400
97396.035828
97431.405334
97466.859436
97502.230225
97537.663391
97573.046265
97608.479065
97643.857056
97679.270264
97714.694214
97750.119019
97785.469482
97820.958618
97856.408386
97891.898926
97927.307190
97962.756592
97998.162354
98033.557556
98069.035095
98104.441589
98139.895813
98175.280029
98210.768127
98246.162170
98281.643921
98317.039429
98352.503906
98387.891113
98423.322083
98458.677063
98494.054382
98529.532654
98564.909851
98600.369690
98635.705994
98671.182495
98706.564758
98741.968445
98777.358154
98812.827942
98848.184814
98883.556885
98918.996704
98954.331970
98989.781921
99025.170288
99060.644165
99096.072510
99131.541321
99166.913269
99202.350769
99237.865540
99273.278137
99308.791870
99344.242188
99379.717407
99415.112549
99450.581604
99485.965210
99521.404480
99556.815430
99592.245361
99627.738342
99663.182434
99698.641235
99734.050964
99769.555786
99804.943604
99840.439636
99875.866943
99911.283752
99946.728821
99982.165894
100017.622803
100053.056274
100088.582947
100124.011963
100159.435852
100194.914185
100230.358276
100265.841064
100301.273560
100336.745544
100372.177429
100407.648254
100443.035706
100478.516296
100513.915894
100549.351746
100584.751831
100620.163452
100655.637817
100691.068665
100726.542358
100761.954285
100797.362061
100832.702759
100868.129272
100903.485168
100938.854492
100974.291565
101009.630371
101045.068604
101080.446594
101115.870605
101151.233765
101186.637390
101222.048035
101257.485107
101292.990723
101328.401428
101363.844971
101399.228760
101434.687500
101470.065186
101505.542175
101540.927734
101576.307617
101611.731262
101647.078308
101682.558777
101717.911926
101753.360596
101788.738159
101824.100220
101859.558777
101894.968018
101930.405457
101965.799683
102001.255005
102036.722656
102072.284790
102107.655640
102143.109863
102178.567932
102213.972229
102249.438721
102284.877441
102320.363586
102355.782532
102391.278870
102426.667236
102462.121094
102497.579773
102532.997253
102568.453491
102603.901733
102639.345337
102674.735779
102710.201416
102745.580750
102780.975159
102816.480103
102851.882080
102887.310059
102922.721924
102958.238770
102993.640503
103029.109131
103064.485352
103099.934753
103135.344421
103170.781982
103206.186951
103241.573914
103277.020996
103312.433472
103347.881042
103383.274292
103418.752930
103454.165100
103489.629517
103525.065369
103560.559753
103595.961853
103631.421997
103666.822327
103702.292053
103737.704895
103773.111389
103808.59942